# Number of parameters = 1827 Objective function value = 29119.1283058379  Maximum gradient component = 0.00228577993288904
# lnR0:
 13.2980727371554 12.0764613199033
# selpar:
 1.12711611167870 -0.667258258176054 -3.37774604676361
 -0.206851352438740 -1.69605092469984 -0.107626810974077
 0.709466049004561 1.44436187853531 -1.85824178421937
 -0.928288311154657 -2.04771265246713 -0.954539173280279
 1.69656912339302 -0.516871888006532 -2.54064356884368
 1.40720381933411 -1.36486970502533 -0.920995177163969
 -0.207212290469108 -2.25563691879970 -0.254718193600249
 -0.570291684589707 -2.33041541117934 -1.28431924105710
 -0.824570384288434 -2.17845135717624 2.27831515595047
 -2.00071807088064 0.799309110167976 1.39427861271763
 0.294461591880202 -2.62473878360492 -1.46095470621108
 -0.381814483493772 -1.95096619766258 0.00219546089910683
 -0.253864904578093 -2.68571728596646 -0.739594331596121
 -0.203872903455144 -0.461269434738975
 0.606319733664559 -1.64295330851791 -2.02279875432614
 -0.326689069706244 -2.18744059388111 -0.645178670135690
 0.813858164417814 -0.849224940569469 -1.28976750401414
 0.550056992081664 -1.69982055570793 -1.49439046588550
# movest_p1_a1:
 1.08211337656087 -0.123861244475814 1.11636262246384 1.02314592058181 0.683474533902341
 -5.34406073992096 -1.25147415060009 -1.23567846908539 -3.38089009033948 -0.352828670296931
 1.49827988703771 -0.752517047492187 2.92615748373483 -3.02193608329078 1.14291987663709
 -5.59523011933334 -1.78603795248910 -4.91522050609464 -0.235672259396693 -1.32635581378423
# movest_p2_a1:
 -0.602384842425106 5.28740672077729 -0.328689886725729 -0.126259015278027 -0.196001450502344
 2.04394807989463 0.0107188228809072 -1.06654354858494 -0.107068859044583 6.13599733992672
 -2.87840710644836 0.371383956824106 -0.957703467736263 -4.20373805283585 -2.49997613953496
 0.107702563017751 2.21203370780714 0.737428385627666 -2.09533816926812 3.50697562811533
# movest_p1_a2:
 -2.29396594849370 -4.47109247108710 -0.299920848846147 -2.73834846656163 -2.24498158272761
 1.02036656002784 -5.03194528244879 -0.561486400751184 2.38470363417651 -0.565787809564188
 -0.0585230300949702 -4.00492830492881 1.60341329320068 -3.94885691819753 3.64533850106336
 -1.06009258355136 -4.08217549616055 1.53254744991465 -3.53632475731092 -0.0931858418078813
# movest_p2_a2:
 2.73680356865000 -1.28989972157980 -4.04105303644435 -4.82410275644563 -4.76670047948938
 -0.0357891930399790 -4.43334444078285 -3.38571627990310 -6.58606177534443 -5.84067259407816
 0.828184972513576 -3.59732808356911 -3.20839129235073 -5.18333918246076 -2.49607010674977
 5.94107800414601 0.369194677233143 0.105894666996271 1.11151263734048 -2.28445194681036
# movest_p1_a3:
 1.69884034825189 -0.797229539841184 1.45932334930344 0.138972637693469 1.64477961694395
 -4.90803576699470 -2.10664674494970 -0.817770409610808 -7.99999998326668 -4.53745805383509
 0.532571608061824 4.75983595433846 2.49321907227447 1.05047895523710 -3.41323280937693
 2.05261556246383 -0.0614539301356993 1.20776130491917 6.13315643930497 -4.89138993027867
# movest_p2_a3:
 -4.06091458592290 -3.86616445989486 -2.02819138909561 -3.80031435179377 -3.78143243928208
 -1.23079396607881 -2.50664261786090 -1.20928479963900 -2.21072420991345 -2.78384731219313
 2.06789311489941 4.97985975966054 -0.711043611109009 6.74129391283152 -1.01693499952574
 -1.88022471605374 0.548533670050423 -2.81668839814345 -1.98262663625137 -4.43834148183594
# lnqE:
 -4.74156168094579 -3.24938274831669 -2.68350829848401 -3.65937730747462 -1.70654340851718 -1.57504912055432 -2.62624488793400 -0.410811708905689 -4.42181403983233 -2.90130146286024 -3.49988671719737 -3.40909445539152 -2.99640177334621 -1.48325111893447 -1.84435575865492 -3.67482034873400 -4.31053788095707 -2.76521132295943
# Fmod:
 0.271143832509370 0.607244535168341 -9.02966895223654e-008 -2.22303523910438 2.92218846006061 0.0302019375544035 0.414420917126488 0.353326834091538 0.828565443996883 2.27453981681082e-008 -1.31932925986403 -1.01376559780654 0.226857630771521 0.460592696519839 0.233350423676421 -0.292042360642693 -2.52982124732725 -1.59510198181017 0.461121168401499 -0.365202369595968 0.384534172771735 0.234843101052970 0.225338656336665 1.69981616609779 -2.19742963962731 1.33734301919781 0.459550521550181 0.385288246445560
# visc:
 1.04795697756847 0.924168355211235 1.35980036248944 1.67554333719261
 0.461681428199817 -0.506806568317643 -0.113080193276524 -1.76798595366330
# lnRD1:
 -0.976910033842555 -0.874620167802974 -0.648656773543288 -0.522430981910290 -0.467414935459144 -0.363279339775374 -0.468957366343490 -0.353383897360630 -0.422534176414473 0.0383191914018392 0.189999515575386 0.198412940004381 0.400473324425891 0.420195104791898 0.456209890568297 0.700497681178790 0.661702800234500 0.762569749142021 0.692747091684603 1.06333013036681 0.474647243598725 0.368773775947445 0.115552924299867 0.148223436743493 0.0947984641178534 -0.305206994859516 -0.621175721058963 -0.761882875711105
# lnRD2:
 0.815393978341503 0.0620231641387764 0.123069599770798 0.419889403990687 -0.179401469650473 -0.218457452418964 -0.291555662197770 -0.229515584472130 -0.273756859186395 -0.235018292010336 -0.331548926523708 -0.0110254942289446 -0.136114547244566 -0.294450162156800 0.0855159939476144 -0.206930620601479 -0.358008207787949 0.0731928280631637 0.0900720840706341 0.226653835991699 0.218961775068994 0.342397927393340 0.105674706986661 0.0402519276162114 0.170750921752105 0.139454717783636 0.0714467627643662 -0.218966349200675
# lnRD3:
 0.00000000000000
# lnRD4:
 0.00000000000000
# FDY_1_1:
 -0.00492985531293366 -0.00492988667640725 -0.00492979647571323 -0.00492989460472215 -0.00492994366178811 -0.00492975973513731 -0.00492991921783103 0.555213613020748 0.468358734162930 0.418374096009077 0.310944705722746 0.267611614048824 0.237791067472773 0.201499660390838 0.179763921710911 0.125526859513634 0.0314561566147343 -0.0638073049650615 -0.102851683351777 -0.154971428327860 -0.199742000632172 -0.229466357762882 -0.249522129230484 -0.273957975067094 -0.294029335197316 -0.286081278257047 -0.298839738365959 -0.288809699440524 -0.278591453421149 -0.231753338681827 -0.200852725876106 -0.190418191890944 -0.185526278058261 -0.159155257702739 -0.100944480772201 -0.0736966914555804 -0.0551325195983067 -0.0514501529190122 -0.0841428582359646 -0.0824057131401773 -0.0593811454005945 -0.00986086393964724 0.0572407904828326 0.121047018559808 0.157649446504846 0.178982544262896 0.202462809192352 0.185170922582711 0.181173783378866 0.162609313256380 0.125052369835528 0.0761018872109046 0.0296017520361674 -0.00488066244344287 -0.0288527461518498
# FDY_1_2:
 -0.00642419197638538 0.803896674584163 -0.00642404297218974 0.729943200463320 0.686306165935329 0.644974700777975 -0.00642420538668759 0.522329403305610 0.460196786111431 0.402676008618711 0.305119951292154 0.266594815603015 0.247974501209895 0.223228330048002 0.178199130157334 0.106425016667313 0.0332429314238412 -0.100175037204018 -0.138489314642090 -0.192612320412224 -0.228561221376107 -0.268490076599397 -0.285273297061012 -0.308558122896229 -0.334101265819149 -0.331921720430647 -0.343773917740788 -0.337610674174441 -0.334008235833572 -0.295346493869558 -0.273024649467036 -0.265408257399240 -0.259266566256542 -0.240086247434347 -0.181080967790352 -0.160508321757994 -0.155063266312556 -0.142925281872768 -0.166231430980904 -0.157369503163243 -0.130427541607420 -0.0785092513258080 -0.0222049631684497 0.0426990183917320 0.0717754170102106 0.0878774434750809 0.102870066067766 0.0757791503700785 0.0611914725351386 0.0392467082355146 0.00195388050465756 -0.0379881321796013 -0.0751909986277232 -0.104176540707719 -0.126844714342072
# FDY_1_3:
 -0.00424271544617848 -0.00424267328296511 -0.00424270966892958 -0.00424277427419205 -0.00424268064256071 -0.00424272479395081 -0.00424270651296431 -0.00424264814650864 0.476541911198283 0.482570005749999 0.423605777046420 0.380788630367535 0.338227007344008 0.289318923040318 0.252281921577018 0.199401618871253 0.119702440552699 -0.00909937640903467 -0.0501411585060564 -0.105216161288586 -0.143607317554279 -0.188376583690872 -0.204996960444771 -0.226633164036926 -0.254469489785333 -0.253714334170747 -0.00424281147130944 -0.00424266456840804 -0.263581095846665 -0.242768240578244 -0.218896351059336 -0.00424289597024351 -0.190288322157215 -0.00424277154538376 -0.00424276595210681 -0.142510767354490 -0.128200927898310 -0.0885972033406991 -0.104346957754818 -0.0953581386071783 -0.0837324071650586 -0.0626057441230748 -0.0127850378337869 0.0468015038812090 0.0739923111750737 -0.00424258435455203 0.0983203776303404 -0.00424279429986650 0.0473197642487965 0.0308070571061679 0.0147416705654243 0.00486274209015204 -0.0231295021141361 -0.0485962360771667 -0.0739912637177930
# FDY_1_4:
 -0.00426976187074661 -0.00427013070513809 -0.00426981979771650 -0.00427003339927694 -0.00426975273511836 -0.00426990511533347 -0.00426976665295324 -0.00426997367271902 0.500156496788538 0.401060273085181 -0.00426973606395702 0.309952078839611 0.286927489213596 0.253812162416886 0.206225667689130 0.132304253472881 0.0839213215062113 -0.0386241247716866 -0.0723549356264035 -0.128512378922081 -0.162905049754633 -0.209062526298605 -0.226262673437797 -0.242193557811897 -0.264032149918474 -0.261392653899590 -0.264795241437509 -0.255991509414802 -0.240211163606447 -0.190842485927154 -0.00426982028745364 -0.167216600052469 -0.155860068070554 -0.134327446667854 -0.0628885139800797 -0.0376189063078909 -0.0417009063469072 -0.0356399648565400 -0.0621993853584646 -0.0694117648927104 -0.0427796801585323 0.00817471886225380 0.0462948591039407 0.106125839812195 0.145966161591948 0.160704604979324 0.175685860482872 0.164111015893860 0.157816162172732 0.140070878011078 0.0971813322879555 0.0511273634202613 0.0178479667914219 -0.00851346194649931 -0.0274306566558822
# FDY_2_1:
 0.546682339428807 0.465643576301458 0.417683665452629 0.373393249423422 0.340971015877530 0.300927927676655 0.251946802154501 0.217548416988079 0.174346662113115 0.146446263251015 0.140205560370371 0.108575221879690 0.0872305665342294 0.0564287499652895 0.0291014519862146 0.00622226567468168 0.0592444135809986 -0.0882908069624476 -0.123793636783465 -0.159772656081334 -0.183315929315059 -0.228175227450030 -0.242552866081972 -0.246113148351450 -0.273053576675885 -0.259706596760562 -0.259411983066437 -0.242703058778710 -0.231493747266664 -0.183418765474604 -0.177708164230970 -0.139177207559255 -0.124973070559084 -0.0946515857379636 -0.0266583941343200 -0.00509364029886668 -0.0213713354350114 -0.0371219332504287 -0.0461769167949349 -0.0988118316005567 -0.112431314578637 -0.117209544167183 -0.0961382398133165 -0.0723225804343775 -0.0435782221981043 -0.0571384329435059 -0.0690224294716798 -0.00298213309693004 0.0268644136346154 0.0767764050677206 0.0442338921802855 0.0783136940246597 0.0628667385517733 0.0467912929399514 0.00592439029605366
# FDY_2_2:
 0.497165855371814 0.388921914256144 0.368643278734393 0.292072806619659 0.221590177916978 0.175742897298093 0.186296376567371 0.208532177979728 0.222469890237665 -0.0160978923516786 0.285490098639082 0.242696636860776 0.224930513904671 0.201789857076674 0.174094535115545 0.146579243314565 0.140026397116068 0.0733040613769718 0.0442331796638800 -3.92220094824677e-005 -0.0333835866134318 -0.0845682026631746 -0.128866350981114 -0.148517875300875 -0.202861162179737 -0.367734643204078 -0.280511925110045 -0.229178022279877 -0.211954114576772 -0.151526356334043 -0.196095865990509 -0.167022324023987 -0.140880332334110 -0.0809886708692722 0.00758292130316596 -0.000613400042805071 -0.0619550674050564 -0.138688246683136 -0.192212756594434 -0.269396644669390 -0.311623106112016 -0.319403236992517 -0.315365014135776 -0.444569756797982 -0.264102362784118 -0.219001657409601 -0.169374885569206 -0.0599201181626925 0.102414745863953 0.153073849123667 0.164819338114181 0.175758111529956 0.178148768155852 0.171356427783051 0.158718740257016
# FDY_2_3:
 0.325183273276696 0.228194882040483 0.234432965691510 0.153734390182149 0.0988705058516017 0.0525094690795762 0.0773109786943293 0.0731367937034473 0.0553242977538022 -0.00336738962002905 0.0625039288453028 0.0387560155192221 0.0339579150504012 0.0246507995899017 0.0256612889013570 0.0356560045846552 0.0414683493324301 0.00764526557508069 -0.0256815800917791 -0.0627010309988836 -0.140314467732496 -0.199376708164901 -0.238002232767857 -0.234100829767686 -0.254903907273327 -0.268298109295350 -0.266663841629538 -0.188782711372482 -0.172118982625682 -0.0871420942529073 -0.100880678179870 -0.0730983861086388 -0.0499049792781530 0.0119926415610289 0.0941840324807805 0.110026649105649 0.0717152355645356 0.0152418371425784 -0.0283360634298036 -0.111325191350293 -0.135126393452607 -0.148530159318815 -0.260507441355359 -0.235354707498957 -0.0910125490483993 -0.0466793651291924 -0.000863328806027155 0.0818878208770921 0.175704771923213 0.226307944658580 0.234924822982450 0.220756884192407 0.209877802156724 0.208559738042849 0.192895824189199
# FDY_2_4:
 0.638274659657162 0.574012232895273 0.547691760894880 0.443237426910603 0.373710700050531 0.351599897394540 0.359800497430783 0.306197561668451 0.245144179294947 0.197170796454194 0.227049716172798 0.178451239535537 0.170998659662515 0.137804852747091 0.107041942477746 0.0796467789152125 0.0333298005524874 -0.0582409067123805 -0.0907743444295363 -0.131919683753531 -0.283167138954496 -0.249438456704913 -0.258978179136925 -0.259831619710138 -0.283106733476738 -0.300709274233778 -0.281666970171564 -0.257739613183882 -0.249550797481296 -0.195306434986028 -0.193743219013510 -0.159570673525102 -0.160693860721350 -0.111455289489611 -0.0717174585503290 -0.0254936060480918 -0.0511851987139222 -0.0603829915065434 -0.129028343681843 -0.156358455173457 -0.172607420404203 -0.174308768392510 -0.156495520910877 -0.0869311135878378 -0.109063101899676 -0.128961113918148 -0.0852282972176985 -0.0446761114714100 0.0182270094397186 0.0366263495240398 0.0262664782286500 0.0143510883340462 -0.0102717834089400 -0.0430911932503825 -0.0349399544205566
# FDY_3_1:
 0.00000000000000 0.00000000000000 0.00000000000000 0.00000000000000 0.00000000000000 0.00000000000000 0.00000000000000 0.00000000000000 0.00000000000000 0.00000000000000 0.00000000000000 0.00000000000000 0.00000000000000 0.00000000000000 0.00000000000000 0.00000000000000 0.00000000000000 0.00000000000000 0.00000000000000 0.00000000000000 0.00000000000000 0.00000000000000 0.00000000000000 0.00000000000000 0.00000000000000 0.00000000000000 0.00000000000000 0.00000000000000 0.00000000000000 0.00000000000000 0.00000000000000 0.00000000000000 0.00000000000000 0.00000000000000 0.00000000000000 0.00000000000000 0.00000000000000 0.00000000000000 0.00000000000000 0.00000000000000 0.00000000000000 0.00000000000000 0.00000000000000 0.00000000000000 0.00000000000000 0.00000000000000 0.00000000000000 0.00000000000000 0.00000000000000 0.00000000000000 0.00000000000000 0.00000000000000 0.00000000000000 0.00000000000000 0.00000000000000
# FDY_3_2:
 0.00000000000000 0.00000000000000 0.00000000000000 0.00000000000000 0.00000000000000 0.00000000000000 0.00000000000000 0.00000000000000 0.00000000000000 0.00000000000000 0.00000000000000 0.00000000000000 0.00000000000000 0.00000000000000 0.00000000000000 0.00000000000000 0.00000000000000 0.00000000000000 0.00000000000000 0.00000000000000 0.00000000000000 0.00000000000000 0.00000000000000 0.00000000000000 0.00000000000000 0.00000000000000 0.00000000000000 0.00000000000000 0.00000000000000 0.00000000000000 0.00000000000000 0.00000000000000 0.00000000000000 0.00000000000000 0.00000000000000 0.00000000000000 0.00000000000000 0.00000000000000 0.00000000000000 0.00000000000000 0.00000000000000 0.00000000000000 0.00000000000000 0.00000000000000 0.00000000000000 0.00000000000000 0.00000000000000 0.00000000000000 0.00000000000000 0.00000000000000 0.00000000000000 0.00000000000000 0.00000000000000 0.00000000000000 0.00000000000000
# FDY_3_3:
 0.481268555381499 0.396150992449818 0.357286064825647 0.287849918137765 0.240214729489635 0.201121943847520 0.175090298854540 0.115237521156855 0.0604629115684099 -0.0163029736884472 -0.0151931495321436 -0.0642772566990008 -0.0903186815092245 -0.0697511621310673 -0.0848291813194346 -0.180064069635745 -0.203708942524465 -0.188664515301373 -0.173977283559689 -0.176380816920290 -0.187648771048157 -0.211647222888108 -0.228196328854821 -0.240144941169122 -0.264655878485746 -0.198952157194807 -0.189593664294654 -0.170798659033361 -0.130297284527773 -0.0809865528726177 -0.0846921493682706 -0.0335281391334194 0.00199042229507774 0.0194976903690214 0.0958495273944116 0.101889842337071 0.125547707602547 0.0251527005339898 0.00320820252111665 -0.0629703694166079 -0.0920025913257985 -0.0942473520811409 0.0484028932294574 0.0600400586348120 0.0660586187286252 0.103044286624891 0.118492293456151 0.0602515870389708 0.113154200401030 0.116904377174671 0.0807446998332631 0.0447635999099183 0.0380680863863066 0.0291071759302768 -0.0330208115980137
# FDY_3_4:
 0.574190935915109 0.503943849199537 0.455340240032373 0.404370891056779 0.362396299325129 0.336497468007124 0.306446445645489 0.258140732072852 0.212889442411301 0.150455410857751 0.100888700973706 0.0800180904829289 0.0557905578200864 0.0275919984343712 -0.00257947702163867 -0.0616838852846963 -0.0835388879150655 -0.162895276178530 -0.195068070268095 -0.238906012313066 -0.270164911658318 -0.310288885659635 -0.328757332677028 -0.328679020510799 -0.338387157877978 -0.328378971594658 -0.308380826189791 -0.288743229093873 -0.250405379342368 -0.202683163664693 -0.164041930241497 -0.143683782817118 -0.128219133950027 -0.0956993556612750 -0.0190010377667621 0.0239410579762381 0.00956140543629343 -0.0309057570224841 -0.0309057841781174 -0.0650298234066484 -0.0577070346365171 -0.0148518080325900 0.0146080700753644 0.0473660994969925 0.0754148401922684 0.0968647510112589 0.0756745549700127 0.0767197904343918 0.100241170462876 0.0970618674320910 0.0634462183433001 0.0135817941047150 -0.00887256562088605 -0.0243906852003072 -0.0405934963858764
# FDY_4_1:
 -0.201382127939064 -0.269394228419053 -0.314525905488796 -0.386126348063208 -0.429087029028397 -0.461281540040494 -0.471473524003341 -0.461298315996379 -0.458470402012976 -0.420423532514707 -0.436200079725095 -0.433803261978425 -0.448621265081123 -0.422123829685537 -0.384091784423546 -0.328611758359049 -0.281628658753957 -0.235858793291271 -0.216326405798578 -0.199212759902594 -0.220998230659831 -0.204628566138663 -0.191243093307008 -0.158080992700877 -0.138473150314166 -0.0659186292481327 0.0196596396823211 0.0798821527609962 0.121274260578572 0.182783883752911 0.192151142418027 0.269697227935619 0.302714472221474 0.369327344565839 0.428125175375070 0.471091335266520 0.468583044120164 0.448580201190871 0.413306487064632 0.361275474489375 0.310517475340323 0.270573605031204 0.283468904082890 0.253786883400277 0.294381897429490 0.312835108946303 0.332898762115677 0.337232319695255 0.332764782775371 0.327245585609134 0.297719685133250 0.242108084911902 0.194257804721491 0.168669337121475 0.152372135137832
# FDY_4_2:
 -0.223793175862184 -0.274521145212542 -0.321212182473709 -0.400285440600832 -0.433986957255577 -0.469444660161732 -0.470934444908199 -0.464475164078517 -0.458916620354505 -0.433500869431894 -0.427141741793637 -0.419279504471295 -0.425234429390830 -0.399849046129283 -0.353847004964042 -0.298101821856535 -0.248455498988209 -0.192988864888824 -0.177332389328269 -0.165130939929031 -0.181281313111834 -0.173205406593969 -0.162986626975657 -0.134357870402027 -0.117619319197415 -0.0441410473573818 0.0509917102729638 0.108601008558512 0.136282264589337 0.204683644769740 0.214726113832290 0.292131209216676 0.324397262615749 0.381525771735557 0.439034566078128 0.475383009924906 0.480567286934221 0.465167856460608 0.437008152992631 0.377905686456894 0.316174479813279 0.282025400090865 0.283573857443494 0.254783055353669 0.239517994192443 0.213800499127021 0.292717445589867 0.250203091361580 0.250990554774889 0.220233886117512 0.231651747223449 0.194048496848574 0.169184401432609 0.145430976805204 0.139282055105259
# FDY_4_3:
 -0.248121912867653 -0.302880341612013 -0.343247654075264 -0.410296580699398 -0.446062670783344 -0.483702950393038 -0.494385484759283 -0.491561977985558 -0.488860054729609 -0.436407983624974 -0.428105321633046 -0.418960558447523 -0.427296980968755 -0.403493733408901 -0.364137727230358 -0.313011959926511 -0.255965422993410 -0.190800688281733 -0.179020993668352 -0.166606296522156 -0.205935443303437 -0.174099511793931 -0.170078153636095 -0.135288305727989 -0.125513548825234 -0.0288187107855433 0.0346213431231901 0.0954461022930276 0.125277909319080 0.201777982368027 0.226789804939888 0.313769235987267 0.333235809839675 0.392013460665320 0.472574380114238 0.509060124611366 0.517931899609405 0.480623626378647 0.446019295754116 0.388156197338906 0.327423456993716 0.301581953694226 0.320114738395062 0.247253239351817 0.258072697761455 0.266084673293701 0.252313331097011 0.231938840118282 0.244868801476862 0.261409739149539 0.224160580324942 0.184210430272817 0.169552551967559 0.155743934994758 0.150634827449206
# FDY_4_4:
 -0.235134986780740 -0.293403452925428 -0.332786287774960 -0.408825012904312 -0.444122459504170 -0.483008942138325 -0.494175070364587 -0.492219672348025 -0.471197614405895 -0.435275401460917 -0.428627078269772 -0.415688866408885 -0.425612385567300 -0.413179094339988 -0.363512344180311 -0.320561663080212 -0.255842882743124 -0.194943013255118 -0.189109817559062 -0.170745821017767 -0.170716169358051 -0.170462996252733 -0.166058616272734 -0.118308966648108 -0.106683511594680 -0.0228117079463315 0.0407776487805365 0.0923944531299610 0.126266854452805 0.201847727285857 0.226438436542559 0.311309363038260 0.336604205040844 0.392677575407421 0.472942251831757 0.519600686573013 0.520006483761670 0.484208132532141 0.442675035620067 0.387582637566865 0.323754612616823 0.298193969012587 0.314892899510302 0.235832193243059 0.264259139545397 0.266451942776130 0.233035838640172 0.211421445518162 0.240591419773306 0.233567954623662 0.205177200118692 0.181151469968288 0.173936368151988 0.146364632143998 0.139051257895214
# FDY_5_1:
 -0.0531305676969918 -0.0531306137389034 -0.0531306863196413 -0.0531307265436601 -0.0531307974396833 -0.0531307394747989 -0.0531306651016335 -0.0531307738913894 -0.181445050279281 -0.0531307235729377 -0.0531308180677621 -0.0531304445529066 -0.0531306668429268 -0.0531306585660809 -0.0531306865916166 -0.0531306443468187 -0.0206643673586331 -0.0531306296681063 -0.0531307843964502 -0.0531307061959241 -0.0531306116502044 -0.0328130104728917 -0.0525447985817740 -0.0604790363960015 -0.0649281005037990 -0.0500059716178105 -0.0100167837042047 0.124210374700904 0.0890377945968625 0.159434614441779 0.0938327261873921 -0.0531307333684950 -0.0531304583927017 -0.0531308566782387 0.373736427124838 0.411356645203014 0.515087905612122 0.240668347197475 -0.0531307103268251 -0.0531306782911523 0.0255046730584427 -0.0531306320791066 -0.0665048773022796 -0.0703175242099741 -0.0255216471530789 0.0165210390170929 -0.0531308574733023 -0.0531306304593649 -0.0531306768206006 -0.0531306551518520 -0.0531306482351875 -0.0531307368171586 -0.0531307452699357 -0.0531307897618188 0.339163374223983
# FDY_5_2:
 -0.159000830225615 -0.225756851985676 0.0184322248859403 -0.312308942685407 0.0184321176989787 0.0184321766843491 0.0184320719344106 0.0184320219041560 0.189230248881161 0.0184321865758208 0.493844679088933 0.382473480537144 0.0184320721525943 0.151899930455398 0.0999920348791652 0.0184321695697939 0.00463625327585011 -0.0257673925323361 0.0184321048595967 0.0184321647173217 0.0184322917309978 0.0184321426640408 0.0184320248533365 0.0184321170267769 0.0184320526534995 0.0184320476498265 0.0184321624387782 0.0184319578924925 -0.624030020079882 0.0184321197281041 0.0184320900434138 0.0184320535071989 0.0184318281356206 0.0184321519434145 -0.269617990990385 0.0184321259470183 -0.479742950506989 0.0184320618953006 0.0184320777834483 0.0184320817570289 0.0184321848074096 0.0184321625699266 0.0184321637460418 0.0184321027916953 0.0184321590620464 0.0184320545712712 0.0184320703661309 0.0184321607367761 0.0184321775617264 0.0184319899084308 0.0184319983182583 0.0184320743754855 0.0184322288507847 0.0184321354287200 0.0184319901606762
# FDY_5_3:
 0.266305875102456 0.0438518627686717 -0.811505514164161 -0.213885687644502 -0.116276646722806 -0.165044814575480 -0.134874218262561 -0.0971233113549292 -0.0192028954464591 -0.0453663807424940 0.0707509069485361 0.0848591290373797 0.0515605700774557 0.00503398320428161 -0.0822307232410147 -0.0224498600071366 -0.0261707839535914 -0.0774723765366181 0.0119262598532925 -0.0850542785760169 -0.00838385505548800 -0.184740527241834 -0.00838396529612062 -0.00838400190913458 -0.00838402386263049 -0.00838404480184796 -0.134486247226288 -0.128224504997083 -0.125198384850159 -0.0407092488372474 -0.0369796647021854 0.0611476740012602 0.0390564680670824 0.278332218746080 0.169564115028711 0.308144280674520 0.221065515980596 0.174256031266456 0.0325752125830716 -0.0456706151192625 -0.129755140793326 -0.147540009582454 -0.161684351331429 -0.134268862589415 -0.0817640923991263 -0.180039254831992 -0.106401368836567 0.0912331658695722 0.224257657599980 0.309448208692967 0.311315975685742 0.254293938766132 0.193814045582947 0.222479243752504 0.150767316201663
# FDY_5_4:
 -0.0243153165708627 -0.476473092827184 -0.510025615314438 -0.0243154567472346 -0.0243153677192159 -0.0243152891466931 -0.0243152362945598 -0.0243153771035518 -0.0243153360373099 -0.0243153035046879 -0.0243153052530876 -0.0243153937549476 -0.0243152779066762 -0.504636380985934 -0.0243153284118425 -0.384490184277400 -0.0243153427059133 -0.325994645003637 -0.0243152888050269 -0.277886439703527 -0.300064452465113 -0.295557489904158 -0.316334321752925 -0.254742897131991 -0.221774934171528 -0.118268119417737 -0.0576913974875046 -0.00897911601569337 0.00676525920015945 0.137560309089294 0.312121393442584 0.465700050377204 0.319681085767570 0.516641640544991 0.613427500030807 0.727635100827116 0.540712117554508 0.582079228296400 0.462125468044467 0.340204653714018 0.315350318818132 0.165341611509632 0.187845693198253 0.0785445000784024 0.0197921680500215 -0.151683523196153 -0.268312032539072 -0.267603681070925 -0.124281183126337 -0.126497055887036 -0.135328282882705 -0.118811666715495 -0.0735806798238328 -0.0691645483634853 -0.0629317385181365
# FDY_6_1:
 -0.000549212513140838 -0.000549173228798836 -0.000549112175294362 -0.000549043838320060 -0.000549173993494698 -0.000549136775689860 0.00565318766969363 0.125754766794708 -0.000549037741477918 0.570587193597196 -0.000549099226061565 0.460993828117711 -0.000549227217789004 -0.000549057967348674 -0.000549069793756083 0.264329571889463 0.239317898528075 -0.000548950839101068 -0.000549228969254643 0.179776451527210 -0.000549075430726085 -0.000549048556190599 -0.000549149179306661 -0.000549037587231525 -0.0725264724315347 -0.146873612216659 -0.230173843393332 -0.219568423730129 -0.227975947966458 -0.139579247986244 -0.165018471949904 -0.000549084539209830 -0.000549127980095385 -0.000549084943393183 -0.000549153098776743 0.0312322521993708 -0.0399826369199615 -0.000549117112691520 -0.000549042178003732 -0.280189851213104 -0.350393094644859 -0.393321701679863 -0.395061462595796 -0.413713918084734 -0.348962452255845 -0.000549086993574541 -0.270821908371503 -0.0802888779806202 0.153649952356670 0.215182495793909 0.261201466585297 0.277415717279902 0.337277499578866 0.321824495346227 0.343433678034977
# FDY_6_2:
 0.174371713245793 0.0103769779495651 0.108834524978845 0.0933672396793031 0.0535097136138430 0.253200749335395 0.304342018553416 0.459399326405100 0.518347051880165 0.720672103007143 0.600227298516058 0.624390683352002 0.460875396171629 0.435570282838922 0.384022935694430 0.283482263512480 0.285125738597507 0.322290621250077 0.278301739267613 0.207514778866769 0.174339507172479 -0.0511141936123358 -0.196208027920000 -0.0860124495835455 -0.219159831718662 -0.303068808496374 -0.325162843407102 -0.244670127702232 -0.356143460045631 -0.300272474138428 -0.306749198179403 -0.367356511009497 -0.402803227806683 -0.262380931630443 -0.229326007423906 -0.253110538857509 -0.330169216256000 -0.395228056665686 -0.440125935055993 -0.502474667916800 -0.557230948946102 -0.638883568746756 -0.645866528797623 -0.634415027810190 -0.441189999854376 -0.354885346700747 -0.228636444435940 -0.0231553082633124 0.213165595797561 0.275071440935580 0.286405463799113 0.283573920519476 0.363233411938625 0.425493866978701 0.496293317123688
# FDY_6_3:
 -0.130163764330722 -0.127920692361602 0.0890499580618905 0.0650149876439184 0.0892041345258239 0.152715154769880 0.148272976734591 0.293879666751718 0.564190395645797 0.800937893485919 0.678806897287591 0.483611551423050 0.239150501637477 0.382496762644793 0.355293470054139 0.267253377082014 0.273443663022705 0.168622993998797 0.231729644185462 0.155741134537735 0.104010339166325 -0.00976388467981508 -0.121060002598329 -0.156842640486944 -0.281405064569596 -0.381180552397934 -0.386895479557564 -0.333220573477893 -0.354795243856236 -0.235584395497808 -0.282946517823948 -0.280647643452971 -0.257288196954859 -0.151072421014907 -0.0966118221993274 -0.127666107240929 -0.208330334801900 -0.293135815151022 -0.330937079183641 -0.435871507920116 -0.505004510950812 -0.490602219614978 -0.500836031402985 -0.534590473385730 -0.469017479360340 -0.407529832970319 -0.222339089912260 0.0475654523877208 0.190835942661445 0.289041854762963 0.345413517269460 0.369841158266942 0.402666951760419 0.432764766736689 0.491704230650222
# FDY_6_4:
 0.0765538253148104 0.0566409058642816 -0.111669815932632 0.0259888896121550 0.0583189853859447 0.132332758194230 0.233327454243335 0.465407174137936 0.796182553703561 0.740462579051311 0.662999378382743 0.534074487508029 0.426049259532390 0.371064267345936 0.333190831327280 0.299269319840557 0.250473659051416 0.254581467165866 0.213078701518179 0.197262174643657 -0.0238668294557178 -0.0265370252514008 -0.130050854876939 -0.391389695691935 -0.714146814229868 -0.501026236991700 -0.390414596625181 -0.398221439076357 -0.349055114536191 -0.297094162863160 -0.397292611853084 -0.275174400353067 -0.166381968852767 -0.111740868526052 -0.0393724892087817 -0.154540765867825 -0.255671812083636 -0.315132904223451 -0.326554421823067 -0.404221796663002 -0.487178605397259 -0.527208581526466 -0.463298272417391 -0.561692426339416 -0.478645434154993 -0.390432182348557 -0.211759388645302 0.0532055875289763 0.185542116695445 0.342536476694559 0.376980161133642 0.399113190104872 0.420081044672439 0.468027403948206 0.527026863213442
# FDY_7_1:
 -0.410228657153788 -0.472460947962378 -0.501568086837079 -0.557037206007185 -0.586036829705441 -0.616166290891210 -0.626527484510628 -0.607524875365784 -0.586672699111275 -0.558404722415116 -0.551500255675064 -0.549507296215062 -0.532785375331200 -0.517387682749911 -0.499831978729226 -0.456030529400426 -0.403501160106819 -0.343160984189431 -0.287069479269806 -0.271839387059759 -0.245548675184695 -0.225741591033525 -0.230564138675049 -0.188694905859752 -0.161717944290826 -0.103182454157162 -0.00662721864044705 0.106318126223146 0.240303623968273 0.331795552079496 0.589202447863693 0.655893233869874 0.712860367812047 0.737683595086990 0.849055972295059 0.843980418543444 0.770214141586459 0.697419661629813 0.757395467671640 0.658172120016398 0.551165473246240 0.458504355737602 0.487711520865319 0.353631485569578 0.169389987055172 0.136198773500677 0.128594470907850 0.154560881030081 0.164401815046945 0.160680135923460 0.140818649782556 0.0914934670422616 0.0619771826392217 0.0443939192327587 0.0435020103019878
# FDY_7_2:
 -0.285443044261181 -0.340981037571777 -0.375454328309740 -0.435808592580833 -0.468732319400347 -0.503227980542816 -0.513088854407593 -0.497392971797494 -0.498603894221661 -0.452199777245233 -0.465046800513916 -0.473477145413724 -0.457937411242343 -0.463150847152735 -0.408912675295154 -0.396671469196451 -0.365825547216813 -0.272644827687406 -0.228528213725320 -0.201110496185058 -0.196504976512048 -0.203110071010682 -0.188086374931245 -0.160954606584349 -0.153379770803624 -0.0855832057670173 0.0208549252120039 0.0899129022960682 0.151857268882600 0.256916254491484 0.344048463875582 0.421415894243491 0.427621588168485 0.469727680002649 0.557337832388174 0.603580056777989 0.583143639581890 0.540259578453408 0.495421934544202 0.445262318015746 0.343095733201103 0.288184882142331 0.356662471995446 0.195089365629021 0.243086962500864 0.233287555322540 0.249465093049596 0.249589620651924 0.251510024015548 0.261016032934085 0.246300250756622 0.205747252933918 0.184433857901210 0.178959120276988 0.198068679331594
# FDY_7_3:
 -0.400286458991800 -0.452744563824477 -0.483407578916726 -0.546464802694825 -0.581849741847091 -0.615967818652647 -0.617930914512731 -0.604061193591173 -0.587871103587489 -0.535733541045215 -0.526544651723678 -0.509185532306864 -0.524820920144223 -0.509529739730688 -0.480282290920122 -0.423944125851072 -0.360340545119169 -0.283922000568354 -0.267319692526917 -0.237922963975822 -0.233138102494217 -0.231866527459043 -0.244280197906523 -0.177930047608239 -0.165472017511111 -0.0964529502309505 0.0279713922402478 0.127181727210066 0.192649487997111 0.388327463389243 0.463961417577378 0.581713695200162 0.569361127622828 0.660699350489636 0.771883969562988 0.793327558966673 0.775845939474084 0.757583807326802 0.751474538885087 0.670015458648864 0.556631398271608 0.506749410253833 0.598345496200123 0.185066040852674 0.150771431416769 0.107183114122030 0.123788224921467 0.133268623089252 0.142297052164889 0.157595021360101 0.142343435501922 0.104512786075226 0.0803041811549741 0.0752608945598535 0.103155979205273
# FDY_7_4:
 -0.443075828730351 -0.487805037699135 -0.513683028145494 -0.574239626378672 -0.604750496780755 -0.644351699995683 -0.641133868991633 -0.627762262425540 -0.607668997755336 -0.554613532826853 -0.546405762398575 -0.515009253649797 -0.537408462336589 -0.529702970395250 -0.502830137249260 -0.441341294701983 -0.377207247558541 -0.283670891128894 -0.269470651627589 -0.226820936586385 -0.216809925069436 -0.220993608507468 -0.222167561551954 -0.146507746810260 -0.146566867719332 -0.0627268094556318 0.0531665452900133 0.208696127570989 0.261924728146446 0.589366347357943 0.613063340712285 0.756109186338756 0.717269884788691 0.812354376531038 0.848525292640729 0.830517483273556 0.802267713215686 0.853753928375885 0.777870876700334 0.679186039182322 0.511066981263698 0.434617669979418 0.491975054495582 0.0984639251216947 0.0513601978130300 0.0217955519333365 0.0393816797926620 0.0657992565731319 0.0784744043977447 0.0964068060932945 0.0885347422217110 0.0476226620029749 0.0316657201065322 0.0283087888857791 0.0551791956711344
