# Number of parameters = 1827 Objective function value = 7777.74331158920  Maximum gradient component = 0.00312089386483632
# lnR0:
 12.4728957916426 13.7987883095622 11.7074024221165 11.1707097659663
# selpar:
 1.23264886628104 1.94964011265598 -3.99514182440923
 2.13881577048002 3.05204288514606 -3.88521185619164
 0.110354674321190 -0.522679304518534 -1.66466153264606
 0.497415455867392 -0.225737650971819 -0.0758957030081255
 2.21109246094219 1.64674987850222 -3.89481515732412
 -0.225678445497396 -1.50035085410700 -0.400375846971512
 -1.69625492310061 0.543297026609868 1.13378878929772
 -2.78173925068998 0.535837680163370 0.0199408702799877
 2.12543753578102 1.50955069855913 0.376897405157611
 0.194615145052327 -1.92484619930941 -0.950938654822224
 -1.63656297484082 -1.57194675205607 1.70543739533173
 0.601702089372775 0.355084615951123 -0.746605477909370
 0.159587325074924 -0.216920860012396 -0.371343105503852
 -2.90849217054877 -1.26938508197683
 1.31507502026179 -1.95855665244871 -4.23325488041979
 -1.96000532796645 -3.12239694219764 1.19873934708873
 2.15808952639598 2.93818847751568 -3.91013259102633
 -1.95249659564784 -1.75869841189333 1.81269960945088
# movest_p1_a1:
 4.00192429603795 -0.0816817207101623 1.43106447637851 -3.93029601831718 1.85095344366226
 -4.89299945997133 -1.09343170409172 1.75724193968260 -3.61806119563935 0.490408736885184
 1.09132552954665 0.0949527817940901 1.25920422975969 -0.153776221754830 4.83001248742457
 -5.31022665018849 -2.09029760080102 -2.12146783953321 -1.21160772681501 -0.720215856863159
# movest_p2_a1:
 -2.24245448624588 -0.112274049498694 -1.61836428328028 5.14398665822317 -0.00406724842385753
 -2.74518308202870 -1.60490534411715 -7.18593352943420 -2.31080338295147 -0.666235842450086
 -2.29769397634871 -4.97510015898512 2.84729841785754 -2.04729795783718 2.01475399672287
 -0.0340820110714786 -2.05296866867224 1.31536941917197 -0.853060611831349 3.86757244457191
# movest_p1_a2:
 -5.59557267733640 -5.57783391476524 -0.801832483342523 -0.408441468554902 -2.75224914640478
 1.56780185026461 -4.95094705664070 -2.28936594643962 2.42779022480874 0.683542240186858
 0.143544884603301 -5.71417698091163 -0.206480067972618 -5.33186283532510 0.740885711614469
 -0.862836363532734 -2.21303580784322 0.706301311558992 -1.97139474872502 -0.454283471887881
# movest_p2_a2:
 -0.607439422466720 -3.98360240111339 1.65421962905094 -0.709190175113498 -3.38832457073345
 1.81861014433299 -4.43818963346050 2.49031786393733 -4.04542463642007 -3.45139101130485
 4.04405863251190 1.08101295020432 1.97550458607525 3.44741691492914 3.84588296081045
 4.55324583539078 0.885267790794057 4.06882845610940 2.19489627112358 -0.330719197777291
# movest_p1_a3:
 4.83612482349149 -0.318329556055601 2.13450884230309 -0.803136195005595 2.64676067663794
 -4.75630522606758 -2.82091775886199 1.19375861300592 -5.92557998012478 -4.67154294706008
 -0.811925517035051 4.24680120663769 3.11512923378213 7.99999997403114 -0.588775223126364
 2.10175971297279 -0.811870124317785 1.98669052290559 5.41545879953936 -2.80713162009638
# movest_p2_a3:
 -2.07416985970532 -3.45757550414814 -6.06595038634035 -4.51298901281293 -3.36076539010838
 -3.25003105721874 -2.71649160052836 -7.63261068476959 -1.77724455570440 -2.64929823431664
 -0.782883745564061 1.07609140944325 -1.09507436024164 -1.50867657088808 -4.70882273578234
 -0.607937079453694 0.414988019394729 -2.67844656516855 0.374612888739556 -3.86605641857449
# lnqE:
 -4.20785284134134 -2.63993196660153 -1.74515507318913 -3.00606522346779 -1.12477016737189 -0.851580523138372 -2.12128021280277 -0.207346234018512 -3.80268688641147 -2.00118468857587 -3.50740946813249 -2.83739191385818 -2.55557282712754 -0.936474218461498 -0.115889606757186 -3.21014767596960 -3.72895445327799 -2.45159377513408
# Fmod:
 1.73159402500855 1.59405648609152 -9.30643196093785e-007 -1.75178944469186 0.0884986936437999 -0.709284215380137 0.615916653677713 1.45928072154399 1.02404231671202 4.36571989353191e-008 -0.696819328928718 -1.36563445650370 -1.08806230374498 0.682553906362113 1.18529522507933 -0.169311738947328 -1.34662512306718 -0.862537159968276 -2.61650325777149 -1.06603682403272 0.521378538618249 1.61987733837170 0.580239544545052 2.38237478849118 -1.48805047985631 -0.748053809490596 -0.231261482488001 0.654862273712073
# visc:
 0.967231392399215 0.733671671575735 1.12399999495613 1.61935525609603
 1.01522119318263 -0.317083274710132 0.432602461717750 -2.99999984244683
# lnRD1:
 -0.599963934320567 -0.216050655390575 -0.0857137358834538 -0.205805050124798 0.0413976644882369 0.0212932598532293 -0.0616782961232246 0.155453715008426 0.261444527502565 0.0350708128775231 0.991619864440918 -0.337068172328280
# lnRD2:
 0.271296429734244 -0.295181019286229 -0.104210711558556 0.243700421216436 -0.110741310850658 0.0810637432550822 0.0165523941855658 0.104533699851729 0.471880724264244 -0.0982825480175285 -0.342270384998597 -0.256955751844428 0.100416094093803 -0.120567170431678 0.143540900830120 -0.104775510443548
# lnRD3:
 0.280953243862949 0.0321878320263148 -0.352138989153923 0.514388288615120 -0.475390375350460
# lnRD4:
 -0.226199838584696 -0.368741082088954 -0.481626688190978 -0.475990829878364 -0.305809358943767 -0.923122334399669 -0.108535349104791 -0.598557386265642 0.294687951439542 0.154388245752075 -0.379400161547280 0.0368192398391711 0.319395756703093 0.422992758093528 0.0286405561509204 0.354098396076475 0.728211123297459 0.241715214098106 0.0970149064698931 0.277668536217346 0.693603304303024 0.197919019630863 0.0208280209326472
# FDY_1_1:
 -0.0314835481140574 -0.0314835445443972 -0.0314835794231869 -0.0314835427386568 -0.0314835425319439 -0.0314835535452808 -0.0314835554927124 -0.719536773647440 -0.736033187415457 -0.749920227951236 -0.804881633912429 -0.792560588229017 -0.727165675699804 -0.643306116787941 -0.497387214582549 -0.318623767305160 -0.287276370205169 -0.212953814869671 -0.225545191986088 -0.215418409857475 -0.214647754799094 -0.148039430816672 -0.124810017885860 -0.0887748184527628 -0.00959318168108543 0.126259659599073 0.150179188252736 0.214831673095409 0.251625405372305 0.359846094573880 0.430957332426897 0.470465620083207 0.479182772895043 0.500864805515781 0.556950801295541 0.518623851180538 0.455015853198535 0.401274768756203 0.339620356079422 0.337782761548719 0.371285913232535 0.361472234720443 0.435732102872267 0.460533885656564 0.470861083342382 0.414870651158111 0.347889894825638 0.303170713984588 0.249840704793523 0.157263500167742 0.0259210555518848 -0.168876372683630 -0.335109963758339 -0.435565625051868 -0.515911680209984
# FDY_1_2:
 -0.0265323974143001 -0.405460481655743 -0.0265324073324855 -0.442429863059985 -0.484913351392734 -0.518997054404339 -0.0265324044014354 -0.490185534655976 -0.505649462517098 -0.534393599578004 -0.559313653677955 -0.532527475003074 -0.441632953826818 -0.346074308116755 -0.219701311718673 -0.100738278754291 -0.0182110358177496 -0.0643519383498336 -0.0718404063772473 -0.0709250211838190 -0.0333948479798227 -0.0187720911320488 0.0110373282158225 0.0732132779956514 0.118421888318775 0.203656652785255 0.227256721822637 0.281291696932384 0.260878699356476 0.286448948095493 0.266874312759042 0.349754906038956 0.387818376379961 0.431226184779186 0.533605353960123 0.436245736578511 0.307360800083232 0.262063821198367 0.219341334847135 0.236873924979755 0.254800390125593 0.277439587849035 0.331583739017996 0.344956814270635 0.323169365219203 0.257857822973680 0.187814669462621 0.197847456986655 0.216028768079235 0.130469331173930 0.00779890630095361 -0.180531624262436 -0.348186212132267 -0.436940577757277 -0.518368524084130
# FDY_1_3:
 -0.0215508403343691 -0.0215508362110523 -0.0215508300404176 -0.0215508374460688 -0.0215508359831164 -0.0215508370694438 -0.0215508399479315 -0.0215508371249932 -0.361838881388802 -0.425783296123403 -0.343972936715540 -0.294100509863615 -0.226230717187090 -0.145292364645539 -0.0279661837106685 0.0489580412675187 0.128671908547991 0.0582679578269764 0.0389452579950588 0.0279957228249202 0.0516794911352717 0.0845119409288181 0.119696210869979 0.170273587004091 0.158445911455197 0.170641851095488 -0.0215508263927692 -0.0215508473405487 0.153005837091933 0.0828430405829380 0.122993170847734 -0.0215508378709725 0.302169575036019 -0.0215508391584821 -0.0215508348658980 0.284498210187455 0.162686693880544 0.0985242822653239 0.0765936183750912 0.0781852960957027 0.126909930516886 0.183892278792817 0.173016767502106 0.152243025962610 0.137401828124614 -0.0215508511782939 0.0833188313922074 -0.0215508430068029 0.187066804449933 0.130797583378910 -0.00303955513451937 -0.191071749908856 -0.342066275173873 -0.441244236470390 -0.468365375140677
# FDY_1_4:
 -0.0294523537575199 -0.0294523340153893 -0.0294523474435101 -0.0294523407129030 -0.0294523419578475 -0.0294523467555627 -0.0294523354320259 -0.0294523413861155 -0.658754924198088 -0.692538261804333 -0.0294523224758511 -0.652871694240522 -0.560067136773810 -0.464566754679351 -0.348474459175166 -0.259200150194483 -0.0974435292832091 -0.184156502932270 -0.164644373285570 -0.166663843873324 -0.120827854704970 -0.0770579836409798 -0.0484358052237216 -0.00867845187048802 0.0532580964578016 0.147972644936365 0.172949473834241 0.250951008980894 0.275928547624192 0.380790518816680 -0.0294523224970803 0.398202547572830 0.396273567007311 0.461442493366892 0.610020403388834 0.393275381079700 0.336189086010738 0.343940865955792 0.279647098955717 0.290268419913203 0.258320108038191 0.320404185151411 0.303418225905253 0.290355034690309 0.282135986456171 0.204945949840520 0.172951471605750 0.161274214307979 0.0839327832721158 -0.00987759299780913 -0.173886049297255 -0.331248966778092 -0.448759135193977 -0.506313838673729 -0.599857417913934
# FDY_2_1:
 -0.146346028502052 -0.229976441139204 -0.239859588827299 -0.258409795937863 -0.291741984238611 -0.317106097507105 -0.320865977064301 -0.311922006141388 -0.330892148024997 -0.324459166960292 -0.352969216672953 -0.318444126428613 -0.246546932287620 -0.198829271081679 -0.128536843631647 -0.0367612425228628 0.132594645212646 0.0378044700365662 0.0345871426475097 0.0598935011112311 0.126143878420736 0.0766523500544875 0.118494715366211 0.123849844065615 0.102829560475227 0.156137960226958 0.162077759953128 0.156572609885446 0.240520997400811 0.243092962274622 0.175514569880218 0.290445646665278 0.104388001838266 0.102707324419998 0.271830723514442 0.339886652425743 0.270994550602531 0.268529558616124 0.200509848914423 0.221063372393510 0.240106107065243 0.206868854461751 0.200488284349472 0.236690986548790 0.286534922746979 0.293455112756911 0.200583804028813 0.122798563286056 -0.00554707750671418 -0.115848641835343 -0.152007718513477 -0.243956229893198 -0.336788600898704 -0.407205419381090 -0.489628726648730
# FDY_2_2:
 0.487795301791633 0.336703578215140 0.342927858056222 0.278777167446535 0.222315163682180 0.197905837128260 0.243301088422078 0.272008487392729 0.259354936831153 0.0304651480124103 0.279297419469410 0.335143265524242 0.402144292570985 0.411880540799868 0.441781797419593 0.443590538435853 0.482367804996516 0.407298248923479 0.397635489245199 0.355413144274300 0.357758764933534 0.267641791956979 0.215891928779496 0.251011293537507 0.245996738669235 -0.0712288262388295 -0.152016050151914 0.0766927819555101 -0.253398054217963 -0.393859093901064 -0.463999330476699 -0.431554578044902 -0.321132982551509 -0.174020904240029 -0.122380155968115 -0.182377857551799 -0.204631378969600 -0.228337545904981 -0.301333114822289 -0.360020061728640 -0.390606722950790 -0.359390173049591 -0.383218039070802 -0.438910603173286 -0.337411496172126 -0.412544016754409 -0.345015026254202 -0.225109062609993 -0.0846836292427447 0.00799859036707536 -0.0722278191537425 -0.147407910388464 -0.296746628512556 -0.422833426608717 -0.474704510127368
# FDY_2_3:
 0.128094093919747 0.0124141556019662 0.110837999790916 0.0154634542122208 -0.000417092766587308 -0.0111294111565673 0.0809892967348503 0.119059630125869 0.127493138322671 -0.0163838738155236 0.164470716930223 0.184434757059690 0.289068604554848 0.334171198725042 0.387285129267616 0.426537005820096 0.516790493843946 0.478473303584748 0.477195897756186 0.428487425654771 0.387392236012902 0.307964224850501 0.264085457004519 0.356563580521791 0.359343772959236 0.0942075303606537 -0.0536396287250621 0.0876525698762040 -0.253368835232047 -0.292521952783768 -0.448669524867522 -0.331631508290556 -0.125529078265634 -0.0563422617334112 -0.0385406437637416 -0.0426399724418308 -0.0797144754058680 -0.119473123243436 -0.141013399456090 -0.348761822195944 -0.318105616217231 -0.324562537122751 -0.532735986665425 -0.468740893617633 -0.333336970380245 -0.368947040940906 -0.319108174847615 -0.145035661072504 0.0416598372817619 0.0780280269416350 0.0132278752393683 -0.0998062671365924 -0.251940525648392 -0.332077455560131 -0.417217679600964
# FDY_2_4:
 0.337259212705812 0.305774192558723 0.345823774386558 0.242588780232533 0.216958366913039 0.238405203526302 0.296947804879770 0.296616144923078 0.235936579436119 0.122589124187132 0.266971689724543 0.280624482379056 0.350749543269141 0.372777608774564 0.415512332266189 0.421968192587556 0.467844858663957 0.397031369883772 0.399283655336624 0.352037484335032 0.321751325634059 0.251632562721346 0.242444259954502 0.333024110550469 0.335686887849064 0.0600856544619177 0.0394151616371447 0.0169258137285146 -0.284549820170376 -0.432148165907530 -0.517272088880435 -0.350935321520937 -0.222080367720194 -0.166605587339639 -0.201692191001821 -0.219616133639119 -0.195266155616501 -0.147975538090688 -0.230745217437529 -0.337080240039055 -0.353823175310553 -0.300597015022041 -0.249823998629360 -0.209122062126297 -0.361914608421220 -0.443755428414820 -0.376297685441265 -0.212342780207437 -0.0813021048272427 -0.0717034008538435 -0.167352880379038 -0.272254107263170 -0.429060050368451 -0.544609757624978 -0.584740295252973
# FDY_3_1:
 0.00000000000000 0.00000000000000 0.00000000000000 0.00000000000000 0.00000000000000 0.00000000000000 0.00000000000000 0.00000000000000 0.00000000000000 0.00000000000000 0.00000000000000 0.00000000000000 0.00000000000000 0.00000000000000 0.00000000000000 0.00000000000000 0.00000000000000 0.00000000000000 0.00000000000000 0.00000000000000 0.00000000000000 0.00000000000000 0.00000000000000 0.00000000000000 0.00000000000000 0.00000000000000 0.00000000000000 0.00000000000000 0.00000000000000 0.00000000000000 0.00000000000000 0.00000000000000 0.00000000000000 0.00000000000000 0.00000000000000 0.00000000000000 0.00000000000000 0.00000000000000 0.00000000000000 0.00000000000000 0.00000000000000 0.00000000000000 0.00000000000000 0.00000000000000 0.00000000000000 0.00000000000000 0.00000000000000 0.00000000000000 0.00000000000000 0.00000000000000 0.00000000000000 0.00000000000000 0.00000000000000 0.00000000000000 0.00000000000000
# FDY_3_2:
 0.00000000000000 0.00000000000000 0.00000000000000 0.00000000000000 0.00000000000000 0.00000000000000 0.00000000000000 0.00000000000000 0.00000000000000 0.00000000000000 0.00000000000000 0.00000000000000 0.00000000000000 0.00000000000000 0.00000000000000 0.00000000000000 0.00000000000000 0.00000000000000 0.00000000000000 0.00000000000000 0.00000000000000 0.00000000000000 0.00000000000000 0.00000000000000 0.00000000000000 0.00000000000000 0.00000000000000 0.00000000000000 0.00000000000000 0.00000000000000 0.00000000000000 0.00000000000000 0.00000000000000 0.00000000000000 0.00000000000000 0.00000000000000 0.00000000000000 0.00000000000000 0.00000000000000 0.00000000000000 0.00000000000000 0.00000000000000 0.00000000000000 0.00000000000000 0.00000000000000 0.00000000000000 0.00000000000000 0.00000000000000 0.00000000000000 0.00000000000000 0.00000000000000 0.00000000000000 0.00000000000000 0.00000000000000 0.00000000000000
# FDY_3_3:
 -0.600873235962135 -0.673972368899412 -0.686497269626175 -0.725689071524480 -0.762408105187940 -0.781568623822943 -0.750150015746853 -0.739524884024647 -0.753004776200071 -0.792863787064047 -0.758506378424710 -0.750921194427089 -0.660505781869637 -0.508394575263905 -0.380544381999876 -0.320638861588035 -0.163671803541097 -0.118397832945753 -0.0850542569080854 -0.0508145946565710 9.38235791641388e-006 0.0210234325963193 0.0429991946534037 0.0919657454858794 0.127207369491314 0.260110677162070 0.331081687124857 0.423354029831677 0.472167471001352 0.569856769164322 0.616252222237160 0.640341105968663 0.607040143078706 0.643632752334038 0.719339908428321 0.703465586357424 0.646256435739934 0.556726011941412 0.572427287834943 0.580238048721574 0.469839929383028 0.491009005371983 0.577922516087410 0.503261681185634 0.450080106570018 0.360094380347954 0.360946454537481 0.246889598907581 0.177225793294600 0.100008072198962 -0.0434433247281091 -0.173892288163816 -0.273782766336922 -0.348142163438409 -0.459510457045217
# FDY_3_4:
 -0.339291051801196 -0.386743882091182 -0.405444133572891 -0.440367115842968 -0.467726906580445 -0.444996735660837 -0.413265854889713 -0.421155034791336 -0.434462442255789 -0.449021022851977 -0.451876389039346 -0.398144082664453 -0.320788710667767 -0.225827624320027 -0.104145809412836 -0.0578127172935808 0.117166485953316 0.0860398834568916 0.0715837446368481 0.0491842074360504 0.0717274192594854 0.0566970168059932 0.0822118024183855 0.166759135800604 0.209472787326594 0.185980943721612 0.273577448488953 0.214298422188885 0.277659617638659 0.202496330453880 0.282216568135049 0.273493487967558 0.360268306026340 0.326517610047374 0.377494603960443 0.421236994247094 0.371392113593278 -0.0433159313673666 -0.0433159212304202 0.256065283423450 0.230715597371925 0.320252100688384 0.323609625714908 0.399279884539852 0.285684714667467 0.285416844764143 0.143477481962011 0.167372901476168 0.148882946659412 0.102151798829376 -0.0304621723345320 -0.185472983448453 -0.288976886119143 -0.354052811175714 -0.433717890248417
# FDY_4_1:
 -0.280045162802217 -0.337652729175762 -0.366297776256806 -0.408836442215233 -0.431514940632663 -0.458875453624884 -0.452092375218535 -0.449473456139293 -0.429732014218231 -0.398819389934103 -0.390238409400551 -0.360050360518854 -0.351398541818183 -0.303332573445632 -0.248075285742830 -0.185138363572645 -0.125208390878076 -0.0679927920046309 -0.0330629333665698 0.00261945449215533 0.0139365381474745 0.0302645522458482 0.0447253623241225 0.0760614051959207 0.0891156680946114 0.113540210688864 0.155949217474028 0.204297475152444 0.224489156467635 0.266240080219195 0.240372700149093 0.309021060494342 0.317829917152276 0.337726707656372 0.361999593312779 0.417924081929215 0.439372125364658 0.438853711183383 0.413363891600524 0.372445391654597 0.332676296901864 0.321121414192641 0.352362271801702 0.363953937092495 0.374878713112694 0.347176509428006 0.292778910232481 0.230686836730367 0.129133660377069 0.00346985974228902 -0.115700925577834 -0.222790219286812 -0.320729650174512 -0.403143922498442 -0.478184602107846
# FDY_4_2:
 -0.400585489609144 -0.453088623897186 -0.479737105948196 -0.530517906771189 -0.551488305009385 -0.574242675936858 -0.576298036965634 -0.566759010531867 -0.552317667800929 -0.523133539982059 -0.488484520683300 -0.456794339414167 -0.438497083749315 -0.385517977704383 -0.327539664517906 -0.255317845532839 -0.185322765036279 -0.116247291994593 -0.0813293391456621 -0.0427837860220618 -0.0316231011905012 -0.00562840509051210 0.0135191101595610 0.0437784445543902 0.0295975193118297 0.0801502632827579 0.162495912867351 0.218409516653616 0.342044465264089 0.440752419612335 0.400852115513220 0.543800926302907 0.467377753905332 0.392520050219144 0.460263126188143 0.556435577105987 0.580486434170068 0.581497849674926 0.524277365848351 0.479469100020456 0.468260387253566 0.463485646621636 0.486148291060997 0.496618419248926 0.527167897640965 0.510846353899377 0.375912006708871 0.259983865920133 0.0781202907960709 -0.104381808463721 -0.208174843482088 -0.298628453505260 -0.379469327450091 -0.447291471762378 -0.523070722607503
# FDY_4_3:
 -0.431350713682309 -0.477188339753596 -0.499877696661573 -0.554377425991916 -0.578293428394659 -0.606796765652443 -0.613361388965692 -0.601321275848002 -0.583192170655737 -0.537203412823874 -0.496011444454391 -0.465261076539466 -0.445762394571711 -0.399532725095815 -0.346063838572571 -0.263505923535700 -0.194535097008829 -0.109730168195566 -0.0683910088759524 -0.0299470595907411 -0.0196280735326048 0.00245952948126157 0.0257824036178996 0.0871053906410114 0.0825174301510777 0.147593996693752 0.248321078357882 0.310974578817372 0.350290608436614 0.409372429062207 0.412397540519980 0.547088393976620 0.481303674883675 0.431682876493460 0.529278270246568 0.616103473987285 0.661955693251783 0.631884988085044 0.596722623157636 0.559398394739856 0.560129384012470 0.588695006936801 0.649711308209190 0.530169247440521 0.450982552026009 0.353243838762518 0.236316427405470 0.124569001016656 -0.0247351716401728 -0.159385019493415 -0.249450000825855 -0.347886785252196 -0.434610791746045 -0.507226486521025 -0.581424456528762
# FDY_4_4:
 -0.425788879038531 -0.468785279476942 -0.489942040826048 -0.547662698894851 -0.564523619323050 -0.596015378636896 -0.599621297280546 -0.588004996009706 -0.566710846658936 -0.516886686396344 -0.476952046635745 -0.447276650561367 -0.426477578028512 -0.379360795577227 -0.323101060571015 -0.255903824036818 -0.183863068522243 -0.0965520620027016 -0.0568957828154959 -0.0178434797083869 -0.00689908756371075 0.0155307203989547 0.0344764898434153 0.103087546954764 0.0914186340900986 0.155247453580763 0.251638099065849 0.310179932106064 0.340667324182766 0.396642204646498 0.398450705820128 0.527583201758457 0.473051979445598 0.428473239499508 0.519557755621269 0.616394119252782 0.648521754022408 0.622848552588801 0.586853028582853 0.549632115482573 0.545742121233848 0.562765603905263 0.623025515581950 0.496687262161304 0.420415931889799 0.325219463266187 0.210025696861677 0.104667325270156 -0.0357911443139152 -0.164918474874055 -0.248591800973919 -0.348244303119255 -0.434643864199528 -0.508306844939995 -0.583240186127996
# FDY_5_1:
 -0.00160907969123834 -0.00160908183089212 -0.00160908126057056 -0.00160908314955019 -0.00160908393153889 -0.00160908935398982 -0.00160908959360615 -0.00160909005932606 0.0607821193948558 -0.00160908542044744 -0.00160908978212824 -0.00160908463835572 -0.00160911260773986 -0.00160908523066237 -0.00160908869861895 -0.00160909384970740 0.281983469760814 -0.00160909796170881 -0.00160908107032629 -0.00160909096858539 -0.00160908798454660 0.238839015954797 0.211508457054590 0.223042777638481 0.266365596075791 0.193973894132843 0.111656496576885 0.229297263958093 -0.0277307446171649 -0.205868572916111 -0.262482741196719 -0.00160908559358361 -0.00160908463617080 -0.00160908918789247 0.00290146313286090 0.00106868864306033 0.0123169285036665 -0.00164477626836010 -0.00160909106194982 -0.00160907816739684 -0.127867737083579 -0.00160909110406724 -0.159060069973942 -0.150897524989288 -0.170312008015275 -0.258912042614317 -0.00160907863841118 -0.00160908116150846 -0.00160907331547175 -0.00160910172947091 -0.00160908837805049 -0.00160907140547693 -0.00160909608780422 -0.00160907385172457 -0.415860091749464
# FDY_5_2:
 0.132867655235978 0.0693529930659829 0.0248296998618101 0.0413110682784360 0.0248297158276326 0.0248296941100901 0.0248296991163647 0.0248296871104724 0.301896979054322 0.0248296870086907 0.294586838100726 0.277771379421756 0.0248296900631292 0.182397713384171 0.151071487869974 0.0248296888040625 0.0634017965043399 0.0618072875094965 0.0248296956259451 0.0248296898817915 0.0248296866429646 0.0248296942770224 0.0248296917540050 0.0248296905656276 0.0248297018989131 0.0248296908136914 0.0248296918509790 0.0248296918534286 -0.942299567368985 0.0248297002969589 0.0248296910204585 0.0248297003331380 0.0248297003892940 0.0248297166790422 -0.835169523016821 0.0248296988752180 -0.841843251452501 0.0248297028534597 0.0248296877557091 0.0248296907139224 0.0248296998977183 0.0248296886368869 0.0248297027248053 0.0248296931460000 0.0248296953888726 0.0248296898899805 0.0248296861945464 0.0248296908104576 0.0248296793271855 0.0248296907185764 0.0248296891842802 0.0248296885100710 0.0248296879322985 0.0248296909436213 0.0248296941240035
# FDY_5_3:
 -0.203164036101727 -0.202578455167879 -0.311839302103144 -0.253945618481195 -0.283322458452802 -0.291441173080617 -0.313290850447907 -0.296260205805260 -0.283254961398282 -0.204790276646448 -0.214053156092109 -0.143151196987019 -0.162736324187596 -0.0945391360320112 -0.0459517859759582 0.0115566999422660 0.0187446411775673 0.0588986281518946 0.0936409315234470 0.100414801548149 0.0475727708984732 0.171672919240138 0.0475727649319917 0.0475727783319093 0.0475727722353549 0.0475727700433732 0.413648226498879 0.538491699804126 0.204724249805019 0.226792476633492 0.702950436173500 -0.128966005336758 -0.207131216177312 0.192520130981146 0.407737614629344 0.406220817446933 0.443100534772475 0.238104191338166 0.276896661275897 0.501660841924981 0.376787659106447 0.271566773577870 0.343502702539821 0.227800578229487 0.182678780943549 -0.0146861222837394 -0.0373110971321338 -0.270956487386084 -0.380419732027498 -0.225922791894489 -0.213278616744625 -0.352522787523082 -0.409287467753156 -0.519393577278002 -0.583782015208863
# FDY_5_4:
 0.0136009451243811 -0.539434675775364 -0.541391262165931 0.0136009499828707 0.0136009537132493 0.0136009520959457 0.0136009600746372 0.0136009498184431 0.0136009537677755 0.0136009698306385 0.0136009557139476 0.0136009557256698 0.0136009480589945 -0.356073591175555 0.0136009535104462 -0.203817327851838 0.0136009510192665 -0.111516000603397 0.0136009528445149 -0.0362094131479311 0.0127604021435108 0.0254402733873553 -0.0245259862806601 0.0432415719755810 0.0487228988127717 0.127907083400291 0.292616880999134 0.441092918984602 0.137305475934271 0.182144678442507 0.722482980556436 -0.0104001097472570 -0.124472224446781 0.260206554375369 0.456241221202620 0.461724546316149 0.471213856863568 0.282537310977118 0.294761023444304 0.494576716603225 0.385347878596885 0.234058091943834 0.330611925543848 0.188498804160998 0.0985406749839373 -0.0981485593542890 -0.158557233857908 -0.387303165443450 -0.489876686853458 -0.365574192654988 -0.368430389531371 -0.480651563389694 -0.532849404066329 -0.641397611790795 -0.711817722792100
# FDY_6_1:
 0.0128960496714903 0.0128960349366112 0.0128960521695312 0.0128960976261084 0.0128960538700998 0.0128960547571777 0.711168300396231 0.731303519076613 0.0128960657600244 0.788112734701547 0.0128960514355370 0.740957359616251 0.0128960453816063 0.0128960441108530 0.0128960537756091 0.648615845430468 0.634894237310726 0.0128960475561033 0.0128960419890197 0.492897794785017 0.0128960608871454 0.0128960559811302 0.0128960525743105 0.0128960508658238 -0.0684865419499634 -0.197493852921873 -0.261369845602686 -0.420069613065765 -0.453296636638121 -0.312247449248972 -0.334277294475634 0.0128960520449464 0.0128960563028746 0.0128960508813083 0.0128960641870160 -0.112522635932249 -0.157783268302971 0.0128960541477168 0.0128960529541853 -0.264633586948440 -0.348700459499019 -0.431779045435131 -0.419266068455080 -0.419845240756849 -0.296508305370533 0.0128960511748504 -0.0226685006290836 0.0263876503559846 0.0607861719199201 0.0538023196232629 -0.00279601931144331 -0.101066761015837 -0.151558157886735 -0.190750435754089 -0.231311509056628
# FDY_6_2:
 0.831705536591488 0.711738581630572 0.825479947936090 0.833269978112020 0.819989268948528 0.950275925284030 0.907992908893502 0.920525554291238 0.896940848799250 0.905790174652356 0.840346668683135 0.814639633713378 0.666088128224900 0.638189915443934 0.640971463430191 0.563752356175651 0.537827667437013 0.494058142780410 0.367982315893147 0.317166680780657 0.321384664706026 0.110450667663200 -0.0882245646450687 -0.0665655125907526 -0.441917944875220 -0.583213730634776 -0.634059061792806 -0.755126072643553 -0.778885315786463 -0.581770569735025 -0.625535408690154 -0.719655007619993 -0.687502566171100 -0.544503741186465 -0.452908418843364 -0.413582893491994 -0.497104465798593 -0.553588199098676 -0.550306747876400 -0.574462753359034 -0.673619039251023 -0.794642009498953 -0.676181144592344 -0.684535550499058 -0.483672451093579 -0.238872249980254 -0.141103300778123 -0.112191593043526 -0.0928401682326755 -0.127744641169088 -0.173981683392554 -0.263604519487846 -0.279664073663854 -0.295406023609472 -0.329595606938926
# FDY_6_3:
 0.528476830772781 0.536012269531840 0.827086385130843 0.838063866144803 0.884151196302076 0.900589890746787 0.763269519879105 0.765264408615818 0.770547624876517 0.920555583250187 0.866869126656444 0.718433873345089 0.540638322418163 0.631648393087345 0.618032983757667 0.590000739930662 0.567539197153984 0.411090843285111 0.372787248321859 0.316278663951915 0.240874392376205 0.0892362170382117 -0.0283260718088141 -0.211849975904370 -0.427843064393365 -0.534435918421007 -0.654452750930100 -0.727571391746259 -0.710506316814230 -0.573759515408152 -0.656944655093535 -0.617683390973376 -0.556394842771599 -0.454483998501892 -0.381539187757768 -0.353804234027039 -0.404441345366021 -0.435928861443796 -0.437042349434249 -0.544048236296347 -0.643898551794919 -0.642582156679849 -0.565289479537015 -0.574672391532639 -0.445452600096537 -0.309286534624413 -0.224698503657789 -0.133739367142373 -0.0652789234507971 -0.0902489239947564 -0.154589464243580 -0.225367795631286 -0.261663967093461 -0.305499677563541 -0.344123132438538
# FDY_6_4:
 0.779737545193092 0.793811314201533 0.647814304749756 0.827305341025077 0.887544001214214 0.926897957201536 0.895085411983156 0.932778107149178 0.953846479092577 0.904272883987183 0.908131296216360 0.768410375942372 0.685712719538547 0.650728759439011 0.616788913420520 0.585872496176719 0.514409591938114 0.459446992460587 0.346426597637600 0.355085976994472 0.168849456649918 0.102710074185846 -0.0274423343130866 -0.341832079239135 -0.656707033286449 -0.584967255627534 -0.669834161686646 -0.786977598972811 -0.726275876115594 -0.641129616340698 -0.804018410186600 -0.640675241512076 -0.498188523017892 -0.450232619462204 -0.365207859998784 -0.397359219349002 -0.474078968173236 -0.465352517886825 -0.456546617541902 -0.545920289286424 -0.654425237384916 -0.682795725607318 -0.589407190750426 -0.604009261115026 -0.474199794730130 -0.324745858213415 -0.247014690700109 -0.140586143023678 -0.0646633026997744 -0.0747700664875349 -0.154058044321566 -0.225983954551927 -0.290015011377700 -0.304044332168245 -0.348201761268699
# FDY_7_1:
 -0.474769730782407 -0.526468359786240 -0.544669478547473 -0.563985162596041 -0.568940593399700 -0.580752830325649 -0.592761978335846 -0.544176739739032 -0.484698256656693 -0.424536923763457 -0.377207204273973 -0.347686105056466 -0.263778757330335 -0.237129405899664 -0.248382974978510 -0.234480815545013 -0.206584693414964 -0.138629840265539 -0.00491652008843808 0.0169274280814428 0.124916786286261 0.169910886843069 0.0856614948447560 0.171594387594033 0.227299527772736 0.235498456463126 0.257149887709703 0.302820439486972 0.488850104666449 0.383667732504607 0.774762950321655 0.622998719659260 0.869228462000226 0.866583559427720 1.01546112769363 0.966206135805696 0.824414431365432 0.799991103752457 1.11212343196515 0.938983825400551 0.693940204555340 0.481450034210976 0.901709491254017 0.490651460382624 -0.104220188186185 -0.408555758981872 -0.573088410769873 -0.630368195938893 -0.581502962787904 -0.496545799408780 -0.538071729572671 -0.633520214568240 -0.726921724957227 -0.839848559742567 -0.925602154348235
# FDY_7_2:
 -0.387209778845564 -0.441889407393675 -0.462161804622268 -0.498918372616668 -0.518141423977229 -0.545080892411567 -0.548781358067377 -0.520450833366136 -0.504853196143086 -0.430192748783110 -0.415228844580330 -0.395602087307084 -0.348431846233731 -0.330068954993455 -0.287146383788841 -0.265779526756134 -0.224492396946659 -0.137878760917490 -0.0595189669290885 -0.00778774059441998 -0.00546413548080247 0.00463954190773920 0.0520449912358601 -0.0406746276939795 -0.0347163563100956 0.0710298108277883 0.153827431129873 0.199420272464424 0.324070046775816 0.302050432655522 0.410312419294411 0.631019980027395 0.483938023296485 0.439795230276125 0.682640475667749 0.818764676201582 0.782210831134172 0.684297199589616 0.812938976744995 0.675395115558028 0.568973510055134 0.809074994423196 1.34463789294945 0.461323065059751 0.199094803784109 -0.0210407277018412 -0.158177775544790 -0.237275479932198 -0.274361647640013 -0.301667054114534 -0.337926892852415 -0.433860317191555 -0.509923522450414 -0.576431930727145 -0.650363928145527
# FDY_7_3:
 -0.438994806090687 -0.482405104196708 -0.488317788127464 -0.522045550282354 -0.538008821612464 -0.565968256991609 -0.547133826169226 -0.506726158762376 -0.448788053231439 -0.372786691014344 -0.348965747399083 -0.281136815539782 -0.291106375630256 -0.270457835457368 -0.271128505810037 -0.209177036782243 -0.148939174498445 -0.0552748392111235 -0.0114924379738133 0.0458497729569434 0.0791950747608512 0.0732112136288272 0.0545071892206081 0.184949857811471 0.184326742808883 0.170084389474210 0.213015279410914 0.282605204832750 0.258615623103814 0.386466510074867 0.338178365123981 0.746483707280650 0.646376665046421 0.677478494118830 0.872547203236148 0.896676947034278 0.911377761753082 1.14847988047661 1.21274578909967 0.934666621879978 0.734791136842720 0.809840128502509 1.05894121082071 0.116579555919726 -0.258921099164866 -0.518844620934965 -0.565472926389907 -0.506505219198356 -0.433235776077188 -0.453821172386445 -0.503530175634546 -0.600778669706272 -0.724599420879043 -0.797556592143667 -0.875870827923380
# FDY_7_4:
 -0.526984044282944 -0.551844617617025 -0.546036383833016 -0.577708808930013 -0.589443980644008 -0.628979451391094 -0.596182237734454 -0.544810554670023 -0.490795459996580 -0.400518280321979 -0.367552201888987 -0.266767021367077 -0.285326098577045 -0.303113626443247 -0.314263800324692 -0.260407101352149 -0.200646549107708 -0.0339332249845558 -0.0119480410596699 0.0957492856773923 0.139308277482735 0.0982748780107004 0.129933925666822 0.263260729043594 0.223372400261999 0.220493383273473 0.229752095797754 0.451599872505220 0.368438164574898 0.806360197084020 0.529493915213651 1.16826664313914 1.02951080455531 1.08510432992937 1.05439754135982 0.983526982952139 0.981701808040385 1.59970204054914 1.43179572616956 0.979130060847276 0.676244985692547 0.595015740539679 0.749702848849640 -0.155921790482065 -0.511771411659137 -0.710676010296013 -0.786975566748541 -0.700996246365799 -0.592451124955339 -0.610003073830298 -0.669854176329521 -0.767414387278160 -0.884054823702106 -0.961123553498541 -1.04163298754449
