# Number of parameters = 369 Objective function value = -12334.1092342184  Maximum gradient component = 610.044739557715
# lnmuR:
 14.4268942547235 12.3558021906481
# lnHR1:
 0.0706498973264891 0.106306343590906
# lnHR2:
 -0.579421699732307 -0.0789909591382207
# selpar:
 -1.69434709134388 -0.552575757549064 -0.403731704620311
 -1.99964333850908 -1.15976983194283
 -0.597099387315890 0.168126445570703 -1.32362051220745
 1.96755105163199 -0.387976216947553
 1.99998909300399 -1.99999583749382
 -1.64207109351429 -0.144697913960927 -1.05626780168283
 -0.911001078074963 -0.483885618839266 -0.211597414576259
 1.65930272049326 1.99997733904647
 -0.496866824188281 -0.757807563662000 0.00947174281668195
 1.06119235536873 -0.200355075666215 -0.0729176121865109
 -1.14564470150889 0.112719284380551 -0.566252637908041
 -1.99999999915671 0.140268824092808
 -0.438223999246718 -0.902102567600097 0.185885671593683
 1.99963848097139 -0.377406226030222 0.485819093462843
# lnRD1:
 -0.990642297462527 0.0504452932435330 -0.148179751769710 0.00682538384069327 0.867291262949293 1.06897542533355 -0.155758249912658 -0.294211586389047 -0.924719279906753 0.358350364369498 0.573746091878584 0.123431963872192 1.55739610475344 1.66101133125870 -1.99463074431782 -0.984230359035808 -0.775100952705156
# lnRD2:
 -1.21656346634682 -0.589989259555803 -0.387752689559199 1.32322688438338 -1.13472609609044 1.86688335389005 1.89989384120428 -0.254892515167522 1.03436896888061 1.26743109379047 -1.08483889807992 -2.15062759667992 0.392035073982319 -0.362446586056448 -0.188460641713690 -0.472070944464896 0.0585294775835654
# movest:
 7.99950678837812 7.99992783229081 5.94153853972762 7.99998575575957 2.93209098885758 4.40204052922089 6.82129911011264 5.27451695184891 1.68574260260150 1.78755847451623 7.99896979543463 7.08739412583479 3.50017253775995 6.88282702058138 -4.40636706474051 -7.44511405066897 0.649173928920103 -0.100605714822199 -7.70307435065729 -0.0203286494900583 -1.52879838051517 -1.25929877246588 7.99996965089644 -0.110278199322836 4.29436935376066 -3.08702424221869 1.16362772173750 2.41718143768220 2.35924836810709 2.77382058861891 4.49500201176617 4.89935906135667 -0.947671391967135 -0.294189837566604 -5.48732613225507 -2.62670627283876 -5.30265598914817 -6.09872349666401 -5.28272021875257 -5.29116977754069 4.19073667822143 -1.17817576459957 2.83999577480799 7.06441430738245 1.93114222087028 2.29265222946623 7.14608305429791 6.68675221244272 1.04513501013034 -0.160699037342471 0.407526904616480 -0.544036795809161 3.61685895371934 -0.756608687551509 -1.81372582321157 2.96310847053153 -6.10188512414176 -3.66298877376803 -1.62944052480731 3.87217341041674 -5.70094520500414 -0.105784040992030 4.90046503697228 2.75642643748958 -7.98992703886703 -1.96516819682530 0.977719894011345 -4.62580128247517 -3.12987371529291 -7.99963339303047 -4.15457099637674 0.0624868401861427 1.71636621845526 -5.13123435691770 1.87375650221984 0.533718992762463 4.21656604594313 3.68777068065679 5.57420358762806 6.25192827653604 -2.18110142413975 -0.535478378813646 -4.02400759137318 -3.73703657307505 -5.00794369424924 -4.96778287820786 -5.66788501471873 -4.96454228005395 -1.30624219078142 -3.14336273098641 1.52953335679680 7.23062862130639 2.93666190414871 -1.04831948901009 6.78077779079742 7.87060230665102 0.170775011027080 1.25719978686582 -3.23059245829478 -1.40891463393283 3.38512742241072 -2.37264049960149 0.762490456850168 -1.35409978995533 0.573477303256171 -6.72335848043706 -1.94835427353851 -1.90521873558982 -1.30721443916960 3.15323257263912 4.17874883585917 4.24901086205228 -7.99811386496051 -3.30816258738726 -5.83783638468778 -5.34486199827118 -0.342455341803054 -5.61119550252355 -1.42769808259684 1.01236167007238 0.196565102616336 -0.237155282144354 -1.31405800696153 -1.48973930407513 3.44399251343109 4.80401915317518 4.33947290037891 4.16598120387171 -2.42301322054028 5.09151480878597 1.55100694399979 -2.35386100372311 -2.41736624247551 -2.09216857956181 -2.54400215529021 -2.56537958127405 -2.75636132487641 1.18476265854803 1.05544818924147 5.46786892316592 6.45759130266316 -0.348536421267394 4.44675470196033 5.13004385080595 4.58795027651121 3.83474896576239 -3.79224080048714 0.108069247311823 -0.316580465171971 6.47721919364555 3.12302137304096 -0.0828275080998759 -0.744904158630149 -5.32903914214476 -2.62690421691904 0.942786975384584 3.60461220103912 -0.234462957399059 1.01724255667573 0.823407482926608 -2.70814255408397 1.32723503383012 2.49937978365192 0.788083580680546 5.25532513496295 4.68147254865591 1.72329199752425 2.12944425959093 3.10421094014820 -4.13455614044691 -1.14403679112891 1.04002890685090 3.36774935446453 3.12458909678885 4.30110681987764 4.62511897380210 -0.294386146982696 2.24365978505760 0.516943879410674 -3.82375126449374 -3.92968198223168 -3.84500078654184 -3.86990351765386 -3.89848831469463 3.89530115837041 -3.18273153160314 2.72195420092346 1.22651489111982 6.78123444374384 5.25803239964904 5.59001635007946 5.28565907117897 2.77632187377624 5.55616218814017 -3.22040711577699 1.09668781741082 4.09846836608971 -0.614885030776690 1.94628329972645 -0.618347920963646 2.03098964876509 -2.72304841184521 -2.16746098145020 0.480161219302518 3.80233468089022 2.37665364187414 2.79964575924917 2.15232285611856 -7.03767392742389 1.80537967096535 -1.87204298150953 -3.16490735906299 -0.947437282310890 3.74211163584448 0.998434899756417 0.885958563551055
# lnqE:
 -5.60336227406249 -4.54447419977562 -4.37950832425348 -5.99999996776221 -5.27614306378884 -3.68403178651239 -1.54990832528757 -5.40400577703196 -5.32270169726936 -3.92825877200528 -4.55055127895159 -1.94674707890327 -5.99999938560960 -3.75705686868236
# lnqI:
 -0.529865590510320 -0.553226448115957 0.0277205668372500 -0.214858027226606
# lnqCPUE:
 0.972025604035408 1.00375059722425 0.168028809423125 -0.892922075869128 0.541207817564786 3.99911991130810 3.13072665303323 -0.985122210818870 1.36879360330030 2.08058910005649 1.55130080441408 2.29939049610779 2.15112248997751 1.38810508319680 0.412892205365004 1.84967079920008 1.07628380816353 2.33703327724274
# Fmod:
 0.769736714704031 1.08996042162688 2.00242045817218 0.804531231055950 0.865051652253346 -1.99757014918203 0.651520733334400 -0.595747737721424 -1.99757790619869 -1.05472923314416 0.664435173642547 1.76689402771228 2.00233445890281 0.632998717361901 0.983758134629382 -1.93901533875355 0.669033831183674 -1.21405933812254 -1.99627935280597 0.818205906668985 -0.0460399272753452 0.448347365563237 2.00233971409308 -1.99757726953445 0.863740078171711 -1.99709380196362 -0.571015614337194 0.125589241508958 -0.914819598418329 0.589265751083802 -0.314697349207811 0.706895965229929 0.588780786644009 -0.799375037192786 0.559916042638461 -0.0136836064499076 -1.99756175382137 -0.466443441859198 -0.270631863976265 0.578161913783074
