# Number of parameters = 369 Objective function value = 43641.4940003408  Maximum gradient component = 0.000526117712850790
# lnmuR:
 14.8069292961234 12.6287411265908
# lnHR1:
 0.0846775553744039 0.129799617454847
# lnHR2:
 -0.578849191928799 -0.273090455051052
# selpar:
 -1.60088076056553 -0.696658555576111 0.272966878511950
 -1.33160623825709 -0.665597629058162
 0.731763743839319 -0.535506339654869 -0.403091094360504
 1.99999996804544 1.57208736671713
 -1.99999998610079 -0.799431247515219
 -1.67043183917353 -0.344044296399515 -0.807158975761309
 1.99999998917143 -0.271094799761870 1.18353774773639
 1.99999907963909 1.99999989787134
 -1.36000277866469 -0.455489016977612 0.0717633021462571
 1.14385877988639 -0.243666968806074 0.156952148081125
 0.0571550957628446 -0.278789462731885 0.0406071912960853
 -1.99999995448236 0.494076972967593
 -0.305972425241195 -0.971727070818506 1.23184105650021
 1.99999999065741 -0.362734892732338 0.756972463637560
# lnRD1:
 -0.571134764401553 -0.0722620668796879 -0.390492050329729 -0.122904450706379 0.588610542143551 0.848660901933175 -0.478122074891245 -0.302009676286588 -1.20654786776057 0.338022364646507 0.485500669254987 0.881145465406735 1.77015260605456 1.79134757927031 -2.02791732842528 -0.782357445196267 -0.749692403832521
# lnRD2:
 -0.908912198155904 0.631867320584684 -1.35338435396007 1.48448823395827 1.23631318966082 0.937982727880683 1.22918581009599 0.959238614448924 0.784651832796104 -1.90673013675491 0.0881882473372230 0.224561569922709 -0.701441200727728 -0.0815074028216610 -0.868612093181371 -0.892248472392536 -0.863641688691229
# movest:
 7.99999992486616 7.99999992004244 5.07802220074282 7.99999997305347 0.811656012004008 1.63510458163089 3.61988710417196 2.55094888500806 0.184345996295960 1.95085109115023 7.99999988272284 4.69375580872868 2.63480398066285 6.33152031632823 -4.66756052266655 -7.99999984198606 2.39730071130204 0.116867444083367 0.0342683434532578 0.163178634104030 -1.88670312891936 -0.494288216345235 7.99999995907085 0.796950812380871 3.75675372778368 -4.13408610653825 -1.48098663904423 1.98497508125799 2.69242312710183 2.84611334346143 4.23261386090167 4.36393111770833 -1.19582652685903 -0.729347368145226 -5.48889886108035 -2.83193656335119 -5.32630921055419 -4.53123177137699 -5.32774001368006 -5.32505884161041 3.38965969613809 -2.64922073896062 2.64666376488503 5.53952758294486 1.12338839153938 1.73113900664469 6.29226448244299 5.24779711103850 2.58162176392499 1.77797076984936 -1.07986147498949 1.18754985262373 2.26930617299660 -0.343117186586755 -0.880700309650301 -1.00289132978980 -5.23343799176446 -5.31034726924910 -1.35197793529416 3.25752133675021 -7.03855687782098 -0.898555378889490 4.20583378727378 0.617831703210969 -7.09476088847513 -1.82495056338978 -0.413120424286054 -3.89282007887947 -0.668216138786331 -7.99999997778952 -4.86388603067152 -0.399684167277828 1.78508479067242 -4.51743068297807 -0.765138868147953 -0.891486835902884 -0.818978886679194 4.52565694548576 5.26527094375956 5.86744422875595 -2.81273632123084 -0.575062454673348 -4.84430799636516 -4.90779256447275 -4.98050356686349 -4.98243417689531 -5.03056411216491 -4.86640334643636 -1.68592761795573 -2.79187800469897 3.15949326027980 0.193762363656015 6.13063094670734 -0.209954432291092 7.19586382962887 7.07809210335727 3.73679346317468 4.78324286513022 -1.50650932090606 2.63665634429112 -1.03485933636058 6.22686860925088 -1.96428323799495 -0.726947327282662 0.250104851876792 -6.13989054505416 -1.48373617875611 1.69361954233498 -1.31254499719836 3.68109221822386 3.99786572492744 3.16502113293213 -7.08357723183100 -2.59471509402815 -1.73863991484005 -3.86990786885594 0.628066833771513 -3.70626007829116 -0.609688401341343 0.217516483960383 0.668453173394207 0.322221786964121 -1.83589118458147 -1.91580735081905 2.74691967512848 4.34599786637854 3.73917378393077 3.86343210312930 -2.26450426023447 2.68900991922644 0.946847008583839 -2.33376762894454 -2.35676002057931 -2.33729949270064 -2.54568353645140 -2.14743054377550 -0.339857831316396 1.06056372126591 1.55408400891104 2.86083112488849 5.55951212770388 -0.701855643483646 2.31757727201561 3.52738248171870 -0.199542433445131 6.74135688155996 -3.07923433692469 -0.338326542091731 0.0177464084903551 -0.706371205858065 2.68550840497984 -0.479026387210713 -1.03218237717623 -7.99999946206101 -2.07371791436258 -0.182818608801839 2.94783791731463 -2.72833112408824 -0.982241165649206 -0.772829392572176 -1.53656210732836 1.77586613270566 1.90368963990716 1.01757023086322 -1.06825585703511 5.01472410421718 -1.55043081935504 0.558157114655161 2.41813608117205 -4.25146370602259 -1.56733258016981 0.877063173468015 3.08927954505723 3.05232715817468 3.92022698829287 4.17659097474774 -0.568635760260386 1.91686968623937 0.469797203324323 -3.98515712074457 -4.01979880582394 -3.98296353194990 -3.97510621912326 -4.04531065219977 0.935544886430778 -2.41757324768867 4.39326106079248 -0.716199142435062 6.07386767834790 4.82527492625481 4.22198108654455 4.43243788682645 3.70295007501184 4.58109495253080 -3.46777051210732 -0.138179990192294 4.27698529718332 -0.763333307972457 0.165840868123420 -0.849014766472536 0.602403160900606 -3.51347805008841 -1.24269378717007 -0.466070012168663 3.97595209608840 1.97816203542081 1.60420223127905 0.948168119767692 -4.93213116711850 0.0118815992546786 -2.75971819198482 -0.679121979684828 -0.846433698155810 2.59634841537285 -0.636233602787016 -1.59097592317997
# lnqE:
 -5.96552034871716 -5.26501638168078 -5.14977281499473 -5.99999999411532 -5.99999999848323 -4.32146691047341 -1.37273281559608 -5.99999998825844 -5.94651316541340 -4.76796726873071 -5.01272606022001 -2.55672530367530 -5.99999983247791 -4.52092701540443
# lnqI:
 -0.560159893751878 -0.589430025674028 -0.0405671111277375 -0.299882476215386
# lnqCPUE:
 2.25525402750985 2.39485422288224 1.10446341018144 0.239940054674808 -0.351854453147114 3.99999998045939 2.93301743593602 -0.227259982345370 0.415435335127365 1.18767073985529 0.500254151767334 1.44614992727569 1.32081043498607 1.62305540543210 0.627011539100498 1.50125527380188 0.988672493067916 2.19801367404022
# Fmod:
 0.645342605258474 0.225784589293465 1.99134110420544 -0.261225568617199 -0.0205050297720808 -2.00865887770433 1.05586495484534 -0.444837711860201 -2.00865888476478 0.187026422895125 0.995710311123531 1.47919038318661 1.99134106546361 -2.00865873742896 0.245582417841258 -1.23312574777997 -2.00865871786032 -1.95749951308211 -1.93896000542550 1.72248579308591 -0.427059881532224 -0.205554930590375 1.14413267075948 -2.00865888178260 -0.253358524156604 0.00834580297887408 -0.805599677229936 1.56058070866203 0.213830501873815 1.77583213694121 -0.545943663297703 0.521065284902286 1.86111484756040 -0.224875974024879 -0.880752930181882 0.684927885966628 -2.00865888650522 0.0352068551103615 1.07987810814669 1.82666769349633
