# Number of parameters = 305  Objective function value = 34594.5  Maximum gradient component = 0.00108486
# lnmuR:
 11.8720 10.2585
# selpar:
 0.521450 1.20080 -1.24969
 -2.00000 -0.672535
 1.50242 0.988138 -0.828827
 2.00000 0.379128 -0.547762
 1.54570 0.253080 -0.532159
 -0.399060 -0.456041 -1.18802
 -0.254115 1.50519 -1.50148
 0.00213563 -0.903951 1.35728
 0.0367693 -0.292774 1.42700
 0.649834 0.977424 -0.668922
 1.02806 0.998307 -0.540244
 0.870518 0.429416 0.0162051
 -0.274524 0.251967 -1.60005
 0.118826 -1.08354 2.00000
# lnRD1:
 1.01543 0.0238946 -0.260551 -0.253857 0.0388679 -0.384504 -0.168423 0.421053 0.385726 -0.441666 -0.375974
# lnRD2:
 0.181341 0.314485 0.134552 -0.0956071 -0.146586 0.0200883 -0.117862 -0.462347 -0.151981 0.415687 -0.0917692
# movest:
 2.30971 1.72935 1.35971 2.13179 0.0418983 0.0195396 0.113271 0.134454 -0.0553757 -0.0170256 0.0196587 0.00644583 1.67531 4.05246 1.63815 3.35233 0.0456498 0.0771786 0.000335606 -0.0210573 -0.0123604 0.0451875 -0.0966865 -0.0241339 0.407946 -0.770417 -5.30920 1.28377 -1.13975 -0.879918 -0.951303 0.404467 -0.990777 0.987170 -3.40798 -1.81948 -2.81711 -3.41242 -2.56009 -0.629954 1.69758 2.44266 -3.04842 -0.0419329 0.0629463 -1.84924 -0.377875 1.29851 -0.0118119 2.60397 -0.412599 -1.72930 -0.411123 -0.407588 -1.22414 -0.281261 0.478664 0.0194659 -1.94865 2.56504 3.77128 -1.22117 -1.45559 -0.797217 -1.15742 0.465778 -1.54389 -2.97355 -1.18113 -1.19641 -2.15177 -0.305031 -0.0286601 0.282723 -5.25849 0.742337 -1.37811 -0.547663 -0.951975 2.12161 -1.60562 0.961262 -3.02500 -2.16638 -1.37858 -3.11620 -1.64210 -1.86273 -0.492852 -0.534150 -2.63925 -0.303258 -0.355816 -1.31884 3.28857 3.88359 -0.142175 2.24548 -0.289023 -1.56818 -0.221203 -0.492893 -1.29053 -0.570702 0.358409 1.31591 -2.69750 1.35062 -1.06848 -0.479128 -0.863966 2.85368 -1.65051 -1.81086 -1.62804 -3.42088 -1.52308 -2.13279 -3.01902 -2.08853 0.691252 -0.395210 -4.49227 0.353864 -0.0194422 2.06431 -0.254938 1.54712 -1.68763 1.95965 0.909039 -0.614565 0.292596 -1.84372 1.22347 -2.55267 -1.23306 -0.890031 -2.52880 -0.268048 2.51761 -0.0431531 0.173218 3.77946 -0.769626 0.154700 1.91229 -0.700972 0.489564 -0.884629 0.127695 0.758754 -2.46999 2.07052 -2.20686 0.558448 1.90455 3.61077 -0.722759 1.04962 -0.959625 0.787169 1.70559 -0.837875 0.149489 -0.983201 2.41481 -0.0150233 0.636240 -0.854998 -5.36486 0.704225 -0.717585 -0.0922811 0.320107 0.540225 -2.61604 2.12744 -1.14406 -1.05940 -1.33910 -1.00271 -0.668728 -2.35012 -1.07330 -1.05012 -1.52288 -0.925829 1.41976 0.153131 0.0335304 2.56606 -0.731777 2.35677 -1.12124 -1.41211 1.00311 0.274686 -1.00275 -0.220289 0.698239 -0.674145 -2.22313 -1.52085 -1.49380 1.83063 -0.0117938 0.526005 -0.0401583 -0.391205 1.49711 -1.83796 -0.505551 -0.739021 -1.29471 -0.237485
# lnqE:
 -2.67690 -3.59558 0.0608132 -2.76893 -3.86947 -4.39254 -0.926715 -0.981238 0.0754030 -1.06647 0.184327 -3.55429 -3.39766 -2.66974
# lnqI:
 0.691702 -0.370001
# lnqCPUE:
 -0.425323 0.000637919 -0.452542 0.771082 0.121472 0.910558 -1.31786 -1.20329
