# Number of parameters = 1827 Objective function value = 8491.14371094494  Maximum gradient component = 0.00337177818287111
# lnR0:
 13.0880980639727 11.6245136519978
# selpar:
 -1.28469737617418 -2.28041990917817 -1.09046259139789
 -1.21056276165585 -2.51947515103902 -0.911623366680681
 0.175540932480787 -1.97061256118511 -1.72253428670920
 -0.787782282453201 -2.31022743048568 -0.491690547510294
 -1.45964872967984 -2.58250632979154 -0.801455377700648
 -0.511281426168086 -2.17057226881490 -0.630969430496015
 -0.393883645613924 -2.45635979960009 -1.25844808998676
 -2.48303193288128 -2.99661927000040 -0.963259737625414
 -0.835209755246903 -2.49867770243958 -0.635312047438789
 -0.180433708972314 -1.74857562174593 1.32539192076647
 -1.67074152361139 -2.96531865820296 -0.448080156364665
 -0.994846734629831 -2.44130910649925 -0.900325489266832
 -0.385956560117018 -2.40570454129602 -1.25329118237733
 -1.51244641184758 -1.50977061504613
 0.467328876979838 -2.42482219033832 -2.23330723489281
 -1.43335937976221 -3.31641731580949 -0.807822385561767
 -1.06038835893925 -2.09803116293098 -0.951778786777801
 -2.30274042042895 -3.22614096194261 -0.468618350338263
# movest_p1_a1:
 1.16119050073131 -0.389807575776584 1.04435795588373 -4.62176301638146 2.00126911719575
 -3.71775025082195 -0.647675848338361 3.35556066273876 -3.89962921480901 0.603045412226781
 -0.498669714422336 -0.287461068549143 0.869491016927967 -1.99816352689872 1.39575314691184
 -3.93596690887318 -2.38172401695467 -1.91080520082225 0.803575247946402 -0.135530050304874
# movest_p2_a1:
 -0.386561395925801 0.598676341061237 -0.385484936640782 -0.195205828469690 -0.248650092381347
 -1.43474269887554 -0.499717171022701 -4.86452162636020 -0.857914947465940 0.816798998611592
 -2.88762915963957 -5.99022275881537 -0.352300583743672 -4.19248255198088 -2.04972134349130
 0.438492116547657 -1.99449743545304 0.793192566097009 -1.33348121306878 3.28849831616242
# movest_p1_a2:
 -2.23549278779573 -3.28417864500696 -0.289907503768084 1.59581017768802 -2.57921040199502
 2.36171300965405 -4.63077523117412 -3.34704694044780 3.90086739405200 1.76767697185172
 1.77289314966879 -4.21347036256909 0.312709973754080 -4.09274807236021 2.66072740392232
 -0.634285078531972 -1.35769799316399 1.07918719393568 -5.03362428120694 0.235678339972457
# movest_p2_a2:
 1.90551407527451 2.08867527793021 -4.06471828450016 -4.75935457283020 -4.67384995548023
 1.79758660629090 -3.96615966854443 0.120922546900943 -5.27184401749895 -4.82844226071958
 1.62963559213774 -1.26674537061888 -2.87199546419157 -3.97090245360247 -1.70425704256971
 5.84393065141694 1.33543228909671 -0.0768154894415192 0.187939152318645 -1.81323889062265
# movest_p1_a3:
 0.950784969319022 -1.93135275615117 1.13985290894974 -4.29198494658780 1.99779855012103
 -6.20959037563481 -4.03879925077449 1.54207909945416 -7.99999995131375 -5.85157674586077
 -3.04689183786000 2.25174746709478 2.45103938740278 3.67834834930985 -3.67002058486181
 1.07917634932013 -2.17104802628434 1.58150860324525 7.99999093080413 -4.63316826978847
# movest_p2_a3:
 -3.22617235753223 -7.99999971538922 -1.95475044601597 -3.69871276510652 -3.53676135214969
 -3.62012273913897 -3.31749408024238 -6.94405725787687 -2.93142551671776 -3.26543986432956
 0.671522928401878 2.18869500768795 -1.42569757354641 2.01000744379719 -1.76039408342277
 -1.76176901206278 -0.0824835671783974 -2.51860991580059 0.103632716475449 -3.38114415506897
# lnqE:
 -4.00073626399401 -2.39789641578307 -1.29867147249930 -2.85226075902323 -0.925732917701303 -1.24750516611699 -2.03069739812201 0.117682172251774 -3.57616949239513 -2.35402941109950 -3.32035324902237 -2.63670910945521 -2.58105534547500 -0.981275838019659 -0.964464351231751 -3.03278419701449 -3.53026936061887 -2.21171737877389
# Fmod:
 1.69728090612237 1.17372268669579 -2.19291982981952e-006 -1.84130175093008 -0.527647549152802 -0.0186727581093252 0.533350454247994 1.69610547767806 1.18266574282408 -2.15893923370482e-006 -0.567050540206816 -2.10579957483402 -0.783937755293588 0.640270564010056 1.49435463116334 -0.324818152845536 -1.68250176417492 -1.12434864240255 -1.51154877947911 -1.14623629846322 0.459247605060145 1.64437451381368 0.369687871956726 2.08330268204876 -1.74579223561438 0.119962451180354 -0.358293644971060 0.643628211535105
# visc:
 1.00544264087121 0.771410836711782 0.976896956432628 1.60880594750206
 0.411917677618546 -0.534226848956500 -0.606495215774145 -2.99999925706510
# lnRD1:
 -0.792623321007812 -0.644183649471744 -0.550577041266854 -0.553441259567504 -0.412212706238826 -0.408112652661029 -0.474211742813390 -0.258725277499623 -0.364664904701725 -0.0393572207326519 0.298683315773192 0.686981636115050 0.544512724507917 0.487061848520020 0.750966610660912 0.503281544649238 0.855370564902308 0.837168605124883 0.463143126765444 1.25722702802493 -0.156340665835851 -0.298074922471221 -0.0967466758870089 0.0983983167248625 0.0651690977759276 -0.279398254948263 -0.728496631753689 -0.790797492687491
# lnRD2:
 0.0799442365945767 0.326010760013691 -0.184164299442114 0.609291269443822 -0.563592468607930 -0.584172349711605 -0.596823984689191 -0.665740965039503 -0.488047178832811 -0.412359775417964 -0.844846217161719 -0.493008394071741 -0.325228998905525 0.500952325451720 0.203969843118692 -0.307619677186372 -0.0149551175154629 0.240797854065863 0.950970181261991 0.165755427520633 1.02421514279406 1.47007124800568 0.360535273232344 0.340885240975684 0.0581012763187719 0.379062684057575 -0.559925230802662 -0.670078105470510
# lnRD3:
 0.00000000000000
# lnRD4:
 0.00000000000000
# FDY_1_1:
 -0.0308596833212536 -0.0308596779422977 -0.0308596973771088 -0.0308596820682932 -0.0308596913548363 -0.0308596822728523 -0.0308596843706933 -0.446535424760110 -0.467474836971764 -0.496638999780956 -0.538824430164503 -0.556606740237512 -0.539620705472526 -0.475982368822598 -0.361176273923651 -0.249166399579620 -0.250604660787811 -0.200207302154963 -0.172980778220257 -0.153538306344429 -0.140115061880495 -0.0949356093449592 -0.0724316297041406 -0.0471943130283060 0.00282042526760644 0.0815281157335874 0.109865250169428 0.160461860409598 0.194068533459237 0.285475947069966 0.350208804893946 0.393780897565120 0.424484931363027 0.417658359012898 0.442601783889690 0.329200797017433 0.249022634607469 0.231504045092938 0.200781211543272 0.238907650779365 0.299402120201999 0.329520484142539 0.406588041635116 0.460764303893192 0.480209468535414 0.335271048973077 0.196701927100715 0.182677504854446 0.191666115375056 0.0719361378890057 -0.0588132896383054 -0.270708649397357 -0.424919709162588 -0.423690352978612 -0.408924759412343
# FDY_1_2:
 -0.0308383115126397 -0.215803026481869 -0.0308383149300652 -0.285269574725918 -0.323007550999128 -0.351917831959374 -0.0308383193776861 -0.357582564713921 -0.399269535572404 -0.411676481356972 -0.439473174308921 -0.447996257326213 -0.401809181460550 -0.320397730842236 -0.226912612346322 -0.155114870554403 -0.108533255035084 -0.142566556701923 -0.112730874627094 -0.0961981436690439 -0.0576601344477811 -0.0439365638230313 -0.0135088788629937 0.0298741538477279 0.0621154927265232 0.131814489949823 0.167798085936086 0.213757810151067 0.218962033345179 0.284094604080651 0.313877486828918 0.364091597358353 0.395501799307938 0.390765644146079 0.445955479483066 0.328471100878389 0.227332728381605 0.221774738137908 0.194237173183634 0.224731815975986 0.256605450984537 0.307942666221275 0.387461442247782 0.425528118330478 0.411911907738646 0.253815968826651 0.112556355086583 0.116260964370378 0.152577799116692 0.0304824092452885 -0.0947570385586313 -0.290836917221349 -0.437974995591623 -0.427064343718680 -0.415786275161389
# FDY_1_3:
 -0.0271701115694328 -0.0271701161711217 -0.0271701338061697 -0.0271701181549072 -0.0271701209851171 -0.0271701212328105 -0.0271701200369182 -0.0271701049514671 -0.293796567245179 -0.369254814045951 -0.326113572990040 -0.304287552114566 -0.265399622318552 -0.202130614269722 -0.113803295042313 -0.0665163727679589 -0.0102967498246881 -0.0703365534504271 -0.0456118334605070 -0.0366530090683873 0.00131441083054349 0.0294111149792177 0.0578722555274912 0.105948699912593 0.136078921888162 0.183934484486251 -0.0271701273030881 -0.0271701349517680 0.225343047508089 0.197580604263178 0.219167719861954 -0.0271701136622370 0.342256623095178 -0.0271701312746134 -0.0271701312218654 0.357266482308815 0.246999912035527 0.238540310510725 0.181958182410566 0.111984933224348 0.140328034105975 0.258098405158319 0.304824423440068 0.256221948810849 0.223603547105369 -0.0271701327600874 -0.0496478173208887 -0.0271701237793140 0.125585995014919 0.0248939868970080 -0.0744338205608025 -0.225032393522417 -0.365209473235607 -0.376079549997683 -0.367058590278537
# FDY_1_4:
 -0.0298977634717628 -0.0298977484868153 -0.0298977593154733 -0.0298977531194180 -0.0298977590484184 -0.0298977581274041 -0.0298977518538828 -0.0298977613679372 -0.429380162736031 -0.459194795202325 -0.0298977470385214 -0.484217628724543 -0.405612987167285 -0.325045953393938 -0.248819420728963 -0.203011102890323 -0.0784106713178887 -0.138960620503647 -0.106136803539511 -0.100887750715483 -0.0708321128813316 -0.0383638606999442 -0.0135853831785338 0.0122899963793661 0.0458676890633902 0.121504438563420 0.145275040250923 0.207112344567317 0.248223625176296 0.348641078438787 -0.0298977615153748 0.370493959332213 0.343295504809837 0.365145874734190 0.390200914502284 0.235434292389656 0.221095583334161 0.248458118268079 0.235293339966580 0.264898819376896 0.251469460260470 0.310666910240147 0.313422711906640 0.331256801699740 0.232453827009177 0.0916446723876771 0.0786578406728133 0.0778234760666580 -0.0255647827133197 -0.114429075340914 -0.293382178391285 -0.425755620198511 -0.428059275155851 -0.396227682144165 -0.405770888427915
# FDY_2_1:
 0.165030316983674 0.0740224395830141 0.0755153115812245 0.0506086574673089 0.0150686325415691 -0.0160546051629368 -0.0368510390324183 -0.0331755741383587 -0.0409263268202690 -0.0194279050857494 -0.0291258533145143 -0.00667545099354393 0.0427648472361172 0.0679860032738405 0.0930770981680128 0.135466751721027 0.234858179200346 0.145644620793568 0.115384510484253 0.106093572532572 0.109922456778337 0.0663629719313595 0.0752137037150490 0.0896472381473353 0.0685252558768908 0.0382199907546873 0.0102684088633106 -0.0145166816600618 -0.109137896429192 -0.132658210759668 -0.175309359100332 -0.148282945121756 -0.122260673510505 -0.0719964357777526 -0.00862959980050137 0.00283381748002965 -0.0294018521377582 -0.0380245546349865 -0.0854959881520824 -0.154279598669867 -0.221791489636571 -0.241926707646746 -0.193270213485992 -0.123384095078804 -0.118923731666545 -0.183681882429865 -0.171128549870863 -0.0847844052155994 0.0778195513468146 0.158042084150720 0.153328782447195 0.151953737524646 0.142012332453000 0.117757806066671 0.0276925462306646
# FDY_2_2:
 0.311098518556895 0.157923155510908 0.184688720677711 0.125418600872308 0.0734076828182325 0.0297667627597632 0.0414091962426565 0.0767058000741611 0.0929530485710764 -0.151857236398525 0.199954021601068 0.227750993704743 0.339442777055837 0.338575029080386 0.339437216408355 0.333892994360511 0.398938498579586 0.279692863398926 0.252973961193857 0.220990547550310 0.213996068525458 0.133174483235671 0.115153901066530 0.0923241240080895 0.0163787489368151 -0.155878848166828 -0.160141493993339 -0.172336395191542 -0.301050321379140 -0.300007995655656 -0.397203401653852 -0.319544324298514 -0.224966440582301 -0.155648381122635 -0.0925297291045252 -0.0903486743668981 -0.162840933201723 -0.224378734775125 -0.311646750559358 -0.429061977802152 -0.514670908478335 -0.463342180264058 -0.420571079054785 -0.522020525689986 -0.432509224246878 -0.406537406376714 -0.322700448192650 -0.0635305466720287 0.261948943315297 0.321921953029996 0.338075156849723 0.353837619951352 0.344558198973874 0.296415345079779 0.282519025237672
# FDY_2_3:
 0.128818640371567 0.0155079382615349 0.0867642262472333 0.00372142713845874 -0.0225158952738773 -0.0473000655474657 0.0311926124602835 0.106900206282001 0.171268835518694 0.0157039872550338 0.216975589420193 0.220537537116369 0.261229200764854 0.260542194405096 0.291302241143557 0.325939450871140 0.364006881141674 0.317421757745397 0.297153482915856 0.259959057123906 0.213745744453675 0.153903378247907 0.126812408398151 0.114383212359229 0.0208596452139632 -0.136633647683693 -0.270699113601677 -0.265089120224010 -0.387511106755138 -0.326711104205207 -0.345464436853865 -0.267260865216387 -0.167899887353950 -0.121734799609154 -0.0841402937863617 -0.0862044088920235 -0.136452752619467 -0.261056343398477 -0.345207748477412 -0.540754761213078 -0.490256489209795 -0.418512531541619 -0.572522232778540 -0.639108164097233 -0.504483100045497 -0.410328506935718 -0.144889194106433 0.291157020529630 0.424117418299588 0.471415175556815 0.454213367804263 0.381657217894001 0.345204927111535 0.309808510602545 0.310513276771927
# FDY_2_4:
 0.338811750114291 0.312533366320850 0.316571279091404 0.226443602217133 0.196128193405879 0.184526122304572 0.248248907219611 0.286946454948841 0.305699096201157 0.222674277892202 0.299304416243822 0.319952531973506 0.352706561633605 0.333857350533830 0.340054761971887 0.325224872275738 0.331172266380201 0.226064254769258 0.213967818962213 0.174797108935101 0.142272560597506 0.0878323270593505 0.0986882143106339 0.0900843620408211 0.00529086448648788 -0.138028071393891 -0.176349795573697 -0.326752741018495 -0.431041332881548 -0.443457880525343 -0.399812334355150 -0.287556437067774 -0.256363600151713 -0.227135100745106 -0.206347738664173 -0.218886426110742 -0.219268081382279 -0.268616924686861 -0.430669547516901 -0.549957669401662 -0.529934250788773 -0.407818518162129 -0.329560498923097 -0.356790851582632 -0.528085119196279 -0.491220793373330 -0.237657989805157 0.176844212266826 0.277487217975907 0.282772626580818 0.242416644404548 0.181685976205691 0.137281946896056 0.0813925358814954 0.101577221205490
# FDY_3_1:
 0.00000000000000 0.00000000000000 0.00000000000000 0.00000000000000 0.00000000000000 0.00000000000000 0.00000000000000 0.00000000000000 0.00000000000000 0.00000000000000 0.00000000000000 0.00000000000000 0.00000000000000 0.00000000000000 0.00000000000000 0.00000000000000 0.00000000000000 0.00000000000000 0.00000000000000 0.00000000000000 0.00000000000000 0.00000000000000 0.00000000000000 0.00000000000000 0.00000000000000 0.00000000000000 0.00000000000000 0.00000000000000 0.00000000000000 0.00000000000000 0.00000000000000 0.00000000000000 0.00000000000000 0.00000000000000 0.00000000000000 0.00000000000000 0.00000000000000 0.00000000000000 0.00000000000000 0.00000000000000 0.00000000000000 0.00000000000000 0.00000000000000 0.00000000000000 0.00000000000000 0.00000000000000 0.00000000000000 0.00000000000000 0.00000000000000 0.00000000000000 0.00000000000000 0.00000000000000 0.00000000000000 0.00000000000000 0.00000000000000
# FDY_3_2:
 0.00000000000000 0.00000000000000 0.00000000000000 0.00000000000000 0.00000000000000 0.00000000000000 0.00000000000000 0.00000000000000 0.00000000000000 0.00000000000000 0.00000000000000 0.00000000000000 0.00000000000000 0.00000000000000 0.00000000000000 0.00000000000000 0.00000000000000 0.00000000000000 0.00000000000000 0.00000000000000 0.00000000000000 0.00000000000000 0.00000000000000 0.00000000000000 0.00000000000000 0.00000000000000 0.00000000000000 0.00000000000000 0.00000000000000 0.00000000000000 0.00000000000000 0.00000000000000 0.00000000000000 0.00000000000000 0.00000000000000 0.00000000000000 0.00000000000000 0.00000000000000 0.00000000000000 0.00000000000000 0.00000000000000 0.00000000000000 0.00000000000000 0.00000000000000 0.00000000000000 0.00000000000000 0.00000000000000 0.00000000000000 0.00000000000000 0.00000000000000 0.00000000000000 0.00000000000000 0.00000000000000 0.00000000000000 0.00000000000000
# FDY_3_3:
 -0.280844828602641 -0.362749336693728 -0.393036071331824 -0.445336211036109 -0.480963909468681 -0.507978673468781 -0.506794734380345 -0.535179721013563 -0.566886903263937 -0.599625886611552 -0.571611524961564 -0.588354738680560 -0.528315519439716 -0.427274689844142 -0.353286722031087 -0.346669640873087 -0.256228438966114 -0.200414673443987 -0.145262817215595 -0.104737707774314 -0.0665334452365218 -0.0443288221228932 -0.0247478156203937 0.0108468645223428 0.0320439934569452 0.140421527285063 0.189768829796470 0.247009921795175 0.287548995609143 0.371429924546723 0.338874850164254 0.392760273602236 0.431379021449109 0.446851449402750 0.503026974609863 0.509468945551284 0.489615992147246 0.401159344918347 0.454981069412509 0.438405887067615 0.311073181410011 0.307731032383608 0.447930202227178 0.397420422676129 0.351903177948944 0.288086193969893 0.300959787977434 0.113113404930412 0.175091128612985 0.136758717459390 0.0342209255203454 -0.0339078972240789 -0.0457644915729778 -0.0421398701601692 -0.0909069494150418
# FDY_3_4:
 -0.105025301421906 -0.171583709787323 -0.209983424013639 -0.251587233808108 -0.282743323329336 -0.279165225277941 -0.268993055594809 -0.279108798187770 -0.285655016417232 -0.291971752731317 -0.312576783758602 -0.290014439468445 -0.245150900463379 -0.193642647165022 -0.118633344039244 -0.0984659721420853 0.00312570824828358 -0.0228984829978922 -0.0208138009435220 -0.0275258446611553 -0.0163203845852540 -0.0211628988983750 -0.00325604961782248 0.0403346359234528 0.0452553257156160 0.0195026717244804 0.0476802567931578 -0.00140673527073635 0.0483149874065487 0.0295014904355628 0.139268841332857 0.168638305898569 0.209118580104723 0.208371195010826 0.238315549132265 0.241681402137904 0.202559766041601 -0.0378782755964607 -0.0378782825573796 0.0490647535477399 0.0598882855579618 0.160881736966610 0.201717372139689 0.235503134290976 0.141816454306388 0.124789415972805 0.161173249090638 0.330361260214400 0.313526130504852 0.281933010713206 0.161939276317477 0.0291141541122719 -0.000544491129439254 -0.00383359193061698 -0.0155571838460491
# FDY_4_1:
 -0.378532180399605 -0.443894665340374 -0.484994083652760 -0.543692691295470 -0.578789367183761 -0.606232732943482 -0.613544320993912 -0.602851120510344 -0.592021182214608 -0.559306916455290 -0.533720298324113 -0.501240639761743 -0.487726998091785 -0.437683447187764 -0.376708952613509 -0.307624386307678 -0.244913735805020 -0.188633865767893 -0.163907628018614 -0.139933702165786 -0.143030065092517 -0.130505894695991 -0.112902076563930 -0.0895777536424492 -0.0707669044647146 -0.00188089420493581 0.0793324568890483 0.129549216136715 0.166765461709570 0.213890076479931 0.230639817307678 0.261805068912611 0.249330785410200 0.326463102997534 0.408592199448715 0.499476796784084 0.544727488552619 0.514953517909174 0.467699606128827 0.469978611900463 0.473221375043324 0.402191628924494 0.373358662490329 0.370064244422883 0.349466660047089 0.374803997693936 0.385397358323727 0.257520411156091 0.153427564054147 0.214080116407975 0.245306194255839 0.258859963032334 0.278467989127129 0.302684354093274 0.332561778058304
# FDY_4_2:
 -0.439932423148015 -0.497673255788169 -0.537249248410884 -0.604466762147074 -0.629528263220391 -0.656965823278268 -0.664960781831938 -0.658447638716311 -0.654154073258764 -0.623376258999868 -0.587332912853389 -0.545814750301507 -0.524758616679106 -0.473921856248261 -0.425545656815082 -0.334685564348290 -0.268093794399897 -0.203410423419391 -0.184360629776488 -0.175938385503450 -0.161636177821241 -0.146231456235233 -0.128473806266552 -0.142891865457399 -0.0927655898487569 -0.0100132846411749 0.0897717685922772 0.169291571035919 0.229653542958709 0.283411605516697 0.302959104024161 0.305580111635261 0.290405444859218 0.365692104805933 0.465537530883566 0.554317759654154 0.619915971967859 0.598463302014240 0.538597514270995 0.577509876992675 0.609254814147988 0.472562783263179 0.401994573345825 0.443873383824789 0.442102931916438 0.450207616872769 0.445520099991374 0.228056703374950 0.0734490887752321 0.137788605403084 0.183244196645675 0.213757468187710 0.260126975707455 0.288558840086770 0.331024008659997
# FDY_4_3:
 -0.457521959291032 -0.510605292376187 -0.544169260936461 -0.606002972582826 -0.636383279205247 -0.668360233942481 -0.674583890667239 -0.665138962152791 -0.651303120914321 -0.580646258094055 -0.540562975774238 -0.505242098466566 -0.485964515163579 -0.437360703217220 -0.378927389642442 -0.310224259476453 -0.248540199779742 -0.176518691194994 -0.153592938530431 -0.131467725013956 -0.133464834670714 -0.117490845865778 -0.117209263408216 -0.0742734061873843 -0.0524665546629780 0.0404305149684753 0.104206972607436 0.171376520569022 0.184750673443988 0.262881404007008 0.235925108818636 0.269462119942614 0.298128601803733 0.378183006146416 0.522422102685741 0.623972607974131 0.642391543772789 0.569824908542350 0.597041180657529 0.617015255912411 0.517055095773515 0.459249322057779 0.495837397286822 0.334566541937134 0.332502502235473 0.322134190289354 0.159718329889247 0.0501271853935969 0.102654248131799 0.173381578526668 0.217374831226728 0.247586004683850 0.278778245072856 0.312047181474239 0.336996455385993
# FDY_4_4:
 -0.446290975371693 -0.500697971010170 -0.533521958722728 -0.596981789704341 -0.630212502807741 -0.660327473060116 -0.668029940165502 -0.663865281499741 -0.641548841715135 -0.573449415342624 -0.537976043100619 -0.496347702507170 -0.478221235094895 -0.429270300477877 -0.371481671144301 -0.301609030996512 -0.239929929320865 -0.167064418535996 -0.142991427280008 -0.120330318613512 -0.118872619739872 -0.107618198775825 -0.108702193790327 -0.0611622272232188 -0.0430491625798112 0.0426871452566436 0.102917195683971 0.166619038056256 0.177857047502954 0.257731856243562 0.230910079505547 0.267297526535976 0.301578423284355 0.379025344624199 0.516274704110344 0.626797861621785 0.633164646976384 0.562273975124830 0.584908296664397 0.600005454548122 0.501780330287835 0.444084438415118 0.481656795535834 0.311759638208027 0.316817852475774 0.308154975778984 0.145290217538234 0.0467628145022308 0.0989074794227656 0.166248850382973 0.213205048261207 0.244493027078900 0.273939983681342 0.307092092759430 0.329310488512620
# FDY_5_1:
 0.00959363107032514 0.00959361961223644 0.00959361162237345 0.00959362133685156 0.00959361850440972 0.00959360521613791 0.00959362409487382 0.00959361473792216 0.568389164276144 0.00959362588778630 0.00959362864492837 0.00959360587242893 0.00959362265035376 0.00959361860496307 0.00959362823871464 0.00959361127731880 0.559084353711156 0.00959361818994571 0.00959364262704961 0.00959363589687497 0.00959361867955407 0.354225177094344 0.308122518647289 0.257184919330766 0.193786654580455 0.0749247143403236 -0.0323127020616067 -0.169895310379184 -0.311683718390371 -0.282941035354337 -0.334109177592660 0.00959363009535482 0.00959360399710148 0.00959362964737183 -0.0293805504266111 -0.0286539826728380 -0.0826764509368946 -0.158801018757704 0.00959362686696393 0.00959363272283172 -0.473730605995370 0.00959360687658658 -0.283991512197251 -0.381202141937068 -0.403819330315478 -0.291109870323790 0.00959361047618098 0.00959362987388842 0.00959361275210798 0.00959360835375252 0.00959360780507764 0.00959361046069647 0.00959362430527973 0.00959361488061690 0.632000453481826
# FDY_5_2:
 -0.177055095399863 -0.241050323519903 0.0382872273096554 -0.295269759786863 0.0382872288945974 0.0382872312697295 0.0382872223685626 0.0382872341206943 0.151755190165792 0.0382872370528901 0.375119310227624 0.334648145147988 0.0382872240106082 0.178912815149297 0.133889774834878 0.0382872307921408 0.0469565460777378 0.0407906903192460 0.0382872160221583 0.0382872337220443 0.0382872311315120 0.0382872299648639 0.0382872392427437 0.0382872324065010 0.0382872150155857 0.0382872264152402 0.0382872217012235 0.0382872296565159 -0.888368175539927 0.0382872317024251 0.0382872138785628 0.0382872205505617 0.0382872326542486 0.0382872381517258 -0.615969756572749 0.0382872286848745 -0.652422938279612 0.0382872368437090 0.0382872201369166 0.0382872365731627 0.0382872349616767 0.0382872336335506 0.0382872266047295 0.0382872282807071 0.0382872245291267 0.0382872212919606 0.0382872261353574 0.0382872316752300 0.0382872224999002 0.0382872265106706 0.0382872209876787 0.0382872246445846 0.0382872294979246 0.0382872420238568 0.0382872136259453
# FDY_5_3:
 -0.0119096598807748 -0.0767884961876211 -0.533059052266428 -0.191755132457382 -0.210627154370475 -0.205608156680314 -0.212000040140678 -0.231277128211872 -0.222616830299637 0.201796806345043 0.200239579819751 0.252209366824889 0.184055131378571 0.214796704561789 0.212033319599329 0.241784596554276 0.157838942969091 0.158453715574976 0.178649876552563 0.0725525525935462 0.0274826615154462 0.0839183979468869 0.0274826453473429 0.0274826718543617 0.0274826697881967 0.0274826515939160 0.0267905183020265 0.0573273005625386 -0.161806930607332 -0.0771973195744564 -0.416671902270360 -0.401230612423464 -0.219555055813070 -0.0841644044443981 0.0147969495504807 0.135023515603694 -0.0848005025273435 -0.161533288356242 -0.0180023219706091 -0.0691977114166187 -0.426642076466717 -0.397517018201914 -0.346580906104873 -0.389924737200608 -0.0376780587036582 0.0196663434938478 -0.543346732642492 -0.491440120804945 0.516997233398356 0.566025530773009 0.648471491415126 0.621844630788438 0.487901767125705 0.503924108482537 0.328419669708549
# FDY_5_4:
 -0.00218116453549587 -0.483091021013804 -0.497538278735499 -0.00218117949662243 -0.00218117862431754 -0.00218117775937386 -0.00218117509093595 -0.00218116191572125 -0.00218116900689246 -0.00218117057277144 -0.00218116126212585 -0.00218116945732859 -0.00218117998854360 -0.290663687943037 -0.00218117483495760 -0.150563104051459 -0.00218118141219680 -0.117718491139294 -0.00218117813665340 -0.0727502263425965 -0.0936655457720905 -0.0820081758157613 -0.154902121819137 -0.0961525232531974 -0.0338849184960443 0.0521007351349494 0.000565448366539168 0.0837092490945979 -0.0732188831603369 0.0614486384625346 -0.168202302726377 -0.0657367892413199 0.0422286045219795 0.198825169081543 0.338631542715290 0.475433595049237 0.207301252311974 0.163014973591707 0.304627342374837 0.241374672735071 -0.119449961795045 -0.181772748631042 -0.103340894172039 -0.214758812104171 0.0383260876012679 0.0277004867326320 -0.493153687758734 -0.506685951633634 0.144975496255134 0.205825122896133 0.280042907840595 0.312206262901325 0.285927363723187 0.309364501040069 0.256165095267953
# FDY_6_1:
 0.000339462507397298 0.000339450354833898 0.000339476958257363 0.000339462627535864 0.000339481170402662 0.000339479989718667 0.105062527553328 0.159884761267071 0.000339459991569752 0.311882475805145 0.000339472458264984 0.306336163773744 0.000339449961137268 0.000339447549094258 0.000339456548602952 0.237895460828125 0.259056516854385 0.000339473816823583 0.000339475801106543 0.167953914460936 0.000339483381619649 0.000339468596430576 0.000339465795783750 0.000339458278799382 -0.255281763454622 -0.319865190390440 -0.465601120430916 -0.463594408285422 -0.426915288525099 -0.346763243841393 -0.349809370364082 0.000339470560488825 0.000339463908032462 0.000339460665452035 0.000339481772932244 -0.164646003266097 -0.329045247048501 0.000339479622981804 0.000339474291957293 -0.428794583870557 -0.387795986349499 -0.454088720635881 -0.655379056522345 -0.604026588569134 -0.114276127044083 0.000339458009560529 0.123324659719930 0.314791711703039 0.521384724734318 0.597772131857390 0.550483137508077 0.510563044241057 0.508567909036384 0.496431006717583 0.586345337918775
# FDY_6_2:
 0.193693234545404 0.0581621617216155 0.0999342064981454 0.0676942223109100 0.108360719850165 0.507208465955701 0.511077768532484 0.559193210755670 0.531198435668745 0.584988386812479 0.520932762496191 0.516035087544411 0.379405409347306 0.345960383142187 0.345691210072128 0.299174457320496 0.321632089053651 0.301241265866743 0.184219849466600 0.165592814309024 0.160832448466279 -0.0227356916766053 -0.236358525133568 -0.266678274906937 -0.505254376298849 -0.610199675977537 -0.724071816573604 -0.615595443409858 -0.597734842900438 -0.498329104745757 -0.497830982377987 -0.560092129359048 -0.624497785173970 -0.459923143927277 -0.342473349715608 -0.435454687783090 -0.616032556896131 -0.640134608880300 -0.618787118665833 -0.585464895255233 -0.532549018914480 -0.746923301942443 -0.858909793171852 -0.624225118434731 0.0968124520316764 0.225894365457104 0.359747728090411 0.524325964587468 0.632118941474297 0.622590057975845 0.555364003507222 0.529063144301141 0.547587604639736 0.606855450299627 0.757667940020273
# FDY_6_3:
 -0.149897940414437 -0.153282206137375 0.0506457978526572 0.00111140214622824 0.0252746823275452 0.131726556049755 0.164214842258605 0.308997616357663 0.491627098342618 0.720041104350979 0.646342489440683 0.487312187346150 0.251786151743389 0.371584826823001 0.340464358108863 0.310007712863358 0.339661697526277 0.207948082066509 0.208354572797494 0.148783001953357 0.122934456324698 0.00895417920661152 -0.0959876116320339 -0.176017149578506 -0.346409458032593 -0.495769615780225 -0.592318798921826 -0.595228280924069 -0.642902753294929 -0.510407462134029 -0.508924568660411 -0.467161725808248 -0.467209396333704 -0.347869298355095 -0.292939998352239 -0.342461913597526 -0.419711735767372 -0.464853514573306 -0.515989202890074 -0.606760972215384 -0.594567568709440 -0.579761205738823 -0.572762015724247 -0.500064860643728 -0.341580993242751 -0.221876093034753 0.162344129609955 0.711994943229408 0.772074195177238 0.779056791092682 0.717997673141015 0.641125455133859 0.609284248088524 0.600528346374261 0.670537742763741
# FDY_6_4:
 0.0738094752221149 0.0472741256182410 -0.119617595892309 -0.0272494256818287 0.00355798277550620 0.120847824016328 0.237307276852596 0.437769318376511 0.680687141837397 0.630620857380142 0.646194871863420 0.526424570841591 0.445719692961635 0.390119756823475 0.342214380281609 0.321439042855198 0.296072873961064 0.290363189765404 0.201628642508744 0.204409963514897 0.00723556495926222 0.0362923838757237 -0.0794030638919806 -0.380083110843605 -0.718253597032115 -0.581890606338053 -0.589702401800697 -0.655553832109950 -0.636644173662636 -0.603237025599453 -0.654970877070243 -0.459806880272705 -0.375022729495025 -0.308978684348327 -0.233062526223371 -0.378021264105060 -0.479367758623247 -0.480694657005756 -0.521291096282467 -0.570703470389121 -0.575073225733710 -0.620325942696803 -0.576580201148413 -0.508194851805602 -0.356054785069601 -0.234032804822680 0.169086699816988 0.747407995760602 0.791012606477806 0.797774428169517 0.730155844176133 0.655694185987967 0.609702700322832 0.604965332636797 0.678027858305256
# FDY_7_1:
 -0.797898099576895 -0.853788784513235 -0.890348286257844 -0.938467207344427 -0.964911669596702 -0.994314079360777 -1.00954977038473 -0.989107671853984 -0.963101610148766 -0.928832108867337 -0.898377440354041 -0.863485691348448 -0.815837113260573 -0.768978662699719 -0.725818031636843 -0.660424809289848 -0.589103578715441 -0.513510519404956 -0.439321026623207 -0.414146931910454 -0.364395304533070 -0.322563035469665 -0.320921865080379 -0.253180776740700 -0.203670407090560 -0.128235302861369 -0.00371974271076847 0.132991739435357 0.347109520754688 0.424073378567507 0.966343660730847 0.975551999015135 0.988565877845791 0.953164554867784 1.19199302145273 1.27734990300063 1.30502663559540 1.34255218135188 1.58530921652415 1.42419753365557 1.43885975753829 1.14255912351379 1.64566896948815 0.958296658375304 0.217255420946535 0.0314337505872333 -0.0189692892784137 -0.0642019292146976 -0.146379832734411 -0.153058261544008 -0.117972517873172 -0.103215059803798 -0.0793860958952031 -0.0444367668572692 -0.00467362241107038
# FDY_7_2:
 -0.647547820272884 -0.702973177284671 -0.737293202779289 -0.792172791783162 -0.823565810911182 -0.856711086141255 -0.862819737817527 -0.849940722595313 -0.826558095910714 -0.790232629152597 -0.751046955230489 -0.710441187706862 -0.685488759097295 -0.637723664362919 -0.581924357638281 -0.508636662429269 -0.438899792299285 -0.367154529672381 -0.322856011764433 -0.291073969405685 -0.269985552791466 -0.250945974530122 -0.244278566318538 -0.190724825278103 -0.157625005527448 -0.0701623457213802 0.0504445993614660 0.142887096665881 0.261232743677605 0.350188080432466 0.527493511716585 0.531724295409949 0.494423822810436 0.583633712704675 0.786160672657779 0.961640301967711 1.05766563412006 0.962357668817261 1.07275650977817 1.21048436958252 1.17596395460834 1.06209383873554 1.46069331638269 0.635492745792900 0.306290260012293 0.218223970535517 0.187516120598601 0.0153555281894127 -0.0998826125895834 -0.0311932776446859 0.0133309390834669 0.0380352846695261 0.0877531014270803 0.124197998990216 0.181819045928676
# FDY_7_3:
 -0.776338353560701 -0.823326153512473 -0.851583377213003 -0.905450876088127 -0.938223984212640 -0.976962404139510 -0.973794209545683 -0.958765062368201 -0.932542217510804 -0.876264123124004 -0.840761725675864 -0.786903737537175 -0.775369492252929 -0.729188349021949 -0.679008372643941 -0.595123885631941 -0.520830077597184 -0.441405356659602 -0.406580784026981 -0.368774893314440 -0.341492826443863 -0.323238615170272 -0.318605791785099 -0.228934648443339 -0.207199912363534 -0.122290063798279 0.0175773761695366 0.139192174429262 0.228804978707854 0.523057681998699 0.660667714071403 0.751039887030106 0.612181157508165 0.771931557273215 1.03667843686264 1.19507654276406 1.36964979108700 1.55375738051266 1.61748587068239 1.69448567077619 1.55289107377813 1.23558479390056 1.62090451539780 0.368729791266646 0.0947918232229413 0.00843980030482432 -0.0127199843074370 -0.114101531862274 -0.181175735755011 -0.111755813830801 -0.0557343148492215 -0.0370643352077557 0.0172053448832897 0.0460409664335231 0.0953366803931229
# FDY_7_4:
 -0.921429264968463 -0.962778541701144 -0.986331350699870 -1.04155604980905 -1.07130054551357 -1.11412891515171 -1.10796044952050 -1.08748572798518 -1.06059955558430 -0.998129517680902 -0.957997634306800 -0.894359125422204 -0.889510967902655 -0.853440313526466 -0.804238208736819 -0.720017566170241 -0.641930818164446 -0.530332257067962 -0.505792963998211 -0.446696740826756 -0.410616919328752 -0.396799332549218 -0.369403055509007 -0.266072643953131 -0.252785146257835 -0.145377919190366 0.00575794131570835 0.241735205000197 0.320442779184694 0.974303945499915 1.03643310580787 1.19679392161869 0.957800719341849 1.21754740880883 1.31782822055441 1.44178667267795 1.66872211207266 2.41281120698684 2.09020803900802 2.14251129153324 1.78476516722350 1.14687505212975 1.44907508977851 0.150633480114087 -0.130749966636744 -0.208381693162913 -0.202074413310227 -0.270461602866013 -0.337179120120876 -0.262346452460598 -0.206746778732981 -0.182501624875653 -0.139193646657752 -0.113445121418515 -0.0658794068888617
