# Number of parameters = 1827 Objective function value = 29510.4315257903  Maximum gradient component = 0.0196259033396733
# lnR0:
 13.5341711522441 12.0978952073534
# selpar:
 0.754686008251384 -1.30066798300353 -3.30872842443712
 1.32534106040450 -1.24972124545918 -3.20733854445322
 -0.792530063652280 -2.10129458719793 -1.01348841637663
 0.287033594233328 -1.34493121809371 -1.68325748516650
 1.52635724830031 -1.02408341401232 -3.36594078480923
 3.95796797417330 -1.43651133324703 -4.03129089865796
 -0.187920901062107 -2.22542875390372 -2.17306743461634
 1.21486316503835 -1.48339003469907 -2.72290674463648
 0.198177667092938 -1.72567782216456 1.26878620835148
 1.57545565734927 -1.18213832614176 -2.10289098377917
 0.407063913948987 -2.69596948017670 -1.56280191182461
 1.56808689004028 -1.31075072275804 -2.93585138534497
 1.17127377032208 -2.06138931890814 -3.09105913880255
 -0.330362462811503 -0.333909843515654
 0.726842423471434 -1.71984119805048 -1.72815073271275
 -0.984796014962955 -3.04955282501706 2.06958258192109
 1.33295375703116 -1.22643450119158 -3.21210652365527
 0.565343570724993 -1.88735797420007 -1.74873680894567
# movest_p1_a1:
 0.208159181188968 -0.422209635066409 1.86538240743564 0.415785749548725 -0.467468901000080
 -3.15107299824423 -0.941784904229628 0.0482702159034947 -0.542081998452475 1.68057254170002
 -0.925845605677857 4.30803434965594 1.86886634519457 -4.05984553548937 -0.561746841828087
 -5.67925388963255 -4.40613915949647 -5.44071147074578 -2.81836938323238 -1.71447011348178
# movest_p2_a1:
 0.651340328008422 0.00991415375582960 -0.208100681276344 -0.0524697231836253 -0.101267575765391
 -1.18828677640772 -0.0209406216903325 -3.20768898474222 -0.571434018106943 3.44206767876536
 -2.24030299111699 1.25626926530381 0.164524109390296 -2.88321146097809 -1.09933017340511
 0.0657133585314131 -0.0467188535018446 0.787912681332132 -2.32698356473475 3.53072674208791
# movest_p1_a2:
 -1.35170636371407 -4.17533637313136 -0.612253319480472 -1.58405471263814 -1.35635974354645
 -1.68772405295105 -6.15153115829264 -2.46906012098993 -1.39306216529948 -3.59485902394339
 2.49754320126723 -1.91037995811499 2.99443786754891 -0.473865803427493 5.47690816807443
 -0.103061385589798 -4.56036721579850 1.65715177740029 -1.13601109774305 -0.0783061928741855
# movest_p2_a2:
 2.81957052700735 -3.58163309738318 -3.51866365236802 -4.49208466575680 -4.36093395708581
 1.98211860386223 2.10364115014119 -0.609084497707797 -4.98556821621240 -3.99674974736236
 -0.237995738012209 -5.17821278393734 -4.15356731820932 -5.85869990163062 -3.91215618159803
 5.95326620729530 -0.244830749560875 0.305140700452784 1.87722286693889 -2.12223315980556
# movest_p1_a3:
 0.0993212840653150 -1.12258419608492 2.10437449409199 -0.972554854790110 0.362748000415177
 -2.82540354201041 -1.47249029596936 1.53965201385488 -2.62148340212518 -1.39197153130631
 -2.30514164813128 2.76954009005705 0.569798232862537 3.28350390614976 -4.92578274809882
 0.708384013259165 1.69079231427582 1.86041861020047 4.82428667938629 -4.13305247650455
# movest_p2_a3:
 -3.98098894802540 -3.53131581667545 -1.70897478350361 -3.66725254725589 -3.59288913500939
 -3.13503972769141 -7.99999980482673 -3.74091614022164 -3.06511828952829 -3.70054280228234
 2.49946801077934 5.93033534000470 0.908926050496399 3.32640828527230 -0.687903470504942
 -1.75311932556722 1.16551392146292 -1.89673347481903 -1.89859647956427 -4.40140799179467
# lnqE:
 -4.42818939938519 -2.88037893133847 -2.40914039856820 -3.87408633134310 -1.57454666048845 -1.19573417041135 -1.94509325629466 -0.385273223297293 -4.28812718882302 -2.55441384880672 -3.28884300276405 -3.06001169002365 -2.32297645273845 -1.33250464359095 -2.47081171632027 -3.72610736335023 -3.98487317126683 -2.53774280204722
# Fmod:
 0.391836387503046 0.644884703135302 -4.60178383947835e-006 -2.19984712235502 2.06221929698585 0.101752821802041 0.875102630580715 0.478782433309716 0.910124474139620 -4.59799069057227e-006 -1.49759025157583 -0.00884148552203905 0.428199459792743 0.671440209280144 0.369855464136112 -0.243166871120698 -2.38953809070694 -1.55683531691310 -1.62678275198936 -0.200754508462604 0.800577133987835 0.345026214956673 0.290116551349873 1.85661600014492 -2.15342770099747 0.123976588593608 0.627329009195129 0.898953920524255
# visc:
 1.20661735125053 1.13355549393915 1.42797978913100 1.73744646337205
 0.482210434044959 -0.325583409849990 -0.796032070959915 -1.80162618201177
# lnRD1:
 -1.03855251331888 -0.885776851464346 -0.496826655568587 -0.617182655894703 -0.504292140600356 -0.432365471278670 -0.534526748564992 -0.400917876973645 -0.298596939406230 -0.116128263900596 0.316959615021212 0.297647691464636 0.445654887895102 0.448001777865119 0.422065441325755 0.529729184540157 0.201670358594860 0.368665543839903 0.350547062355265 0.531303660648326 0.476641223086976 0.307952198315754 0.734477677898821 0.888792410595521 1.13359969956010 -0.558182777506416 -0.746593221268489 -0.823766317261596
# lnRD2:
 0.910365388582086 0.114690163351846 0.598773568957316 0.168306586950195 0.156751502687309 -0.264666456888970 -0.0938691575648280 -0.112211259800262 -0.213645779449779 -0.0579205468723524 -0.145468634749291 -0.204445882977424 -0.0803040817840214 -0.209656808154774 0.229485775588622 -0.489441268892658 0.0801894278314746 0.281286623369258 0.0705206899882876 0.543560956825766 -0.0579886299584069 0.624471361932480 -0.158782288467220 -0.440540768610512 -0.136883862771768 -0.118486678864244 -0.452536019632472 -0.541553920625658
# lnRD3:
 0.00000000000000
# lnRD4:
 0.00000000000000
# FDY_1_1:
 -0.00712431058394857 -0.00712419758364968 -0.00712428012033561 -0.00712429151316185 -0.00712426656729603 -0.00712433852094707 -0.00712442518458244 0.556609902346165 0.490068753729554 0.445324923095648 0.337450177913093 0.295120501215386 0.275635894978146 0.225530875862318 0.191079635642329 0.162950440103334 0.0784999601278432 -0.0247595619524535 -0.0880645595592841 -0.139849216975560 -0.183267916175162 -0.211552755929408 -0.236152280947194 -0.257561996636662 -0.270968224074845 -0.253228293548436 -0.260980966808557 -0.260812163916048 -0.261139016204868 -0.222895889154676 -0.201930428249040 -0.184587352050054 -0.176673292252719 -0.159602787494101 -0.107601675479105 -0.0793764548895745 -0.0623335138034916 -0.0685241511030729 -0.109742260695766 -0.0910844348320824 -0.0433042339710822 -0.00694212322313936 0.0452866187393480 0.0957699112532845 0.116652995451554 0.138766786784888 0.170793860317863 0.138721991611404 0.115830465602689 0.115101783941665 0.100196549580279 0.0376078538072114 -0.0254156801806108 -0.0443766465102510 -0.0504018954128377
# FDY_1_2:
 -0.00870530363461080 0.735201558667828 -0.00870532390931893 0.682864286575357 0.644141605511106 0.607601459229002 -0.00870541455092515 0.546344883064391 0.499306566475587 0.456036541161285 0.321206747133496 0.285810638616875 0.284191391427508 0.245767774287850 0.182666981208677 0.122601485311534 0.0713448696546672 -0.0780342151921154 -0.139297326773473 -0.188570270067295 -0.216820714137456 -0.258630635024714 -0.277032609807005 -0.295968876524510 -0.317586263035251 -0.305913653096162 -0.314174355199425 -0.318073852399671 -0.323679359012277 -0.289477158001205 -0.270875126097636 -0.256000253085626 -0.250063802229816 -0.236763834792572 -0.178664941025280 -0.152467362868494 -0.144794635877921 -0.151203606817121 -0.195676627286330 -0.163825330030812 -0.109841847623454 -0.0676958553313840 -0.0207496157850731 0.0292378890112043 0.0453092378257782 0.0673479088170152 0.0945109304648639 0.0509211947194145 0.0183184194602201 0.0183599659058302 0.00466984713271752 -0.0595238195390496 -0.128352308815535 -0.137831942930241 -0.140055941160448
# FDY_1_3:
 -0.00672461298032464 -0.00672468595810757 -0.00672477778587874 -0.00672476689236509 -0.00672470766233799 -0.00672468206086860 -0.00672468392045308 -0.00672468772947729 0.527731994981602 0.495708093756557 0.408539860865654 0.360467406207302 0.343264369452825 0.293067673926139 0.229711741245960 0.169951770750934 0.119607401515067 -0.0159575045715432 -0.0787081986676610 -0.130143689477744 -0.157909695326891 -0.198683776469930 -0.216158331607421 -0.236268986874957 -0.259394009052748 -0.249880093214037 -0.00672464661657932 -0.00672471744778422 -0.265926626876016 -0.232346660305523 -0.212498670380026 -0.00672461630702356 -0.199577479849986 -0.00672467688151032 -0.00672464193927455 -0.106626220683829 -0.0981782133646469 -0.0964161573346056 -0.148615910242144 -0.125163353887359 -0.0707739155467426 -0.0343382055840726 0.00953901188691100 0.0680666524013789 0.0873805797135397 -0.00672471209352052 0.129244478028817 -0.00672475704378092 0.0663086910739031 0.0617757890233948 0.0563174850225374 0.00541961598625276 -0.0589651616790780 -0.0670764089143871 -0.0716249726081417
# FDY_1_4:
 -0.00627332320620848 -0.00627326818711520 -0.00627339211598947 -0.00627324415289703 -0.00627330402249964 -0.00627330648612094 -0.00627327562227702 -0.00627329651904311 0.529855303431235 0.426858158328072 -0.00627327546692129 0.339000550271417 0.309251554128741 0.255498311149147 0.219141907796885 0.163228862318405 0.121038539141473 -0.0212386126862166 -0.0577221643353976 -0.110435592245337 -0.144986649147570 -0.192101963578947 -0.208901979672542 -0.220905972723163 -0.235664968116318 -0.225075949217407 -0.237471289990802 -0.235078055001325 -0.228511230890786 -0.184854230883435 -0.00627327884205169 -0.149273595226188 -0.147757096971128 -0.128981175338526 -0.0584427369855065 -0.0379084907673553 -0.0523040834621494 -0.0509829108134150 -0.0681079772008120 -0.0564186580601119 -0.0393827235280940 -0.00247669388164411 0.0213569485316995 0.0659755987473327 0.107420603166367 0.126106837723048 0.129982772879439 0.104296561948157 0.111843661309538 0.114089943335583 0.0607532288041954 0.00332023021770151 -0.0151250645011068 -0.0199511697899080 -0.0162255735921224
# FDY_2_1:
 0.514819874531389 0.441309074810592 0.423806143929480 0.388572453822412 0.343610564175913 0.298992321590876 0.273168973651862 0.258191536260109 0.232443222121511 0.223841811272964 0.193338881524467 0.150802522252088 0.115229903397546 0.0951876669279877 0.0876722091772893 0.0654609823281512 0.106008627093107 -0.0324214701708740 -0.0743604859247835 -0.119555723975119 -0.150510634464108 -0.211484048254226 -0.230117171211330 -0.244370469532370 -0.275252495690124 -0.416372374571833 -0.281902214741271 -0.279774540315605 -0.292778320767232 -0.252396252519306 -0.243454579026573 -0.207828050671583 -0.203577304661707 -0.167382938887703 -0.103973443047446 -0.0735080325669912 -0.0770354770391472 -0.0753994686735444 -0.0835431443271819 -0.0932779736288598 -0.0911892501430031 -0.0784872913102940 -0.0476515219371114 -0.0115815462597970 0.0457471436448591 0.0108160568732237 -0.0229477992926936 0.100376993170009 0.120178761641621 0.129733886842439 0.0757423263989843 0.0392678521304628 -0.00839060845424284 -0.0573778950819541 -0.226417262421327
# FDY_2_2:
 0.437366784731756 0.378344401667067 0.324965262465031 0.279893954744785 0.229671285830877 0.177339704716233 0.178495054713997 0.211146281727892 0.239677227299587 0.00685974079309272 0.284155104556530 0.224676200461220 0.214840473515177 0.206491888159723 0.206903164489549 0.183185229629632 0.177224868346120 0.115970997804072 0.0809537351602435 0.0362989305898195 -0.0140971329632599 -0.0805926806213243 -0.131219020951156 -0.163942233272321 -0.211773762020332 -0.358620963602287 -0.315716186348843 -0.290975991869828 -0.319900785687078 -0.253854209921106 -0.289508530115466 -0.249814527012625 -0.226345690298813 -0.152732645335278 -0.0727159466263693 -0.0532988393380650 -0.0909596247660808 -0.0927419367050651 -0.102532171058203 -0.150867474744906 -0.131634522809787 -0.138999320563669 -0.139575832320631 -0.199242065937659 -0.0493343162861984 -0.0133168668873388 -0.0164967892369437 0.0524850373154125 0.136609238967923 0.132036967210173 0.0939570494994252 0.0187371681262848 -0.0382366292068491 -0.105453113261743 -0.173785942752395
# FDY_2_3:
 0.310029026791224 0.229134654299149 0.233127561796560 0.163120792058938 0.113224389172654 0.0672699837357895 0.0834978248081477 0.0926554837546984 0.0849339592783320 0.00220305732869369 0.0941761713192426 0.0567893321309800 0.0472972467074763 0.0436761414226351 0.0598157230248876 0.0687934419238678 0.0823467256394121 0.0423827864772647 0.00437087890013126 -0.0352007379359448 -0.107524983184755 -0.176613048299758 -0.215833626296222 -0.223417011465816 -0.251714645861369 -0.264171936113562 -0.268296064955173 -0.226061460969211 -0.217534110448056 -0.141838458584895 -0.152305966496119 -0.119960791141982 -0.0915359620349452 -0.0295307134676655 0.0467545896126379 0.0690852205740395 0.0386350287997043 0.00616693981740662 -0.00497544559130675 -0.0701546673841660 -0.0710230144423106 -0.0914508105140939 -0.190335451196795 -0.151124384913599 -0.0186408392796514 0.0176477251005844 0.0501407449746518 0.101199211684760 0.162410998495842 0.194967534426093 0.183300663594691 0.140690991860883 0.0959086120324787 0.0765704371655975 0.0569202518679425
# FDY_2_4:
 0.630945119762418 0.593356669605629 0.536968983146613 0.477731275159638 0.416451760758432 0.387021945859871 0.400560073795247 0.353668071398843 0.277523070531188 0.234187468963016 0.279051868308512 0.181301996881010 0.174866922322502 0.160765748987793 0.134043748948902 0.0808601511024392 0.0748645974704390 -0.0124081469699979 -0.0511478215711573 -0.0998311001939928 -0.261976050833398 -0.375500068861247 -0.287767045844747 -0.269752494933596 -0.259313931946925 -0.280868685657694 -0.280666170864353 -0.289349647518777 -0.299065055976966 -0.260936980356873 -0.251190363689678 -0.205265675088549 -0.205227439991535 -0.158256546481876 -0.116529412651203 -0.0641472392414732 -0.0935780711925480 -0.108159214836765 -0.127810872461579 -0.124342992276780 -0.122643942841347 -0.124853109130363 -0.104184645428982 -0.0422365521741634 -0.0349313158028412 -0.0894449427233372 -0.0324760472344636 -0.0124130209118888 0.0226211397279011 0.0260086554763886 0.00535315608942781 -0.0243643307071004 -0.0878068057280432 -0.154943992719229 -0.134762689452740
# FDY_3_1:
 0.00000000000000 0.00000000000000 0.00000000000000 0.00000000000000 0.00000000000000 0.00000000000000 0.00000000000000 0.00000000000000 0.00000000000000 0.00000000000000 0.00000000000000 0.00000000000000 0.00000000000000 0.00000000000000 0.00000000000000 0.00000000000000 0.00000000000000 0.00000000000000 0.00000000000000 0.00000000000000 0.00000000000000 0.00000000000000 0.00000000000000 0.00000000000000 0.00000000000000 0.00000000000000 0.00000000000000 0.00000000000000 0.00000000000000 0.00000000000000 0.00000000000000 0.00000000000000 0.00000000000000 0.00000000000000 0.00000000000000 0.00000000000000 0.00000000000000 0.00000000000000 0.00000000000000 0.00000000000000 0.00000000000000 0.00000000000000 0.00000000000000 0.00000000000000 0.00000000000000 0.00000000000000 0.00000000000000 0.00000000000000 0.00000000000000 0.00000000000000 0.00000000000000 0.00000000000000 0.00000000000000 0.00000000000000 0.00000000000000
# FDY_3_2:
 0.00000000000000 0.00000000000000 0.00000000000000 0.00000000000000 0.00000000000000 0.00000000000000 0.00000000000000 0.00000000000000 0.00000000000000 0.00000000000000 0.00000000000000 0.00000000000000 0.00000000000000 0.00000000000000 0.00000000000000 0.00000000000000 0.00000000000000 0.00000000000000 0.00000000000000 0.00000000000000 0.00000000000000 0.00000000000000 0.00000000000000 0.00000000000000 0.00000000000000 0.00000000000000 0.00000000000000 0.00000000000000 0.00000000000000 0.00000000000000 0.00000000000000 0.00000000000000 0.00000000000000 0.00000000000000 0.00000000000000 0.00000000000000 0.00000000000000 0.00000000000000 0.00000000000000 0.00000000000000 0.00000000000000 0.00000000000000 0.00000000000000 0.00000000000000 0.00000000000000 0.00000000000000 0.00000000000000 0.00000000000000 0.00000000000000 0.00000000000000 0.00000000000000 0.00000000000000 0.00000000000000 0.00000000000000 0.00000000000000
# FDY_3_3:
 0.429721315217939 0.355412127723202 0.327360643374825 0.270292405938591 0.231279176566341 0.193849381096470 0.176349795716495 0.124492324575932 0.0741100881876590 -0.0202919145524439 -0.00276323058126243 -0.0474585301172868 -0.0818053694823498 -0.0794159526118455 -0.0847583689135183 -0.167873202523015 -0.189251848308163 -0.195409937310637 -0.182494300183175 -0.186781810978625 -0.204076491319352 -0.237952710009172 -0.260859636404986 -0.277458005313534 -0.306667197137534 -0.240758316097460 -0.227508657721772 -0.213033549996485 -0.184026714235719 -0.142659449011273 -0.136574081164731 -0.0760732375917304 -0.0408935185625419 -0.0304374308804354 0.0481880900349791 0.0578852183786047 0.0681520659566299 -0.0341375094336316 -0.0126454514813786 -0.0433829098154722 -0.0642349461603740 -0.0652723066322718 0.0778411600662432 0.0953182631277318 0.107489831064492 0.166143690852700 0.171426004900598 0.154374055026555 0.197820116383016 0.221177545168376 0.162101159435506 0.111845014600781 0.0917327390850193 0.0914526900119971 0.0311416820414933
# FDY_3_4:
 0.482212860191109 0.420736201849149 0.382056595660380 0.342235142182786 0.307487699295174 0.286101302694857 0.258556432036800 0.212995666425857 0.170381057877859 0.118991141393053 0.0734948100019802 0.0697056949350888 0.0291411837793303 -0.0184159985112783 -0.0346546587322908 -0.0810799838228410 -0.102262141472636 -0.194326518741591 -0.223397577543203 -0.263872953215952 -0.289258148114307 -0.330390880348368 -0.350365501369744 -0.342702423891964 -0.346692814076649 -0.334282815604748 -0.311005180088535 -0.297351039589852 -0.267038648088258 -0.229539308201863 -0.167066106221604 -0.142504036044076 -0.129369113589626 -0.104157681666456 -0.0130501080595231 0.0385676975631622 0.0202050006072419 -0.0337564010919273 -0.0337564049699976 0.00633608882092924 0.0222492783358648 0.0717744733474842 0.102345518905504 0.124981964599708 0.144704418396324 0.183313023427163 0.143459725909190 0.129983232586389 0.150340693637999 0.167104468228797 0.119514684016329 0.0467025118558986 0.0115315599582562 0.00854016355340798 -0.00545384901578066
# FDY_4_1:
 -0.331191461047092 -0.392760236361002 -0.440071951783573 -0.505321224691100 -0.549988418085973 -0.586868821667170 -0.596293624129254 -0.600143047488166 -0.587732566269275 -0.573822875704921 -0.590017334805002 -0.585288565956102 -0.596884554036393 -0.573428247966613 -0.531605556845439 -0.478560464098292 -0.424430588295770 -0.381662398777647 -0.355428399985051 -0.340905393831443 -0.366883990465473 -0.354589698489863 -0.349053459142636 -0.317049631401179 -0.304300859393345 -0.243917479870434 -0.163743439703692 -0.0926514926033690 -0.0361412762625203 0.0471373412755643 0.0581138293217379 0.134340483409692 0.156260296640486 0.230727678474559 0.291100436172179 0.338759083021459 0.354241121094159 0.354270317084693 0.363076335441375 0.355418045270896 0.348616461100383 0.377056222643892 0.467110919815345 0.519272965004629 0.643778780542922 0.737535761476425 0.809790549118630 0.856421050893307 0.866817146563217 0.847060054349565 0.783765053476193 0.694918291366060 0.612707588578049 0.534882531569823 0.467558715452548
# FDY_4_2:
 -0.348453133032004 -0.396518543792966 -0.445600150375872 -0.512302076471998 -0.550468756189851 -0.585229390893918 -0.587982771371679 -0.579513847406193 -0.574149463694220 -0.550432489868243 -0.553502329227215 -0.549387449264503 -0.554274202636460 -0.523994768995895 -0.481283517137541 -0.427300357283277 -0.376766057136594 -0.324153570814893 -0.309110921480628 -0.303318585898494 -0.322102633796053 -0.315461503241442 -0.308973649401349 -0.297612312103555 -0.284300417549545 -0.237291872258321 -0.144499915548687 -0.0675795238892187 -0.0244982056537488 0.0564996001055913 0.0654160585736070 0.134867485564076 0.158947443568493 0.223661118785491 0.288136103881634 0.331294537572883 0.348281928067889 0.353710924252680 0.359419688222378 0.343583376985893 0.331596811863282 0.367661630200722 0.438969981114338 0.488179176866427 0.593291938666152 0.756636252937372 0.775675601299361 0.774164318487884 0.788189595852850 0.767664300224038 0.710682271204562 0.627712418748154 0.565145094360781 0.478118525845981 0.408556233161849
# FDY_4_3:
 -0.364381679650861 -0.419585597369751 -0.463075705149468 -0.530453533913947 -0.567096191267593 -0.605648886587852 -0.613059323517856 -0.607732883343442 -0.602401810657695 -0.572329315310357 -0.564113961035495 -0.558572999363374 -0.563798145417086 -0.536426663602239 -0.493495592846255 -0.440488234079984 -0.384623278919872 -0.327728587178043 -0.308009210386192 -0.300118419106089 -0.320066214050884 -0.318564182426618 -0.316821920261077 -0.290061689876285 -0.284298172984185 -0.212920991689293 -0.150914123141337 -0.0817459870043786 -0.0329173883396640 0.0516802144592441 0.0608907311575988 0.146015292326482 0.176484208931040 0.238153074314433 0.317584988499450 0.362859628448150 0.383161657169409 0.377338870300249 0.379521414511493 0.367858036736188 0.364477039925076 0.412488704223798 0.509810059281641 0.533540742594032 0.631196414541224 0.703778419312850 0.755336307725850 0.764168478749604 0.772200584804775 0.772642831821264 0.689253117162043 0.613117494810427 0.558630012341784 0.481135170189125 0.408127194139936
# FDY_4_4:
 -0.358238389408081 -0.417690065921764 -0.460034862569620 -0.533993263197112 -0.565141468221168 -0.601562277677050 -0.615134554922792 -0.613097729167621 -0.600767244685811 -0.574735179984808 -0.566098762214224 -0.561529395259633 -0.566334286068483 -0.537384352798666 -0.493974864328413 -0.434413193274017 -0.379282626525117 -0.322763037176796 -0.302900117578509 -0.296522556203650 -0.314909457479414 -0.319478045981546 -0.321417899719740 -0.275205958954825 -0.287441945684299 -0.209112135524917 -0.148571448318539 -0.0686232006255167 -0.0294406349870968 0.0529902487470740 0.0620003638082576 0.146390676976261 0.178503377345510 0.241986864971798 0.316281244325055 0.368762976499999 0.387125627737024 0.378872590345512 0.382673488168194 0.374073548444851 0.370415673482693 0.416876726059742 0.512961939615369 0.534963859690929 0.632317022491424 0.703489793680722 0.745311780332092 0.748454887993765 0.777991565042917 0.738682229991387 0.675581614472703 0.619840262529167 0.557072830207959 0.464454744595893 0.387723016902923
# FDY_5_1:
 -0.0374949587265044 -0.0374950543242182 -0.0374949633011269 -0.0374949586038568 -0.0374950291117319 -0.0374949682441205 -0.0374950286629007 -0.0374950298666631 -0.568204242224106 -0.0374950069913366 -0.0374950306385718 -0.0374949615881975 -0.0374950255020984 -0.0374950160074693 -0.0374949905034650 -0.0374949250188429 -0.297039676786945 -0.0374949899726585 -0.0374950164394082 -0.0374949647701251 -0.0374949244038824 -0.261354646146516 -0.258895136346033 -0.276642629148609 -0.275285430981739 -0.243802787349703 -0.189813350681176 -0.113854467473115 -0.109505464868615 -0.0980725287198142 -0.0932466504562729 -0.0374949916943764 -0.0374950415222400 -0.0374949976655484 0.256973154356152 0.339807392441586 0.442795246384124 0.357682539827797 -0.0374950196695568 -0.0374949636034717 0.365491779847609 -0.0374949985584644 0.507428080035870 0.595372482766496 0.616455585985809 0.504868916008612 -0.0374950652712135 -0.0374949019770397 -0.0374949891535946 -0.0374949566373987 -0.0374949561685071 -0.0374949442964446 -0.0374949601133684 -0.0374950144411213 0.0361764769781129
# FDY_5_2:
 -0.0684765905249485 -0.133184716738732 0.000160650985714335 -0.210311481033986 0.000160666366338221 0.000160561804898714 0.000160679822040551 0.000160685908430609 0.0803020980884685 0.000160681608911646 0.281901859814044 0.227444536986601 0.000160625625121598 0.128166088961630 0.137942670073551 0.000160773258744258 0.106712769899375 0.0989881288163232 0.000160735711040645 0.000160710883386046 0.000160674437189763 0.000160591902135417 0.000160660921069096 0.000160696127749334 0.000160699541520822 0.000160738689464375 0.000160682060593893 0.000160587935543917 -0.465820295823378 0.000160760673906198 0.000160685768428821 0.000160661735407915 0.000160616496954931 0.000160666435807984 -0.127629271558876 0.000160793093860030 -0.0627846316897447 0.000160769411347191 0.000160688062427590 0.000160752722364550 0.000160699275836458 0.000160650264215918 0.000160819043354139 0.000160685807755585 0.000160723464319675 0.000160702537869768 0.000160683391422674 0.000160654156968705 0.000160697361956737 0.000160643461207095 0.000160771062132477 0.000160595711848850 0.000160666782503989 0.000160716618976715 0.000160627798904529
# FDY_5_3:
 -0.480786980098395 -0.424709052636525 -0.561898805658940 -0.496251808583469 -0.549821369351735 -0.559717366141166 -0.599336674948567 -0.609764820514951 -0.610401035253534 -0.516183224960207 -0.522571590992526 -0.439570157556702 -0.522274386756681 -0.446014499736084 -0.403691593390113 -0.387174390783417 -0.347539417855036 -0.310288459952722 -0.233112867837563 -0.309201548747063 0.0295778992579337 -0.269683791466759 0.0295778281795309 0.0295778648627314 0.0295776701721371 0.0295777614220994 -0.0762674663122897 -0.0228834701477805 -0.0716037567362360 0.0161249957243293 0.0294224093784541 0.0778890700142734 0.0938325883211579 0.214936773503212 0.351192838191877 0.433858631715425 0.489024159993136 0.454160278378581 0.482509755342503 0.493966944829329 0.586842330605340 0.709799993344371 0.805497224463285 0.672408802322946 0.627959744653958 0.268934549218367 0.465600767537539 0.545220952084131 0.433222806239246 0.447389420171455 0.430090159797006 0.379342203503760 0.113699599188973 0.0260906228558948 -0.0261581088545188
# FDY_5_4:
 -0.00225410785673426 -0.600299803123371 -0.618841551377908 -0.00225410324718862 -0.00225420074522671 -0.00225415754010101 -0.00225415914383060 -0.00225418583998878 -0.00225417861926165 -0.00225416435024280 -0.00225417445816529 -0.00225413659938696 -0.00225415991579443 -0.575944533598154 -0.00225425166417133 -0.557783462588418 -0.00225421365192908 -0.395977637004343 -0.00225419825623903 -0.396703391970620 -0.361082573349083 -0.366823264892380 -0.394117927646745 -0.350192287831681 -0.364411093796781 -0.312831943555819 -0.273486420931615 -0.179638907081961 -0.237058422801562 -0.120260991533362 -0.0402421611006461 0.105395520981989 0.0780958748261368 0.203543646684180 0.304820541456917 0.400253702462993 0.422211818820241 0.426584458672757 0.415477764003276 0.394545764721619 0.525612901165323 0.559854102341934 0.683680700724702 0.543254566174252 0.448684797324103 0.196129627592742 0.139278240919452 0.143494539686283 0.154826733392040 0.141097127894724 0.135532580725736 0.134939949879822 -0.0417147399197673 -0.116472163676870 -0.221873290781876
# FDY_6_1:
 -0.00185023629293291 -0.00185000122659407 -0.00185017906732377 -0.00185017206369142 -0.00185016600737065 -0.00185010234334637 -0.0955548004236357 0.0486848651895722 -0.00185011432311377 0.639804665454794 -0.00185017498495199 0.476102174574309 -0.00185012008209018 -0.00185015975531133 -0.00185011047756056 0.323806331053495 0.284168576646462 -0.00185013539601098 -0.00185014257451677 0.222447300130580 -0.00185006056453840 -0.00185019192449509 -0.00185005160065810 -0.00185029351121191 -0.130330900920807 -0.203708682877580 -0.297365585720947 -0.350130697852112 -0.425907107776257 -0.335891004327409 -0.337142659373897 -0.00185010717091760 -0.00185012965383002 -0.00185014888301360 -0.00185011398287038 -0.0121222447175864 -0.0241973431841185 -0.00185015762479335 -0.00185014094849567 0.0134587800916197 0.0666163043319736 0.0586547452260575 0.101606154483612 0.163964909274243 0.163093194314040 -0.00185023336068824 0.0988331297085807 0.133412342054753 0.171487923426547 0.149833408909042 0.0756551937044385 -0.0782023806397110 -0.207648434526154 -0.295792469282361 -0.353232243131216
# FDY_6_2:
 0.0912076513600541 -0.0699471570083152 0.0257749467675583 0.0128481080610627 -0.0260433331072201 0.131750940412431 0.194907391942730 0.360778073829426 0.435032426617713 0.660033156243411 0.550472878091542 0.571668423152875 0.411195616293160 0.418009216411264 0.404905177749630 0.290186209362309 0.279411153715778 0.318581743608460 0.273766740041669 0.185711111445194 0.162363574552346 -0.0932825934060140 -0.256594339975029 -0.0725725856280817 -0.295834995086157 -0.393337611806001 -0.415155418447176 -0.345764470081204 -0.492659218700445 -0.442892681117503 -0.428315222793383 -0.457602313601738 -0.448977105675170 -0.298809693434158 -0.184518527545251 -0.148950059963135 -0.157652425575634 -0.162241362036548 -0.146330093216407 -0.137132937214540 -0.120989050216809 -0.176170053338315 -0.00706748339022801 0.0140586285381823 0.0712456571700266 0.111008404626991 0.113789723232574 0.125678465518875 0.119756568065526 0.0924638867885981 0.00132962741524566 -0.127439754390305 -0.208422705202521 -0.180199555537865 -0.133032753519481
# FDY_6_3:
 -0.217789292344206 -0.219806807495409 0.0155081934052816 0.0112592050570201 0.0538846040432625 0.164050352352298 0.102999807938806 0.239699936111338 0.465622930429412 0.711635812450153 0.584722823347677 0.389834600463846 0.178575756442104 0.377343400216490 0.353263238276420 0.306046813664214 0.296879187734850 0.182874476972069 0.229905634271917 0.140225501621378 0.0785277779662516 -0.0518018277018975 -0.209767456420139 -0.245747145333944 -0.367626372119801 -0.474977659990497 -0.518477258406445 -0.489188693241369 -0.528710742994198 -0.370344765324219 -0.395437824792722 -0.370756564528676 -0.337492182734728 -0.190793895601971 -0.0749732481148540 -0.0271133555739188 -0.0255424087615817 -0.0258817405023858 0.0386703038151931 0.00640340149617105 -0.0250394421171790 0.0533781985381400 0.175717345819014 0.0870236445440237 0.0889945393168333 0.0472726545078669 0.0708833729780086 0.138091826032921 0.147853701064584 0.106987895135278 0.00120197733043517 -0.134116808511180 -0.160735872243878 -0.225972387392691 -0.157245161095366
# FDY_6_4:
 0.00194778417177384 -0.0247390364147731 -0.176341155232877 -0.0283630152471217 0.0258872562265260 0.146687277309633 0.185739587852106 0.410750794208710 0.686362221106699 0.621764284952391 0.566386423209725 0.431926305589450 0.389830529175084 0.370550294773298 0.330054728624003 0.302066404304986 0.262695507195913 0.264500981893039 0.207766099982451 0.184284247964171 -0.0270367678726989 -0.0733953379246793 -0.225540004953771 -0.468829329506131 -0.775033976638398 -0.569484345629302 -0.518175879954030 -0.576873406202059 -0.529676315349391 -0.447007763566956 -0.506102837866576 -0.361602271348074 -0.231205628057955 -0.135799300137689 0.0259836922942351 -0.0512448440752274 -0.0791647948104759 -0.0322730818612887 0.0681961164247571 0.0807654212944573 0.0243037744183627 0.0177153924721851 0.221139258234481 0.0847390083586050 0.104232155923704 0.0652283380050871 0.0737891221795823 0.120206587707931 0.137082410578173 0.161961934525668 0.00765550770546294 -0.151320114585136 -0.187292500458202 -0.236191665984078 -0.169506074985761
# FDY_7_1:
 -0.605355081957201 -0.635361524631819 -0.671897568653783 -0.706331063150499 -0.728968570701460 -0.750415058355530 -0.771980596891895 -0.752684098659192 -0.727541676429325 -0.690552311803899 -0.617989286353637 -0.577992123771066 -0.527867792934881 -0.521873040207692 -0.523902680989432 -0.488142594530279 -0.438793941536611 -0.382639684003878 -0.307432527194351 -0.305481241893245 -0.264993329921379 -0.240739139692653 -0.281322021110780 -0.254436648149460 -0.241665972606472 -0.218333277001197 -0.141385078965227 -0.0589969326279700 0.0852923903890970 0.125524553685359 0.406715277598114 0.477451880232151 0.552549585539881 0.584799356522479 0.733379716310227 0.767643345555332 0.744510303529912 0.736421821360795 0.910791532311646 0.840718384542559 0.816582357791032 0.832780399470559 1.09295912451833 0.914356061530411 0.531108772647806 0.412898725562880 0.379045673645868 0.335405248349665 0.335953903347614 0.317214757000307 0.252229805447663 0.174739963729348 0.0983657592446247 0.0112723601333320 -0.0356361952721818
# FDY_7_2:
 -0.238943536365680 -0.288859325395593 -0.315098819028216 -0.367030343749342 -0.394924354548917 -0.423769263192367 -0.418012440614147 -0.380012460217991 -0.360959448734746 -0.267346539884631 -0.269954532853492 -0.295364953420014 -0.264063928873617 -0.295335406168563 -0.240228323768367 -0.277848302071050 -0.266131887293892 -0.161882325926736 -0.124108897530611 -0.0992448715047338 -0.102818285005755 -0.119146098758280 -0.123176917278520 -0.132629599693562 -0.167368306233915 -0.161430224338386 -0.102641320405969 -0.0708564199651942 -0.0659962603619437 0.0475993699754405 0.123211037844294 0.202603498874522 0.215357550730143 0.262587110029479 0.363253579631906 0.444019241094609 0.447513345523331 0.437545933436137 0.427069887239901 0.428092371631606 0.415859020281901 0.422464468672889 0.626474324429159 0.497930737138385 0.302664865429853 0.335253922014148 0.347465313482255 0.291500652312343 0.271255068074948 0.155746738178586 0.102131748784680 0.0369732688432434 -0.0863532955447068 -0.142794045614394 -0.180242319310428
# FDY_7_3:
 -0.629179573204617 -0.619049811044858 -0.640609782968962 -0.685711926614467 -0.719252347548602 -0.761100080010886 -0.756045555528973 -0.745523084753145 -0.714902697754779 -0.601371293840368 -0.566649998633026 -0.508173876106355 -0.535637233466239 -0.525443985919058 -0.506812742606342 -0.436736489585158 -0.387326840427246 -0.317258737693000 -0.295415744071323 -0.279429247193505 -0.252771086942567 -0.255839190465538 -0.296205764528542 -0.227926326631106 -0.249179678814554 -0.214099490037657 -0.121738900850618 -0.0288318604292340 -0.00812613924433605 0.189641014227347 0.267731926805321 0.402417501709348 0.373062746843111 0.489590137700187 0.651157832030266 0.715944172003247 0.752349640362981 0.819113334630300 0.888305205150323 0.884301903710799 0.898210362609922 0.938453293408116 1.24727851541587 0.601501440758753 0.442494713076554 0.370462148283938 0.350161724852031 0.340871196215063 0.347019044884143 0.329376259617019 0.278539693858292 0.216289333528345 0.0825617406499849 0.0386840161175489 -0.0291694115337534
# FDY_7_4:
 -0.649572261539183 -0.655144269237932 -0.668574040638710 -0.718400489292578 -0.740724702017478 -0.789376344725693 -0.786564453744533 -0.770458683752001 -0.739526919172418 -0.616163290860543 -0.571416499267280 -0.503736865301418 -0.537257049267417 -0.548697320570496 -0.530528495021584 -0.463697978040163 -0.412490994325751 -0.299150155293490 -0.299313134842471 -0.264958383492076 -0.230941791990463 -0.252087673544371 -0.277147766168609 -0.215323444073486 -0.245471300395047 -0.193577363030922 -0.116985121395941 0.0535622207960099 0.0579839381244943 0.414483825225744 0.430605860686746 0.601887249363660 0.549142283121708 0.693435905261529 0.773536838678376 0.812482498729623 0.843419342051156 1.06078151918961 1.01840279510163 1.00468326728580 0.934998131868043 0.870473479623812 1.10812327482302 0.468538204032850 0.307649973660037 0.249542634464743 0.215179932748345 0.205832382545936 0.221033372318495 0.195672365920966 0.139757043063218 0.0547043155643095 -0.0394879597317658 -0.0417505663507075 -0.107387337165335
