# Number of parameters = 297  Objective function value = 6331.54  Maximum gradient component = 0.00265340
# lnR0:
 13.0822 13.2619
# selpar:
 1.86759 0.184422 -0.897394
 -2.10780 3.52120
 2.32416 -0.252929 -0.906699
 0.753565 0.888236 -0.895317
 0.645775 -0.646587 -0.783924
 -0.295515 -1.42846 -1.50985
 0.133897 -0.337427 -1.69160
 0.426074 -0.397684 -0.820760
 1.18912 0.245374 0.0215662
 2.50331 0.0162451 -0.384222
 0.465450 0.242092 -0.407303
 -1.00619 0.374441 -0.631328
 1.62571 0.0862136 0.522428
 0.269364 -1.60435 -1.57494
# lnRD:
 -0.136698 0.827442 0.163675 -0.0474867 0.134593 -0.611461 -0.730176 0.181619 0.667230 -0.174709 -0.274030
 -0.156749 0.100258 0.580577 -0.971248 -0.583917 -0.134059 -0.373148 0.256158 -0.328053 0.913525 0.696656
# movest:
 2.31899 2.53136 1.63785 2.56011 0.966129 -5.98375 2.18178 -5.99929 2.73162 2.84732 1.81816 2.84401 2.18140 -5.24269 2.14949 1.87789 -5.98510 -5.99961 1.46961 -5.98144 -4.87344 2.11359 -4.74694 1.72611 3.13331 -5.99917 -6.00000 3.33576 1.10748 -0.446637 -0.182973 0.332214 -0.706093 -0.397612 -5.99999 -2.23502 -5.99994 -5.99998 -2.18020 -1.66092 2.52831 -5.99968 -5.99983 2.41568 -4.01736 -1.80895 1.32369 0.687689 -2.29892 1.36242 -5.99987 -1.19816 -5.99919 -5.99969 -5.99642 -5.99998 -0.823896 2.86459 -6.00000 1.21787 -5.99907 -5.99993 -1.23261 -1.04677 -5.99985 1.99684 -5.99916 -1.67846 -0.332442 -1.53419 -1.91082 -5.99998 -1.43842 -1.24881 -2.78751 -0.498329 -4.61277 0.623617 -0.556623 3.19199 -2.80966 -0.490973 -5.99999 -2.88127 -1.97023 -5.99998 -2.88594 -3.26828 -5.99996 -5.99991 -5.99997 -5.99999 -5.99989 -5.99992 1.09246 3.14739 -0.322439 -5.99999 -5.99997 -5.99999 -5.99995 -5.99997 -2.76072 -1.07676 3.49382 -5.99966 -5.99998 -5.99962 -5.99971 -5.99989 1.79569 4.21695 -5.99998 -5.99992 3.56690 0.105996 3.68739 -0.505420 2.16348 -5.99906 0.186039 -1.15467 -1.21147 -5.99996 -0.452251 3.40697 0.447536 0.826856 -5.99991 0.661952 -1.90626 -5.35499 2.20625 -5.99998 1.55344 -0.722771 -5.99985 -5.99998 -5.99987 -5.99979 1.72388 -2.39692 1.34114 2.94610 -5.99981 -0.109019 -1.00297 -1.27401 -5.99958 -0.291322 -5.99919 -1.56774 -4.05496 -5.99971 -5.99999 0.969396 -5.99426 3.49322 -2.76061 -4.19234 -5.99999 -0.834457 -0.0775163 -2.21193 -1.72331 1.53099 0.486982 -4.00632 -1.74011 -2.39200 -0.0940789 3.24206 -1.75010 -4.00947 1.50160 -1.86051 -5.99997 1.52140 -1.83798 -5.99995 -2.47903 -5.99985 -0.995425 -1.59636 1.52408 -5.99996 -5.99991 -5.99912 3.12837 -1.79176 2.01118 0.176293 -5.99939 -5.99935 -1.45132 -5.99943 -5.99812 2.85371 -1.14722 -5.99926 0.157419 -5.99990 -6.00000 -2.22513 -5.99988 -5.99999 -1.83399 1.95357 -5.99999 -1.39435 -3.62554 -3.94864 -3.44568 -4.66233 -3.11252 -6.00000
# lnqCPUE:
 -3.20264 -2.68357 -1.50000 -3.15110 -3.94739 -4.17396 -1.50000 -1.50000 -2.59199 -1.50000 -1.58819 -1.50000 -3.45754 -3.85840
# lnqI:
 0.0968479 -0.0573619
