# Number of parameters = 344 Objective function value = 89728.1373866464  Maximum gradient component = 0.00797301645819654
# lnmuRT:
13.9508620025
# lnPrat:
0.136953145312
# lnHR1:
 -0.104762581715 -0.0494106225864
# lnHR2:
 -0.774618989036 0.255344931395
# selpar:
 0.0468439313178 -0.454276822515
 0.129684225669 -1.24275045552 -1.56603163121
 1.01698180786 1.43944649673 0.105315443610
 0.626104702032 0.0968295005451 -1.88289989316
 -1.30385402641 -1.67223369707 -1.11583721200
 -0.671794017090 -1.87396797342 -1.92036728073
 -0.852357767109 -1.37675027315 0.439089646288
 0.241595359839 -0.964166778053 -1.40165600479
 0.485247071142 -0.972744085137 -1.92539898245
 0.607970631191 -1.05973693255 -1.72027867014
 -0.422833652083 0.126265263058
 -0.908933881004 -1.33352922287 -1.09964917827
 0.644867189546 -0.617718176507 -2.07004702375
# lnRD1:
 -4.88284440685 0.333680573940 0.292981062523 0.717829962787 0.597234426747 0.897662871076 0.814313254143 0.869180663042 0.466399946512 0.528853666545 0.916287906843 -0.715046117942 -0.111289038755 0.311393624844 1.31160445218 -1.58129201618 -0.766950831453
# lnRD2:
 0.287562897366 -0.129278468441 -0.231596129515 -0.122339996839 0.246185447412 0.482821637653 0.439168953159 0.0424479116519 -0.110804900644 -0.283022345498 -0.458743167730 -0.648356776420 -0.839470130715 -0.782045420286 0.152725151033 0.880112216616 1.07463312120
# movest:
 0.0975672331640 0.0426208991655 0.259996662082 0.308844151470 0.0158115159635 0.0167824596897 0.0699402549740 0.0731811443070 0.313148264287 0.0519550128538 0.345873949292 0.712920693533 0.0226025841164 0.110014196523 -0.0198471723786 -0.0146917488706 0.0487830711606 0.0345933644490 0.0535594392576 0.0560802832807 0.0183992385113 0.00272666206397 -0.0500649285168 0.0720113354833 -0.643340394015 -0.402925327399 -0.0180425403342 -0.671121479667 0.00745569528268 0.0649982107098 0.541665829303 0.0307616874863 0.261191451248 -0.876385775791 -0.767122084135 -0.786980370887 -0.836362376575 -0.811803926649 -0.550953456200 -0.173055136233 -0.427556172228 -1.13026066610 -1.09550738695 0.317383444790 -1.93976023205 1.56354876866 0.626640621224 -0.352759266513 -0.337093724885 -0.241868528658 -0.406496667881 -0.318597592222 3.10638721931 -0.338098654993 -0.656342922750 0.346611776176 0.953170355926 2.34197353846 1.20514131489 -2.88130925431 0.258798186469 -1.10431439506 -1.22428646038 -1.42613957625 -1.36449355608 -1.35310364054 -1.01078091541 -0.642546211410 -0.322358654332 -1.06215181087 2.99184850942 0.0609900651060 0.761445796476 -0.623428845368 0.0427651078241 -0.877872185532 -0.751426693572 -0.608396446213 -0.842375876980 -0.272496514318 -2.42306321533 -0.902839409983 -1.70143334256 -2.16678791883 2.40551606003 -0.489337396415 -0.309986912328 2.42336024089 0.102967528657 -0.944948386061 -0.472836295552 -0.519371219703 -0.900093973268 -0.129497948581 -1.81938806923 -1.05127747202 -0.621062935145 -1.04437341868 4.22267639798 1.70083014671 2.33721687781 -2.41448246750 0.392831931605 -3.05623071872 -2.29728966959 -2.18615994733 -2.80705180108 -0.466717704254 -2.39084188314 -0.210781652936 -0.211400003557 0.0242653475421 2.53255070602 0.682713801610 1.76816300052 -0.155056719690 1.47789885789 -0.693969379171 -0.213170258730 -0.0454351602689 -0.160104426696 0.174644847247 -3.91384257018 -1.34595517541 -1.53252935049 1.16765376853 0.444307357565 -0.421417710339 -1.63243861632 2.30149525943 -0.163473183127 -1.13162482617 -0.283266613115 -0.222065375216 -0.246661684926 0.0150356419408 -1.36443925249 -0.941594428152 -0.852317503641 3.04345446504 2.28042885923 1.64530161203 1.47508464051 -1.09581657219 2.99824043619 0.627820872242 -0.878611501003 -0.733107629113 0.364474305461 0.235696167876 -2.71400940074 -0.0287792805817 -0.464579085142 -0.201499275514 1.28394322880 1.85382046046 1.50938429602 -0.0740920866618 2.33130600025 -0.637594618823 -0.357286266094 -0.361104401214 -0.351668620850 -0.321118897247 -3.98568158193 -0.360796681571 -0.514137460045 -0.129296444892 0.122470993529 0.471987477574 -2.29324478356 2.89880827764 0.211791365331 -0.646065334129 0.0298722683201 -0.115440070517 -0.00496302204821 0.0377782981983 -1.52815649482 -0.499918097291 -0.331089318110 1.93739752827 2.15967083599 2.80125244136 1.13677463580 -1.62203494872 2.03307819412 -0.539067185764 -0.603188303331 -0.268028808717 -0.449982716136 -0.200436817115
# lnqE:
 -6.07894908802 -4.57604254797 -4.29185992330 -5.76401411193 -6.05204196429 -4.16970768430 -3.55845695231 -2.22233667604 -4.38749018879 -4.63844763303 -2.49367038876 -6.46722757776 -4.73384171492
# lnqI:
 -2.29999999972 -0.551085271261 -0.130759644977 -0.134311447967
# lnqCPUE:
 -1.31800533023 -1.45665198935 0.408336278656 -0.107499148116 0.448551212746 -0.484925117603 -1.01697007197 -0.867692333673 -0.812779552400 -0.694398780496 -0.594005748667 -0.562578571031 0.722471350490 0.485042929250 -0.832249140769 -0.808944193886 -1.06910201710 0.328583168098
# Fmod:
 1.36393681766 0.342249618655 1.62666615256 -2.69270130637e-008 -0.0195924500644 -0.0260344791457 -0.278402717914 -0.348664721928 0.597799161840 0.897689816861 1.35133299072 0.299909819354 0.144412681487 -1.86102127798 -1.19256500153 -1.07218219137 -1.69888498770 -3.00975093217 0.615279094245 2.78790618050 -0.631936726285 0.921735582224 0.104421547638 -1.64493377257 -0.766123130942 -0.714396022885 0.0973656960626 -2.03028922243 -0.0126001691902 2.18915359123 -0.462667350750 0.0532457637424 1.32610879819 -2.12115963497 0.0205394289909 -0.150578504833 0.0445480153516 0.561101890043 0.848334490745 1.84804618349
