# Number of parameters = 345 Objective function value = 36205.4782991762  Maximum gradient component = 5261.78022546244
# lnmuRT:
14.4005298092
# lnPrat:
-0.258244358758
# lnHR1:
 -0.0576752070519 -0.150820609985
# lnHR2:
 -0.718107906350 0.234131539372
# selpar:
 0.179674962841 -0.361417701912
 0.101181060921 -1.25289997879 -1.51202755076
 1.72292079072 0.808632526361 0.0252929804662
 0.756026517439 -0.100834568704 -2.03752962121
 -1.33575495107 -1.64212474287 -0.870443772232
 -0.615852997243 -1.90835364603 -1.89380986473
 -1.28869073465 -1.80144273682 0.658358348420
 0.323322903490 -0.944775734115 -1.48688682792
 0.539519446390 -0.985427850557 -1.98833504619
 0.614727695268 -1.08909926264 -1.68809816378
 -0.292179913597 0.217361758728
 -0.733785726136 -1.32216359724 -1.09227037035
 0.666671223740 -0.637060302318 -2.10891758996
# lnRD1:
 -4.30470532764 0.299166971612 0.276910718815 0.595778864079 0.458258803637 0.732549165557 0.655584788401 0.789469849163 0.338846142726 0.367424977230 0.913363529979 -0.269402623121 -0.0252676558574 0.193751039075 0.797000872961 -1.23708507186 -0.581645044755
# lnRD2:
 0.285497669863 -0.143840020640 -0.216821917105 -0.104327563899 0.263271232072 0.515014300762 0.540936536988 0.120025214811 -0.0312162663556 -0.218625476094 -0.288697986433 -0.499887709934 -0.826271116177 -0.666376828372 0.406774096988 0.305292896329 0.559252937197
# movest:
 0.0908143748694 0.0498615208402 0.240004504895 0.308509919097 0.00535959949433 0.0193753246655 0.0574255696604 0.0836817144390 0.334661838433 0.0619659232118 0.351787914855 0.762914079810 0.0206725756803 0.113584750695 -0.0195406970543 -0.0137872832444 0.0230907023802 0.0355271363982 0.0310705763553 0.0487242549867 0.0693174402044 0.0344126475420 0.0446718553402 0.117841451521 -0.764380804897 -0.484925727601 0.0704035271618 -0.789813503610 0.127341248362 -0.0708939636053 0.373655840043 0.0551467943076 0.326511367188 -0.866230690494 -0.723136305177 -0.727453116524 -0.818913961889 -0.767403029524 -0.874846616238 0.351158436236 0.567618383947 -1.07459967922 -0.624625611550 0.383917864808 -1.60022642301 0.815833270293 1.84055832612 -0.386639978461 -0.297979885207 -0.181883474773 -0.414835849261 -0.278642355239 2.76255387908 -0.323956807162 0.0863085075644 0.640123465669 1.20940918422 2.09013258568 1.12641101985 -3.32863469359 0.249935471128 -0.509221864886 -0.494876048635 -0.267668316963 -0.799582691852 -0.786697599696 -1.27191748087 -0.412788578350 0.228872808277 -1.13234198799 2.50933804677 0.250148067337 0.225592801791 -0.540061198875 0.183311964136 -0.950152836913 -0.572337984851 -0.443285051460 -0.827920769765 -0.133893089569 -2.75761531603 -0.0827914657195 -0.232075804789 -2.14176957891 1.72373336581 -0.312902995933 -0.740704020937 1.99241386860 1.08601058505 -1.36805383331 -0.136846660398 -0.138039234804 -1.06673435880 0.0337820795366 -2.15529761832 -0.470123140996 0.0586492506909 -1.09787955798 3.53954652549 1.82047575923 1.88665035195 -2.57408668447 1.08114104442 -3.13410323619 -1.20179608122 -0.950445715678 -2.49051620633 -0.141339049024 -2.77674970540 -0.102872631497 0.0789793008615 -0.123059480519 1.86215693633 0.813731680412 1.18724048462 -0.107861069580 1.34566517069 -1.00035708891 -0.111483446520 0.0768145008913 -0.131309825877 0.304459738517 -4.22027859408 -0.708244350526 -0.451561441837 0.468913179639 -0.0883401669517 -0.161852881340 -1.98556770333 2.34660106423 0.0405221670091 -1.40498885517 -0.0462117742580 0.159604512632 -0.0808052149266 0.296164329579 -1.73602763572 -0.488445668077 0.0865069239391 2.41363994376 1.61776608691 1.80728912473 1.03293793422 -1.31751305031 2.82809604771 0.199366043931 -0.189941794490 -0.0126162968275 -1.14133748508 0.476429525726 -2.40954043486 0.0407599033008 0.0239671432460 -0.137045105613 1.47006803929 1.62726458434 1.42951156884 -0.0592953749788 2.16690033736 -0.731300706560 -0.331692560295 -0.306266450733 -0.332033767683 -0.287152768758 -3.36387357761 0.0483772372390 0.818880259463 0.223322719145 0.513815120331 0.376257917221 -1.99359320108 2.13895882336 1.03142586183 -0.760617949840 0.143853813581 0.198978230122 0.174578514179 0.318550969944 -1.12551245224 -0.547026916678 0.748410582789 2.10116282256 2.30043326898 2.24914188442 1.14810275846 -2.21428427825 1.05589725205 -0.730693599915 -0.714186749098 0.953038310676 -0.0259527197459 0.126491458077
# lnqE:
 -6.11892693777 -5.33900541301 -5.59889583734 -6.56307487813 -7.59523996125 -4.66683806181 -3.92593129941 -2.58109111096 -4.80069250233 -5.05117282586 -2.45885617282 -5.91214048612 -4.93448781288
# lnqI:
 -2.29999999973 -0.565882987079 -0.132832324257 -0.134905814416 -0.372353896527
# lnqCPUE:
 -0.984861769494 -1.14605461338 -0.0110503553150 -0.551535382154 0.0334681093214 -0.540219898658 -1.07049216664 -0.274647006156 -0.279395166887 -0.287937732035 0.135785908259 0.0412063293090 0.880747033269 0.653123584782 -0.604795341336 -0.581176254599 -1.33931729985 0.403389120887
# Fmod:
 0.133975203696 0.241813318222 0.601243034356 3.62995362657e-009 0.508916241511 1.22315038084 -0.160859712164 0.0344570031343 1.11140126909 1.11237079325 0.341530391138 -0.126196946734 -0.678425365442 -2.20691175210 -0.968791446902 -0.633738141750 -1.76281620135 -1.45921479052 0.383098909254 3.05910072773 -1.35426103740 0.170105154668 -0.325172142961 -2.05338474150 -0.462404239496 -0.0927215609040 0.623982287394 -0.383957814332 0.718300534898 2.46536815523 -1.59228224682 -0.549770357881 -1.40437493073 -1.90646360883 -0.00826471233391 0.876262089924 0.194134530393 0.755709046723 1.48241490210 2.09267777296
