# Number of parameters = 1827 Objective function value = 8294.75572482176  Maximum gradient component = 0.00140289740374698
# lnR0:
 12.6810225143603 14.3346680445584 11.7112463731751 11.4127778314307
# selpar:
 1.33728689739228 0.725844582258387 -4.27986701140864
 2.34712262128578 0.913323617793944 -4.14795904598973
 0.821534189273079 0.231706086300902 -2.02025003791355
 0.280364929930903 -0.185024930741273 -1.87585853543718
 2.50943077492745 0.232375540848655 0.0569583182210405
 -1.01770082485832 -0.893657508863211 1.92929354625530
 1.37127749644918 0.410307867235504 -3.21317106556753
 0.847426088284462 1.22221217639690 0.319313232070773
 1.77611524509957 1.61020603983120 0.428121781657085
 0.276677098867396 -2.04393286013079 -0.522371713030352
 -2.36783304180386 -2.46176306059602 1.99542473318108
 0.440471299696297 0.373012639037913 1.22066336080579
 2.24036771127697 0.828154192479013 -3.78035595772121
 -1.23343779119866 -1.40869655478975
 1.55631723339668 -2.00672314622669 -1.45240978935700
 -1.95678621838499 -3.16469253730040 0.517223375915079
 2.40795771240183 1.02803835355519 -4.20026605199538
 -2.82746254546681 -1.93741169704482 0.598247991624403
# movest_p1_a1:
 3.30315698944658 -0.568946507673855 1.29328929666053 -0.964195878211264 0.808798828224122
 1.40628519966617 -0.0148157652918455 4.76524270833488 1.28768384604397 3.36883703636606
 0.569738270362137 2.78535548107333 -0.807263670049286 -6.64380289830180 0.00321319200549652
 -0.611996789716474 2.41722424203422 -2.30216095441730 7.69269208458633 -0.896766675498575
# movest_p2_a1:
 -5.76038490910781 -1.40813399640643 -2.06502596142995 -1.81151056517085 -1.87503291128775
 -2.91231052401912 -6.22676621567872 -6.85204873394080 -0.816257055583470 -0.341371563421518
 -0.762859730328285 -0.261527348194867 0.636125717959285 -2.15852911490242 0.843244298637892
 -2.60551356674069 -2.16150532509024 -1.79640466074791 -4.20881690135677 -0.359487735140370
# movest_p1_a2:
 -4.57579228778985 -3.44831619593073 -1.06861804442023 -2.35714965366963 -1.99248915518797
 -7.43311954163052 -7.62278904957150 -6.59211104430046 -3.19923761746801 -4.06269612130613
 -1.16759707451942 -2.25614729162472 1.33355724778640 0.824002253248114 4.76401525112225
 -3.08348211305896 -5.38250198685953 1.67354492288274 -6.48301074526860 0.489965178135112
# movest_p2_a2:
 2.25208434525702 -4.28402205614494 -5.35916258482087 -5.55791390103954 -5.45697090211499
 2.53981965599812 2.57525864617283 1.12057379606554 -5.03564115092376 -4.86888145762989
 1.90182262383448 0.123769731566780 -2.02078683150358 -3.32702587351695 -1.34717359585251
 5.65229045704755 0.495660355719870 -0.527919500030358 0.892468998859572 -3.31417681402216
# movest_p1_a3:
 3.45462420539294 -1.48811122679797 2.55222844293938 0.501092759811362 1.76152567593942
 6.99294746440291 -0.141846520923559 7.99999996834662 0.590313333431602 1.70181204472641
 1.81665130469186 -0.523283222103240 0.590329622920692 -0.796897365299358 -4.63015971533907
 4.89255714725591 2.02840412617749 0.557281395481606 7.99999996651540 -5.41516205975934
# movest_p2_a3:
 -3.43467931488618 -2.93919924534829 -2.63011968900464 -3.13037064313455 -2.99343408312178
 -4.05425257659140 -7.99999990596695 -7.99999769687441 -3.14077227164962 -3.24210105093615
 0.620674461685425 1.26463497684526 -2.01378367835059 2.09236039195994 -1.95356988189105
 -1.48232706722375 0.906866689253516 -2.98495910297762 -0.581454891114481 -2.15790549399886
# lnqE:
 -4.05442915880433 -2.48446540420340 -1.75603928943834 -2.89486034999900 -0.952116583844520 -1.04863950114767 -1.89809891019839 -0.166051099422871 -3.68570171618191 -1.92536378529877 -3.30672496418848 -2.72617580638053 -2.41087349727695 -0.803750993758255 -1.57183752692601 -3.02839820935407 -3.58388998478756 -2.23914822540383
# Fmod:
 1.68996158392623 1.00981734669493 1.02520129021043e-007 -2.31311926570158 1.62338774710443 -1.44954797382735 0.531037146821804 1.74891534472652 1.30468719089889 -1.26041408675194e-007 -1.54503443222435 0.100798822584519 -0.903090441247034 0.0173580988733694 1.36346999856741 0.132258924839368 -1.60226379812342 -1.53243496377246 -1.12352977504023 -1.74086860710561 0.427643720865047 1.48427691870383 0.611844479644228 2.31887076050621 -2.15839259543878 0.426764236988203 -0.913131056014926 0.490320610272046
# visc:
 0.755739651095697 0.531440007928637 1.05288780107186 1.57118653502221
 0.396784489443849 -0.383215374508153 -0.210248756982666 -2.99999922204319
# lnRD1:
 -0.604410267984527 -0.0753772979972619 -0.0903527837280940 -0.303555827254177 1.50088118841225 -0.311436474800713 -0.183703857377268 1.50088163387909 -0.499231350939306 -0.0492272772130441 -0.240962334760632 -0.643505350236317
# lnRD2:
 0.722138765301856 0.0924449457636941 0.178194495085877 -0.395502761160207 -0.469800217663563 -0.921446560277930 -0.901949324789258 -0.151930246604028 0.405639552774949 0.410781085908809 0.318821769270071 0.575908737123489 0.933682501410021 -0.332145806224782 -0.327162045270765 -0.137674890648232
# lnRD3:
 0.404252416410359 -0.528729352630159 0.688223578436686 -0.410050251174307 -0.153696391042579
# lnRD4:
 -0.0842314543106380 0.293697757055305 -0.142314661916552 -0.454675427151200 -0.0809442477088907 0.0850636907046233 -0.183952497269199 -0.891904521503789 -0.433739063595840 0.217208457781325 -0.247007923998038 0.559536109548655 0.737199829643994 -0.177429942798115 0.284909773948965 -0.905961891650199 0.0559476728499947 -0.107060657663163 -0.152807949660506 0.926398329580472 0.726377658872381 -0.0389846139249091 0.0146755731653247
# FDY_1_1:
 -0.0307265878651481 -0.0307266048038590 -0.0307265896354422 -0.0307265951201891 -0.0307266011575482 -0.0307265893678963 -0.0307265635082858 -0.760218417544333 -0.822488602981998 -0.816248556684761 -0.807449625421181 -0.765028145329588 -0.660846261472520 -0.593149448096392 -0.504763994773127 -0.299357041245160 -0.205146238795660 -0.105015067187296 -0.101678037131640 -0.118942575109628 -0.112064257017184 -0.105201322660626 -0.144602254555314 -0.131147563501692 -0.115920310119117 0.0239882162357210 0.141319535008744 0.285957509774390 0.361398120574849 0.383780782863191 0.339788169327255 0.399692648809008 0.404020273597968 0.452573598834334 0.551507663927453 0.448951913166162 0.247335599068188 0.195942298939904 0.157659850535695 0.240207500788342 0.418117386669062 0.323017595648235 0.291538566868207 0.365503027352363 0.427291968509229 0.389089912510910 0.326801905120918 0.338376116043118 0.325070216473574 0.293347863348238 0.187527591912751 -0.0493836518512207 -0.278634646477675 -0.309501633560287 -0.297932048933044
# FDY_1_2:
 -0.0317984588201030 -0.673462935987824 -0.0317984998466745 -0.679696456130632 -0.699610648016584 -0.711128028320526 -0.0317984416335859 -0.699737610915268 -0.747090574877968 -0.740142790134862 -0.740786850996078 -0.674009605161602 -0.539286683796877 -0.453241740036891 -0.385107978308025 -0.206186388029576 -0.0306692044374177 -0.0645461693977900 -0.0652743645194347 -0.0762311169191765 -0.0358994983678906 -0.0575256306363485 -0.0818086892715746 -0.0490933619936777 -0.0438280547268590 0.0845736563820374 0.211672498924814 0.330024758441072 0.348888875460483 0.381818318399679 0.360998403425153 0.456319116882886 0.443447563567530 0.482875484926303 0.586578580498045 0.511345406597896 0.348247329878869 0.296123118716603 0.260902674554169 0.331273061405524 0.465928129979725 0.396536672498172 0.367896100313581 0.404993844343018 0.402958612926234 0.394600767919628 0.367063598517918 0.360101711481567 0.298428798769958 0.262445991856814 0.173925986060542 -0.0306658750956527 -0.225476541795862 -0.258048189633163 -0.266018674920295
# FDY_1_3:
 -0.0247903760494845 -0.0247903875457116 -0.0247904472742129 -0.0247903843852175 -0.0247903656214838 -0.0247903804604494 -0.0247903643589320 -0.0247903665591942 -0.537307221739783 -0.491732322329335 -0.429838844393948 -0.382401593848428 -0.276059983355481 -0.212679545960415 -0.157163555999296 -0.0452336098083628 0.124018859475818 0.0553739056350959 0.0411501883504524 0.0147387137755268 0.0159844458415541 -0.00508006659352599 -0.0544236977562857 -0.0650852195741101 -0.0497800309004932 0.0996499073253927 -0.0247903610045015 -0.0247903765051440 0.391090185909506 0.337307202959449 0.264908513112350 -0.0247903497496351 0.262670405700822 -0.0247903664883442 -0.0247903802110374 0.167358688440351 -0.00203335498396860 -0.0142594544808789 0.0242592879352317 0.159148204032005 0.289572862563775 0.225302179872765 0.261948763479442 0.419915133053169 0.438619745386837 -0.0247904150419391 0.304718381148504 -0.0247903743050817 0.276693034914662 0.185497356392855 0.0186348535430703 -0.230102172280496 -0.384350998884700 -0.360118003219719 -0.309055447179039
# FDY_1_4:
 -0.0269868289662318 -0.0269868554816679 -0.0269869438307204 -0.0269868553894217 -0.0269868582683490 -0.0269868582998580 -0.0269868652366603 -0.0269868369488091 -0.632768240565278 -0.576300451918918 -0.0269868514010494 -0.503445542366061 -0.426361263602806 -0.378884379658992 -0.268414234992763 -0.149550594159060 0.0585532885199267 -0.0175136900360517 -0.0408331577210002 -0.0508550454032302 -0.0812608211789396 -0.110370654289316 -0.109373823722877 -0.134611183071390 -0.0744731410752124 0.117925448229408 0.236512757337557 0.387069461033059 0.331277245871650 0.313658644421019 -0.0269868608761190 0.297200257307761 0.322273105690154 0.377186472410479 0.342286414541105 0.0442047154160956 -0.00172005450716939 0.0343777241281706 0.0901684477341511 0.248886002923213 0.151511781626785 0.133517931103680 0.217302202325803 0.331019193182485 0.310595695756769 0.212672930793187 0.251015402477152 0.300466687844276 0.227178470994881 0.117975255569095 -0.128327408628977 -0.378606169304570 -0.401854479438333 -0.353733246031528 -0.365709340866501
# FDY_2_1:
 0.125019097884699 0.0348461846675016 0.0637127134800641 0.0569320880692307 0.0280426469000589 0.00397781540355963 -0.0100207605695060 0.00614616395399010 -0.00805112142656133 -0.0516610103626479 -0.0727592669343578 -0.0615532213541137 -0.0257285415089826 0.0767483219760185 0.223918457960214 0.295002279462134 0.414422479795452 0.177653528669021 0.0367177209439004 0.152355735084862 0.302620835307098 0.263641850578513 0.296474935791967 0.219011638929559 0.0630897486336525 -0.0837108423814455 -0.153549864837950 -0.272353461890195 -0.165740078564575 0.0512727213985924 0.0781742179826325 0.188181727819424 0.0539910400045497 0.0310802593494905 0.0910392322797806 0.110107178839004 0.0752724613156052 0.0778210686880802 0.0691185755597407 0.0365639085401969 -0.0350623632426937 -0.0691590745521609 -0.0275343443965391 0.00393908005580008 0.0605834694760512 0.0635634592854863 -0.00683409985609190 -0.0112995899679378 -0.131942390967277 -0.264949048625389 -0.393367757275514 -0.441392162953386 -0.446889726743436 -0.438889656555156 -0.658594259120017
# FDY_2_2:
 0.0418248861894694 -0.0797724857489852 -0.0682740431574889 -0.0977727756243887 -0.152091742626755 -0.200464424346408 -0.220117268119132 -0.213334765582523 -0.228100120328923 -0.586667511486948 -0.205264271441680 -0.159046176103778 -0.0627693135033107 0.0149975860677705 0.104839068845562 0.183205726776460 0.319129093605392 0.127444212989706 0.00602833809820869 0.0370913207578143 0.0948287708837148 0.0709978556743334 0.0848832376574098 -0.0173963799412569 -0.139173119450500 -0.122143790503260 0.0298508157265704 0.247740934565614 0.287993803694378 0.489009154391023 0.524920187240686 0.621865449829288 0.314285410733149 0.101978048161666 0.0848877190940422 0.0553367114883283 -0.0383135207890968 -0.156166732335569 -0.182520864259144 -0.208121736250686 -0.211662150735151 -0.129343700042587 -0.0624703349746989 -0.0209483930623522 0.161578465586259 0.321926842425063 0.380676861453223 0.332715699424561 0.239798170585990 0.116988252011916 -0.0186398177777081 -0.170041212159666 -0.349943364834175 -0.550375900189555 -0.745886708581870
# FDY_2_3:
 -0.268571610555466 -0.318341718715249 -0.290348392936290 -0.331065357451310 -0.367363829626430 -0.404382094682088 -0.353664961344693 -0.351606926058914 -0.388993618717735 -0.441128062597121 -0.283956055296261 -0.240912023600636 -0.113750718741450 -0.0296260510001891 0.0741649493009204 0.178340820095823 0.204400024993325 0.0800100274840168 0.130587919747369 0.152381907183097 0.184936574042325 0.155990202981485 0.0206821657065890 -0.0325400324650686 0.00953911315657787 0.112065349369102 0.197582236270931 0.405388613719522 0.485276120726724 0.634944798573862 0.703846477797722 0.299342161289918 0.119124580865431 0.128175814138253 0.155999771901694 0.127159164494419 0.0396573575898762 0.0298792565402952 0.0237940776187185 -0.0440565977034459 -0.00987304573802537 0.0463006954172392 0.00175478188514002 0.125517779696454 0.312726454948803 0.360687611065153 0.360866490370906 0.243125589599414 0.146865308985503 0.0634078661543260 -0.0662663337312954 -0.235068176607422 -0.401946156933415 -0.597078452455861 -0.743981846752570
# FDY_2_4:
 0.0179399838180039 0.0246538489773129 0.0187316676494784 -0.0348162034411381 -0.0728702482948569 -0.0747617487092207 -0.0463116578836760 -0.105177734626296 -0.201779171426700 -0.194216827470253 -0.0984352238010013 -0.0785057397237037 0.0221609276653119 0.0820404778790838 0.150943894706247 0.192779171540558 0.153616659278907 -0.00165046804097656 0.0953785627639448 0.107113128185941 0.0990947703023932 -0.0421757673531628 -0.0925638650027658 -0.122048951413251 0.0137533510876347 0.123736872638322 0.269193903290949 0.362250274583477 0.479411684329985 0.578714316004615 0.692885710295660 0.168825658308320 -0.0726376935444988 -0.0199396060180101 -0.0127396998668827 -0.0531765895707423 -0.119320505341969 -0.0717269464793635 -0.107513337106883 -0.0945660527670615 -0.0572917132832711 0.0280378112999642 0.129647012984863 0.239378851484523 0.330255266231247 0.293055926456982 0.280442601153715 0.109955111625667 -0.00792459900420294 -0.121438869282135 -0.267714814762487 -0.444013322856615 -0.631644968377984 -0.847556869508174 -0.969478249585824
# FDY_3_1:
 0.00000000000000 0.00000000000000 0.00000000000000 0.00000000000000 0.00000000000000 0.00000000000000 0.00000000000000 0.00000000000000 0.00000000000000 0.00000000000000 0.00000000000000 0.00000000000000 0.00000000000000 0.00000000000000 0.00000000000000 0.00000000000000 0.00000000000000 0.00000000000000 0.00000000000000 0.00000000000000 0.00000000000000 0.00000000000000 0.00000000000000 0.00000000000000 0.00000000000000 0.00000000000000 0.00000000000000 0.00000000000000 0.00000000000000 0.00000000000000 0.00000000000000 0.00000000000000 0.00000000000000 0.00000000000000 0.00000000000000 0.00000000000000 0.00000000000000 0.00000000000000 0.00000000000000 0.00000000000000 0.00000000000000 0.00000000000000 0.00000000000000 0.00000000000000 0.00000000000000 0.00000000000000 0.00000000000000 0.00000000000000 0.00000000000000 0.00000000000000 0.00000000000000 0.00000000000000 0.00000000000000 0.00000000000000 0.00000000000000
# FDY_3_2:
 0.00000000000000 0.00000000000000 0.00000000000000 0.00000000000000 0.00000000000000 0.00000000000000 0.00000000000000 0.00000000000000 0.00000000000000 0.00000000000000 0.00000000000000 0.00000000000000 0.00000000000000 0.00000000000000 0.00000000000000 0.00000000000000 0.00000000000000 0.00000000000000 0.00000000000000 0.00000000000000 0.00000000000000 0.00000000000000 0.00000000000000 0.00000000000000 0.00000000000000 0.00000000000000 0.00000000000000 0.00000000000000 0.00000000000000 0.00000000000000 0.00000000000000 0.00000000000000 0.00000000000000 0.00000000000000 0.00000000000000 0.00000000000000 0.00000000000000 0.00000000000000 0.00000000000000 0.00000000000000 0.00000000000000 0.00000000000000 0.00000000000000 0.00000000000000 0.00000000000000 0.00000000000000 0.00000000000000 0.00000000000000 0.00000000000000 0.00000000000000 0.00000000000000 0.00000000000000 0.00000000000000 0.00000000000000 0.00000000000000
# FDY_3_3:
 -0.435513107321420 -0.500745743146698 -0.479381638327815 -0.499328364058140 -0.518646473103890 -0.537827683701078 -0.520533284009705 -0.524732366290384 -0.551343293275599 -0.599045680541354 -0.517781038606271 -0.503522490081919 -0.393253773757404 -0.229761943794829 -0.0840697445041032 0.0110724825891681 0.140269464164037 0.0805688396026713 0.154850723785040 0.266366609818030 0.279235347872269 0.259962496175454 0.238806086650076 0.225601349076784 0.162769258398717 0.0982020744423275 -0.0893594433112890 0.0652080798850658 0.233699262929530 0.287320841540145 0.281874527408620 0.312899663304588 0.412286337325602 0.455250262513705 0.527169213137872 0.534422391901678 0.511312502039255 0.422967272939920 0.426843790599115 0.358040230977541 0.193859030480862 0.149376276843265 0.186055355621003 0.167991389866573 0.181584889040255 0.176543141889626 0.0682393754866393 0.0812833435831823 0.0201241912027541 -0.0383299400265429 -0.168836905998868 -0.157197788065660 -0.0794637385264743 -0.202686948901397 -0.340694713740531
# FDY_3_4:
 -0.299667759762735 -0.332676892134446 -0.335807937618226 -0.347859010186875 -0.346801972085011 -0.319851922646528 -0.289159352480654 -0.302349960995976 -0.323958268896799 -0.346042149915480 -0.349995200531163 -0.299621778529794 -0.196951939678616 -0.0471723060134884 0.131561451012976 0.200772438478584 0.263031885433264 0.0399950221112221 0.161245549137070 0.421581549203293 0.410501245868138 0.357007304012816 0.334868102847765 0.357350978659212 0.245509774405157 -0.125847727184217 -0.520401255423561 -0.374643807567740 -0.0281769068437366 -0.0373597216361790 0.0895807876877563 0.0704086980580924 0.280321687616179 0.349385695466612 0.511236052022406 0.659294837688865 0.698216458087703 -0.0421612961587788 -0.0421613130517636 0.506422788639410 0.308186963594693 0.323274365946459 0.182306472192294 0.158620996910940 0.126929191555639 0.0738175383803764 -0.0862649008411645 -0.173957096804478 -0.297440689115831 -0.350659330105714 -0.462027127710616 -0.353188216451215 0.00599467724153837 -0.0763827398592628 -0.158833932028412
# FDY_4_1:
 0.0803812922548528 0.0270233840989769 -0.00482064897334708 -0.0486394690504377 -0.0742096266176362 -0.0942642538648104 -0.0876825406457189 -0.0722869450731784 -0.0454091174151174 -0.0171311207946343 -0.0230109116688006 -0.000462053814171946 -0.00138382067661655 0.0449967234180302 0.106643909443683 0.156948973254977 0.190871162416397 0.173836150291672 0.0918524532418350 0.0613037271818669 0.0553710931263845 0.0614580577295949 0.0723456834385448 0.0652661342396228 -0.0162385669519360 -0.0313640820651941 0.00827708050683154 0.0385547223612331 0.0692718253328502 0.154757254926235 0.172145273183071 0.257638450475016 0.184406199674666 0.0904122178634448 0.0407169519583310 0.0152138689936714 -0.0365143790085409 -0.0928907094819542 -0.117234824193884 -0.130949263084777 -0.146048476330840 -0.128348733879270 -0.0560614927371907 -0.00780034517238579 0.0905638530025415 0.171178230745319 0.210007699341719 0.216099705406001 0.155760759654127 0.0432481573360586 -0.0897778642873192 -0.243982924879599 -0.387280149956560 -0.510387121859806 -0.642371552413827
# FDY_4_2:
 -0.0224646072380689 -0.0728046255247667 -0.102965181125489 -0.148996617744989 -0.174696555073296 -0.195438913705385 -0.191689837352019 -0.171787991324044 -0.146220221667472 -0.117110785565932 -0.0993363867357812 -0.0731153568728499 -0.0586879342378523 0.0159367272892182 0.0969572299699194 0.161443886132076 0.211196621525043 0.121496698719948 0.000288170829171606 0.0285619141636114 0.0625535540424869 0.0708836765522776 0.0897123855241527 0.000641959290054459 -0.130863411164002 -0.104958062788357 -0.0292175157595097 0.0393978267773223 0.176763686439094 0.366859363648000 0.458265576694367 0.627462691643592 0.349031819752171 0.127395815077320 0.0690296089478287 0.0188232019292345 -0.0682453645965681 -0.151014097598007 -0.168909975967909 -0.188723868552454 -0.205740780678552 -0.179586448597290 -0.0774520731616572 -0.0229978351790664 0.118553351428831 0.265693209262883 0.317472313971034 0.346998053380277 0.259348840667817 0.126275074863688 -0.00640133685106819 -0.173279971195601 -0.326261954540618 -0.463277161383181 -0.654798386339635
# FDY_4_3:
 -0.0456928761873685 -0.0966826050599783 -0.121073310153901 -0.175321001821445 -0.199272824395136 -0.223929793568530 -0.222239489088612 -0.200313887723518 -0.176175916852058 -0.129636880395609 -0.0918661454923766 -0.0627916704139080 -0.0426782571960815 0.0116891285059995 0.0763427297514297 0.151573974797986 0.175860127140828 0.112960050488328 0.0336362303282114 0.0443137463052141 0.0495490340500109 0.0560465978204257 0.0314098535036343 -0.0424162265922161 -0.117924086680099 -0.0372669626095374 0.0704698048073171 0.169102386616474 0.276885575544270 0.440778446674291 0.531289962618752 0.538671592104093 0.261653387998131 0.0868759769513734 0.0451635600260565 -0.0120761329959433 -0.0910438263842266 -0.159030483794339 -0.170144874272056 -0.181711064717366 -0.179810709254471 -0.129050806973780 -0.00680997301458917 0.0423376715491453 0.185522957893743 0.296972131239587 0.357537353742197 0.355874394047752 0.266791457523303 0.136498784826293 -0.0161848787727192 -0.206906154044737 -0.385485859582714 -0.550828215621396 -0.731442003196133
# FDY_4_4:
 -0.0222501918066965 -0.0723105068339934 -0.0955613059907883 -0.151183804548321 -0.172743103631745 -0.195504988804074 -0.194660805998013 -0.173130925922805 -0.147485944169036 -0.103017890468825 -0.0644091656301918 -0.0376606305692100 -0.0188400488273626 0.0286895692510853 0.0926561434830857 0.156255628466893 0.177042961497523 0.125748544084939 0.0492646365114293 0.0535028906063415 0.0554319854217171 0.0637036946074909 0.0320603221805377 -0.0289951339748287 -0.0964053197583584 -0.0128536731906950 0.0915734492982762 0.173132694112525 0.254179861512730 0.393837500318171 0.467772706310077 0.457533036703132 0.211856755029374 0.0684573402289698 0.0338455334903811 -0.0114676567762171 -0.0868248391378490 -0.146607335432824 -0.152045359483526 -0.158943046513328 -0.155845065737516 -0.108903232613537 0.0113848392212894 0.0510773429920678 0.174055922477056 0.270412238328735 0.322178652430683 0.310914437511959 0.223277419014559 0.0969356546149731 -0.0525271434384589 -0.244168558681495 -0.416894009792745 -0.579235228862513 -0.746306843111051
# FDY_5_1:
 -0.0295161730298738 -0.0295161359398529 -0.0295161282800699 -0.0295161556151277 -0.0295161345250629 -0.0295161378189232 -0.0295161259887339 -0.0295161422421432 0.654504907849626 -0.0295161317788667 -0.0295161551381137 -0.0295161417895381 -0.0295161417031610 -0.0295161699099845 -0.0295161587880598 -0.0295161452361420 0.189008826862303 -0.0295161209578498 -0.0295161601578930 -0.0295161386071931 -0.0295161724842649 0.0276549724497993 0.0218116857164933 0.206147048241095 0.469427601939315 0.506078155683762 0.482244503070758 0.540382591776035 -0.126632042235616 -0.446419501932844 -0.626710595166061 -0.0295161379263706 -0.0295161809401924 -0.0295161501829805 -0.344160711650260 -0.225737315767674 -0.0673367928823480 -0.0122966955557159 -0.0295161376984995 -0.0295161230092177 0.259167598383185 -0.0295161286385627 0.284703834298402 0.278655416225987 0.0963581539676118 -0.172778726907065 -0.0295161439474085 -0.0295161531545351 -0.0295161311389466 -0.0295161550656597 -0.0295161541769252 -0.0295161604807725 -0.0295161551846187 -0.0295161457686361 -1.02004008706261
# FDY_5_2:
 0.471562612107777 0.409480573436384 -0.00183277525337305 0.419512711044660 -0.00183271881077312 -0.00183271648053667 -0.00183272788068150 -0.00183272221044389 0.640685335266137 -0.00183275142569366 0.344659618389945 0.230896595262838 -0.00183273346958151 0.0804390731361780 0.0967244190057837 -0.00183272032496190 -0.207503615452518 -0.135871249434343 -0.00183274749323930 -0.00183277059499625 -0.00183272677103313 -0.00183271866123407 -0.00183274575320718 -0.00183271717793881 -0.00183272556999919 -0.00183269460460627 -0.00183255389973985 -0.00183272667152073 -1.07004135763030 -0.00183272810816353 -0.00183270939922691 -0.00183273739487538 -0.00183270678727892 -0.00183274245990555 -0.736114542204279 -0.00183270859456124 -0.467455759398201 -0.00183275298919677 -0.00183272221652880 -0.00183272602093981 -0.00183272846837584 -0.00183273620946450 -0.00183273498908426 -0.00183271374349674 -0.00183274901826030 -0.00183273334726691 -0.00183271090279130 -0.00183273126892141 -0.00183274197718591 -0.00183271396097256 -0.00183272905783854 -0.00183271777608257 -0.00183271486738262 -0.00183271434907011 -0.00183271656963074
# FDY_5_3:
 0.469771769871841 0.407675467071023 0.317321747842187 0.356439555079652 0.317231434411775 0.335728122131489 0.356300318560455 0.351955761430405 0.385427896243272 0.507307146072891 0.502838278789719 0.554675971722091 0.441253676976760 0.314847930840247 0.295095220622237 0.272987379774554 0.103841601565287 0.158075659820049 0.324363733560696 0.141266851783463 0.0204277773389662 0.0889759315297124 0.0204277712339164 0.0204277770371809 0.0204277734769586 0.0204277736438757 0.567424029632652 0.241673099701576 -0.0991141904703358 -0.195739080679266 -0.316569686857539 -0.670062832973063 -0.667184202659949 -0.402798619761192 -0.305849574409871 -0.234627161769908 -0.184815564549682 -0.0421216340791456 0.0410060479179170 0.120493578749293 0.183873286550782 0.284394913652412 0.374705785822680 0.256283831811051 0.161093379893963 -0.320581213624114 -0.151179870891601 -0.265895909692708 -0.391380887517938 -0.476455154755533 -0.623101334611507 -0.808877191940391 -1.00101418813117 -1.09094207932909 -1.08815790345903
# FDY_5_4:
 -0.00775935475724933 0.307466475401883 0.384234793156223 -0.00775934342952746 -0.00775937591924149 -0.00775937155367225 -0.00775938250734666 -0.00775940892679462 -0.00775936153750569 -0.00775934330849716 -0.00775938023698410 -0.00775936973879600 -0.00775935957390929 0.514436372290663 -0.00775939545529515 0.551275184984588 -0.00775935294825193 -0.0372580820693215 -0.00775936726500327 0.564877373828521 0.516933264251392 0.500085862663160 0.0432361602002925 -0.119774121817484 -0.0145258271910372 -0.0987052618987904 -0.217236097819114 -0.0490525353174859 0.183701202277615 0.289581689638951 0.501657419692096 -0.157945322939024 -0.265082499065738 0.0377262103518864 0.0901341937683951 0.129194979353744 0.0632387943136267 0.223645290265543 0.208956870811608 0.117336711301823 0.0689327368960272 0.0417309378729788 0.122826125844247 0.126873351111573 0.129122227091393 -0.151475411279074 -0.207023966372636 -0.355061419681878 -0.451256388985687 -0.482033303065151 -0.556518212674668 -0.521009009456942 -0.472285165191081 -0.674894314578718 -0.777436120806327
# FDY_6_1:
 0.0263554070842428 0.0263554062508286 0.0263554246447931 0.0263553906648436 0.0263554014848152 0.0263554160570866 1.01248262609414 1.09289622538100 0.0263553974345173 1.19591911977460 0.0263554135579675 0.902089226112576 0.0263554082490790 0.0263553948206953 0.0263554215429872 0.435503956668988 0.304287142748062 0.0263554488050287 0.0263554041422424 0.427562806449954 0.0263554149633464 0.0263554024097331 0.0263553911470614 0.0263553868639374 0.716656053493534 0.347367631250296 0.0621979524608273 -0.165500893616083 -0.428381451269300 -0.561804814107575 -0.695696043605041 0.0263554066865689 0.0263553771086999 0.0263553922325052 0.0263553992016824 -0.133918994904694 0.00437980294318443 0.0263554333657407 0.0263553738985166 0.293808485502247 0.280179749359532 0.224574792049560 0.144349880421591 0.0530348314272850 -0.0922867065621583 0.0263554128241722 -0.358224197663481 -0.452514451723498 -0.521962482839365 -0.611122055450780 -0.707937726131048 -0.802147478250212 -0.865379090866618 -0.895034223544224 -0.837909397044389
# FDY_6_2:
 1.03618113370683 0.929336867495265 1.03097126074125 1.05978306418270 1.08714817367186 1.25786343337375 1.17424976239120 1.23058541706206 1.26170430979312 0.928211128523925 0.531831425668459 0.329685853808589 0.143624675355794 0.434392739299524 1.00587619027626 0.569740543049872 0.183739737005101 0.0713159065062414 -0.0740097841376080 0.208374409227560 0.816232046058611 0.744076197105687 0.697935679037046 0.853421873425559 0.0226237735061656 -0.603631578628531 -0.933775125088417 -1.14092867022847 -1.07292250247716 -0.839661442447447 -0.834214575383730 -0.785869499196171 -0.647805478456926 -0.351134815037376 -0.221138857768317 -0.0963244551673888 0.0193251321916858 0.197054126294123 0.0968120108069618 -0.0332565903755052 -0.284059215843231 -0.534652972576431 -0.550882357305969 -0.703964487694138 -0.669640456555985 -0.696536063797776 -0.763052754050227 -0.806494062626598 -0.879014703990129 -0.988077044962778 -0.984351881351606 -0.968869309581507 -0.751596526999067 -0.359012415408714 -0.347219242427989
# FDY_6_3:
 0.652761164012330 0.667863625455397 0.948860248344986 0.957989248391631 0.998474127842851 1.03131383570666 0.999966543686744 1.07414743579039 1.03032010883774 0.981548218073637 0.816582184298135 0.660088460653248 0.445858178579854 0.406998130953171 0.299074024603138 0.227025546496887 0.354186038878090 0.385180868287407 0.272301972763190 0.208306460355096 0.191048092041264 0.135519085824540 0.507207619675079 0.560148088531593 0.0860103232990522 -0.246898309288109 -0.494970067460609 -0.686257317243425 -0.852568004728406 -0.860344527221109 -0.946987778643354 -0.804275172798655 -0.641962377541778 -0.466938167135186 -0.282898537947683 -0.0882077471290208 0.101541530795749 0.143081642426927 0.225154868344993 0.163213898324453 0.0441504571916614 -0.0641222134970400 -0.0983177393075680 -0.339417336833696 -0.482524714216234 -0.609292621938202 -0.703391537979656 -0.749105977005857 -0.810046349780460 -0.861285921596241 -0.910461622260224 -0.956169159144778 -0.948710422249184 -0.882256218368336 -0.788512187151081
# FDY_6_4:
 0.902767016324658 0.903978685557646 0.802716693871596 0.939106158347837 0.988673257988959 1.03818240805495 1.10941412710851 1.22108760865878 1.18887811864556 0.978607945053081 0.822744760822804 0.687494572649957 0.483178442758127 0.400747211523060 0.285501269012539 0.178262772693629 0.259649087731133 0.447412891638728 0.238175647748616 0.194439954174910 0.107482405828246 0.184179099675830 0.535753728273829 0.470464933366123 -0.128985937810654 -0.259158418483911 -0.463553948513566 -0.677922455577289 -0.845558542407726 -0.894771485587476 -1.09790915563053 -0.820506961360283 -0.579763791784873 -0.451113233776393 -0.243356183124234 -0.100124484168244 0.0922983731464581 0.157580714848058 0.248457796325288 0.204558212269147 0.0868800679998144 -0.0521621131120070 -0.0846681861810961 -0.342786153224695 -0.494623930779465 -0.655885313259970 -0.722598511475681 -0.769833810026174 -0.829181081142886 -0.935163981912399 -0.977140283670154 -1.00989200649574 -0.975388917457992 -0.925589107916842 -0.821035967217592
# FDY_7_1:
 0.0982006717761480 0.0570176831366994 0.0630248522205214 0.0759263496677384 0.0772705452450070 0.0837110959857920 0.0593874055712834 0.131724166476484 0.198168927759760 0.215685344302090 0.379480714191716 0.412261225704549 0.531984751195076 0.487788865798613 0.300869679962678 0.194883979478663 0.155916987064744 -0.0730207688104273 0.0218301547400187 0.360874102448931 0.409763393624311 0.316960289431628 0.240382086570066 -0.0256436870544830 -0.0780591765782245 0.320164719596413 0.481429067087792 0.464802269151978 0.570932784305544 0.200406085655956 0.287404679932304 0.0741585300702480 -0.536031684057780 -0.557409080030311 -0.246724911295201 -0.178370573113370 -0.178691903578973 -0.120281912227171 0.217720537038451 0.241633881402609 0.258794930222249 0.283446553505479 0.680692951366798 0.290748028376434 0.00808886413031841 -0.128786074407904 -0.300185938641189 -0.405706243043219 -0.578709381071962 -0.682531302771994 -0.770722131132067 -0.914709500007237 -1.04732524908335 -1.15331701350066 -1.27731062378957
# FDY_7_2:
 0.675630737726066 0.636741592224689 0.647461484616522 0.636677524121683 0.643078086304306 0.643909766755043 0.721327650579241 0.802340429401299 0.767716053718721 0.808260395332483 0.836760568330691 0.815483265132472 0.776624273544116 0.499345141848474 0.218167014847638 0.139112190298039 0.147332370740277 0.329137179345601 0.556645381847113 0.322926672033796 0.103750919089497 0.0912975566787127 0.0944913000046287 0.0692460670463280 0.163180901405768 0.176397765575311 0.0653262253665855 -0.0361316677928409 -0.439159124100753 -0.640425299995643 -0.747709674089629 -0.787789604213397 -0.717529976288435 -0.544024888247857 -0.376317078146700 -0.228869010011743 -0.107100434050455 -0.00413125188059396 0.107555695274504 0.135247655432669 0.134423468849628 0.168703788605017 0.188838961349499 -0.0493673331165498 -0.251662826056349 -0.432774346754559 -0.540623843158873 -0.657280894295447 -0.720072957705145 -0.751233935156331 -0.844098185566906 -0.945041821671149 -1.05812244674319 -1.14753710705881 -1.09613437732505
# FDY_7_3:
 0.190938164794265 0.181946551174316 0.207689106777243 0.192382498626097 0.192673013818217 0.159696196037726 0.199598487519657 0.243890910413688 0.274440533101526 0.529201294865609 0.535271438540629 0.630693162174380 0.559385048935868 0.423172199262408 0.284288993671247 0.286752363608641 -0.150347574737874 -0.119050003973522 0.410225414369848 0.433913275453129 0.319748265100320 0.311415749202840 -0.237401003769670 -0.263037961986008 0.290990564185245 0.495482597809102 0.477013819044158 0.568516059061973 0.201317555839901 0.151487197971636 0.00893910252087659 -0.721045782108435 -0.813555731946688 -0.465998264791251 -0.305982246504990 -0.252321399324159 -0.187310592393855 0.164187877993844 0.319000474049390 0.374022177581845 0.423476684934752 0.539174782248963 0.661767284643149 0.184210019501010 0.0268394677621947 -0.229727458991435 -0.352959134148377 -0.576741275901346 -0.663948842550103 -0.703992681345217 -0.826430854251516 -0.970095013526353 -1.08418329186989 -1.25114969571334 -1.27846952276167
# FDY_7_4:
 0.0909739406615652 0.0983162958279765 0.146512472763389 0.131485642455997 0.142322786674602 0.0828175116136173 0.144679046401757 0.201234548610288 0.208812512875354 0.506208382189108 0.531002235243107 0.719476059700677 0.621081884973150 0.385554723819746 0.219154002027481 0.212641052660297 -0.211953984332848 -0.104509792326161 0.450574128527519 0.551894009141651 0.423077154702298 0.390996536505170 -0.162326368679662 -0.180496605979003 0.417300857944464 0.670906991292491 0.601417554376478 0.905611524117860 0.331250845524018 0.449772649319515 0.133334000541705 -0.676006413471123 -0.782579955467173 -0.385289001719171 -0.266785348119700 -0.224854534545145 -0.142271707212729 0.395352798521825 0.488213143774996 0.517147597011578 0.514866573756461 0.496254510507735 0.552177967385441 0.0164722835431125 -0.161723869132751 -0.402252040238849 -0.530405608754460 -0.736986384385264 -0.820449607657287 -0.860427439462969 -0.978262525254778 -1.11892961992639 -1.22213398066784 -1.37859323469663 -1.40165620296251
