# Number of parameters = 1827 Objective function value = 8157.72618192812  Maximum gradient component = 0.000825391037569207
# lnR0:
 12.4826905032558 13.9441445760862 11.6329334236492 11.1167726704555
# selpar:
 1.28576738923842 1.57915311314664 -4.12518665949026
 2.26629682930544 2.51518266816879 -4.03020400724893
 0.651187234247573 -0.716640103647126 -1.82323770804996
 0.596880011281798 0.0770892597483819 -1.76989627289094
 2.21935702507268 0.119077955075882 -4.05057022622502
 -0.547495369129780 -1.34219659329622 1.02213486296756
 2.08052030277556 -0.286966112877407 -3.75549190568987
 -1.70776548828544 0.493449763136385 0.102389121929899
 -1.64784291438210 0.440999268426615 1.71939407142591
 -3.21891843966071 0.00850123453489893 -0.556869233584022
 -0.848614791638357 -2.35372478101974 0.439358025791395
 -0.0897350529851515 0.0847061653085142 0.517568102688339
 1.94023992331650 0.839206232315215 -3.48825916643710
 -1.64780999477714 -0.993240354832773
 2.92803680167087 -1.95899215759541 -3.08428367447079
 -1.94849685483635 -2.16377524022992 0.0702566203168775
 2.26373125517399 1.93210191094231 -4.03132975979989
 0.427751911402712 -0.915607708080443 -1.31967041939994
# movest_p1_a1:
 1.58866737987258 -0.127014808862102 1.91803001671781 -1.29738088588680 1.19935767906684
 -0.422680118231809 2.65005845176555 2.27435005517166 1.55066491461062 -0.393740610652815
 3.63021537913427 1.77785979381621 2.84038945575099 -2.00175090004454 4.54358975766321
 -0.898615986740725 -1.16027965809367 -2.30342072618739 1.01996482073334 -0.446607330265108
# movest_p2_a1:
 0.840294472783164 -0.00810406255071694 -0.185230227215608 -0.0898036513678031 -0.117754426865657
 -2.08927434270939 -0.360719964275772 -4.90444713556267 -1.23078712796836 0.217019339550554
 -1.84268743046696 -1.51071327194926 0.177178340327746 -2.54250910930352 -0.212455087743036
 -0.591703503087066 -1.09579411527165 0.307720793490610 -1.57076783318563 3.13050599875115
# movest_p1_a2:
 -3.16127743638822 -4.30494076091081 -1.40265859471428 -2.29935048990154 -1.96588212645943
 -3.68740691526845 -4.78112215388610 -3.63978067524751 -2.69501837678465 1.01604441886199
 -2.23731302388887 -0.823904061806811 -0.650927895835754 -2.06410927521399 1.26225796286884
 -3.51110051245841 -5.15097013642704 1.24694576072158 -5.82067543781971 0.00564019142941419
# movest_p2_a2:
 2.49781101218293 -3.72358272782601 -3.98267193702469 -4.67107974593172 -4.56369985893095
 0.867614431883693 -4.25345432324469 -0.877998152931445 -5.94371740306982 -5.62642266521048
 2.11946851381937 -0.300960263604217 -2.13851963472833 -3.00261538738886 -0.621556436760226
 5.82136211040134 1.60014757926590 0.0644146838043316 0.508517993262327 -2.04854266929059
# movest_p1_a3:
 3.75460147226261 -0.300703821041748 2.95875196492175 0.795030763071361 1.98256095186510
 2.41071286006704 -1.75302803058541 3.43131707642094 -0.253149201043011 -4.56294574204086
 3.75601225438834 -0.577195096321859 3.58136473257246 3.87072224697722 -1.02781084951115
 6.12090206622340 1.49463594670339 0.616773522443967 7.99999944738157 -4.35253473283757
# movest_p2_a3:
 -3.74836302892286 -3.43720479924588 -2.35995568491869 -3.81825125019236 -3.66655179972951
 -2.35273157281224 -3.00434301288810 -5.75560979069310 -2.45017006597683 -2.69116729634746
 0.305045905666544 1.14844605432865 -1.89475139115591 1.22901664989761 -3.14740884100058
 -1.66619418235093 -0.503262138974994 -2.51979807725188 -0.226760247451737 -3.48867771692773
# lnqE:
 -4.40099743981129 -2.83312248337316 -1.93572547769209 -3.22788882936513 -1.24662938380209 -1.22785999651931 -2.14324488627030 -0.449054984220988 -4.01817156758279 -1.57291574766299 -3.60832030588139 -3.05434975815000 -2.73541593903369 -1.11778215174518 -1.17518172271741 -3.29282730981742 -3.92016504843922 -2.44364204897235
# Fmod:
 1.31140764577298 0.245480418237139 -1.43961332569173e-007 -1.82274068519852 1.68564192029077 -1.23104253391390 1.14248186919993 1.16450627547495 0.566468867361356 -1.48047278373095e-007 -1.00994217810156 0.672712816990672 -1.73942842042235 0.993738299385902 0.882962037623167 -0.377395855431140 -1.94006788012872 -1.12389195174702 -1.58421426171671 -1.38856648625327 1.04032183310153 1.24459851691999 0.0967883565803556 2.18975491675391 -1.73070154217345 0.0629145814987516 -0.531702273574052 1.17991600547791
# visc:
 0.917585322588494 0.761378907725377 1.08135645431448 1.59915222760264
 0.436487263302975 -0.452365567109760 -0.508871594422287 -2.99999349339785
# lnRD1:
 -0.734334729648931 -0.403197786666912 -0.193602534063608 -0.104947200893085 0.340984406425828 0.0854783040123830 0.326087387409471 0.624225614984070 -0.474058574779417 1.42548456603336 -0.270049000024594 -0.622070452788569
# lnRD2:
 0.556444613491947 -0.448497746514813 -0.0779080185642853 -0.198388880903259 -0.266113783021771 -0.394570109553465 0.166574332918358 -0.146258273850812 0.0202300523816026 0.196165013521893 0.0709946828673176 0.473525418573856 0.147075133197085 0.152720487055140 -0.127201577180038 -0.124791344418756
# lnRD3:
 0.281739365498939 -0.358990517982455 0.640239488566564 -0.337641415971398 -0.225346920111650
# lnRD4:
 -0.0469452676655761 0.00548185349856239 -0.258408383735975 -0.433655528181875 -0.569860124610157 -0.179234058789111 -0.294359771300175 -0.951720968579435 -0.335548976790629 0.134526827071071 -0.653745669375266 0.272847004044088 0.171512257093208 0.0111979748494895 0.313252519177489 0.0392411991826103 0.426282148572098 0.278575528625896 0.410659505833911 0.965913616994790 0.630607359242777 0.0336046738688863 0.0297762809733222
# FDY_1_1:
 -0.0238437754583528 -0.0238437762598636 -0.0238437777587100 -0.0238437742559777 -0.0238437820754294 -0.0238437859611807 -0.0238437701934496 -0.362523701862495 -0.401202353222777 -0.434461587848431 -0.483177232841281 -0.467487904344188 -0.412023586218124 -0.396491291315996 -0.360383218641377 -0.272611824871383 -0.292887343833811 -0.331703324775940 -0.332027255540406 -0.330675911447167 -0.328134435203135 -0.295855147919397 -0.288584701082856 -0.263209993559483 -0.226314319209692 -0.133089091611111 -0.0881196512914329 -0.00344144609149562 0.0539297420943276 0.139390075692432 0.207867780994849 0.286288708330829 0.320572953988355 0.378561728427933 0.474913055557927 0.525995776159011 0.532732006193850 0.465730782729147 0.360638901242053 0.365148612337759 0.394980824825251 0.366317902071034 0.364811098640624 0.374035157548816 0.357095093609084 0.341820837811142 0.338489563544979 0.277143071467313 0.216577220723096 0.165813758358866 0.0906823538638683 -0.0307329200271410 -0.140299785647484 -0.237907533438575 -0.319285002404403
# FDY_1_2:
 -0.0211728424010717 -0.0332256398570553 -0.0211728430731563 -0.0985985967366415 -0.132509436312884 -0.159250428927999 -0.0211728435293203 -0.210849702617566 -0.257952125310286 -0.282527512285660 -0.291759865252580 -0.273488830528643 -0.216420348065991 -0.182462059350844 -0.171949651386337 -0.158272621548510 -0.130589139378779 -0.214376974835256 -0.213434867926818 -0.216119790988041 -0.201675174505460 -0.196013600887708 -0.182384734132562 -0.163248643378593 -0.147021843238578 -0.0721776411826413 -0.0100923514173036 0.0736852533958564 0.114501404571144 0.170715769423483 0.203365559391169 0.263462994154203 0.267062130234610 0.309586387024107 0.405580520757446 0.398695328273468 0.342159844090542 0.304209561348885 0.239838388047182 0.245327438478454 0.269216587962612 0.253027085570847 0.243306797383138 0.278071122362734 0.273537558010251 0.249024079495434 0.226604317161453 0.173769283192732 0.113235427266667 0.0466550813253049 -0.0408045856753799 -0.156612243349668 -0.266580449300995 -0.333213552640441 -0.387506978898957
# FDY_1_3:
 -0.0160538618966725 -0.0160538473530155 -0.0160538608565640 -0.0160538605928265 -0.0160538522976211 -0.0160538536456859 -0.0160538647726430 -0.0160538524347461 -0.121480884131187 -0.104771412927750 -0.0905436071703000 -0.0821563792418044 -0.0337741905277457 -0.0131928216650276 -0.0128144570104495 -0.0109951786304786 0.0152605616459037 -0.0657052260232759 -0.0698799707960801 -0.0738256536389227 -0.0660122107791475 -0.0645712323683324 -0.0684842804353084 -0.0837837808284262 -0.0656017821604146 0.0140894083496957 -0.0160538599646099 -0.0160538489605154 0.172613083945533 0.165676297863357 0.175872681025300 -0.0160538614270979 0.216238143990858 -0.0160538476046667 -0.0160538709773624 0.224947418246679 0.183435171167735 0.191859650652687 0.143338163805845 0.148144853979055 0.161613402871051 0.135519486646966 0.148256238742072 0.216836876705065 0.204926967608005 -0.0160538565135163 0.144584517785157 -0.0160538637105104 0.0509795416877133 -0.0369926618937731 -0.140578860218193 -0.272417300147339 -0.326320127087745 -0.327514983509313 -0.341967602519610
# FDY_1_4:
 -0.0226290639375905 -0.0226290730582831 -0.0226290617873718 -0.0226290726932311 -0.0226290744743584 -0.0226290703884756 -0.0226290692413141 -0.0226290732673479 -0.346906414430884 -0.379374224510919 -0.0226290667602783 -0.345184647108505 -0.316032533878147 -0.310786043422112 -0.267685687736106 -0.236305979602665 -0.194908500797488 -0.279945003148503 -0.263374706425035 -0.268601389528923 -0.258993251645426 -0.247687201294489 -0.222952022186773 -0.201982041885398 -0.163002742596175 -0.0800075413574460 -0.0159691227334998 0.0655167587969673 0.106080974533107 0.203413753117133 -0.0226290710005016 0.305321066239694 0.341993632009999 0.414378572889689 0.539376996286999 0.457909360667900 0.402711591654455 0.365826523147685 0.321988600336853 0.319602295992832 0.270321750616963 0.265271317927965 0.245181117440009 0.247905444823460 0.256327337926694 0.234194314068138 0.208992181794091 0.164086174477369 0.109469175171560 0.0530691502179740 -0.0635667136919132 -0.175454805367673 -0.268593036623756 -0.333322724634533 -0.432011058922414
# FDY_2_1:
 0.414148732340259 0.327571036902061 0.305426412040213 0.274682360996993 0.237003246637749 0.201675424635785 0.177814662079634 0.154203249323698 0.111629924360614 0.0849726589233126 0.0947227652468061 0.113684694153156 0.155723652464198 0.176548853208321 0.202655380569214 0.220727773698154 0.306005213021187 0.177450710906643 0.153287678705719 0.162344573814299 0.177262492649376 0.141516274866042 0.146557506289743 0.118879057946037 0.0884216254474850 0.147955992104863 0.234881681510672 0.0516453168405533 -0.0494170924869295 0.127220255097900 0.198171927247068 0.317118095503085 -0.0868194264049181 -0.260539139472507 -0.112494031154667 -0.0332527603658222 -0.0854751944367645 -0.121255758268460 -0.132857921611943 -0.138181236679971 -0.128753775462086 -0.121460310083624 -0.0705587796492416 -0.00589557247876397 -0.0660242789369765 -0.155299487839078 -0.196930509086394 -0.166762509395021 -0.245172002347195 -0.312306068315961 -0.440721549731874 -0.533938797132198 -0.650034098043135 -0.748229049536706 -0.939529880610603
# FDY_2_2:
 0.266963079708981 0.158263641600600 0.175035937035016 0.134924452874851 0.0828765638017377 0.0251362077204844 0.0115163427599694 0.0246490756579283 0.00143819427129290 -0.415413750880540 -0.00436327528288481 0.0627341468770475 0.105837479738842 0.144862986974980 0.192814381203039 0.242293540887161 0.302365832349216 0.233612922421861 0.205017417701356 0.220524044010476 0.258873530532515 0.225562332020880 0.203280793350670 0.169716648854647 0.129368460232329 0.120923571368291 0.285482478804106 0.167654046471478 0.0321213261680067 0.250805231613175 0.306125517586126 0.402684203342316 0.0427277175412873 -0.158401988050737 -0.0256682811849813 0.0757305050120538 0.0231513022100336 -0.0890586472621757 -0.118444416615464 -0.148170091458812 -0.151041918749042 -0.138328881375811 -0.125695396109027 -0.179490538164902 -0.113658343140995 -0.128452457962161 -0.131982541028141 -0.159880016046513 -0.179288104849233 -0.233190330344388 -0.329540868927760 -0.416454425348820 -0.545790621528263 -0.672936230819629 -0.819822787572474
# FDY_2_3:
 -0.00916108900601865 -0.0805317585337656 -0.0721233430102893 -0.117310264009547 -0.153742989963739 -0.197691881576387 -0.161951723448111 -0.161442801716098 -0.207038227507076 -0.276489034791945 -0.124550568790175 -0.0832355526929932 -0.000591855077770715 0.0477601400502460 0.0973188936368944 0.156165420992593 0.215078170792321 0.198372107154394 0.202047595606567 0.211692028300628 0.239999913031061 0.205970360650119 0.169916028325231 0.175256584198094 0.181237833282609 0.270122433851773 0.199181312696505 0.194977706196642 0.199497680428955 0.408635646076879 0.476321846152795 0.309440526331741 0.0652501167871643 0.0428099691400009 0.180088660510742 0.240063426172715 0.151715100303978 0.0803696403267266 0.0807192198509320 -0.0112202149808315 0.00951304480089698 -0.00979620051034969 -0.168065725412563 -0.143298961519157 -0.0436102545774219 -0.0601581202708393 -0.0720778360951447 -0.100780818239087 -0.136634440508951 -0.178007800561684 -0.253494124045217 -0.364860772863778 -0.477897660463453 -0.607209619625159 -0.736547765851653
# FDY_2_4:
 0.348188951550905 0.305963057154709 0.303592843355427 0.235843544154388 0.199966883444121 0.187130753273188 0.196874630313137 0.138631027581211 0.0455989883560467 0.0217849627516581 0.128274895468984 0.139736132581843 0.184025423645409 0.204544035282119 0.230923410070374 0.245215376009701 0.230806739872070 0.156097961789332 0.173306856140333 0.176860462758936 0.162322466356299 0.110053882061462 0.111893363346385 0.113814306469796 0.188693749363873 0.271766905966176 0.115145609130242 0.0202287713097559 0.186128063350670 0.333700902730157 0.439019849290265 -0.00619842023429050 -0.238778709007310 -0.104762450643428 0.0143426806901487 0.00170478842957857 -0.0475972540817838 -0.0361107613324539 -0.0722458075140811 -0.0729193101399607 -0.0875525605089066 -0.0656489754253223 -0.00925964791387300 -0.0459556917413125 -0.137094780897037 -0.181372736807766 -0.185480754121076 -0.256843443775495 -0.308227797972148 -0.395520216804076 -0.481734266290153 -0.594582743908054 -0.712012045567168 -0.894261619228252 -0.988022280134749
# FDY_3_1:
 0.00000000000000 0.00000000000000 0.00000000000000 0.00000000000000 0.00000000000000 0.00000000000000 0.00000000000000 0.00000000000000 0.00000000000000 0.00000000000000 0.00000000000000 0.00000000000000 0.00000000000000 0.00000000000000 0.00000000000000 0.00000000000000 0.00000000000000 0.00000000000000 0.00000000000000 0.00000000000000 0.00000000000000 0.00000000000000 0.00000000000000 0.00000000000000 0.00000000000000 0.00000000000000 0.00000000000000 0.00000000000000 0.00000000000000 0.00000000000000 0.00000000000000 0.00000000000000 0.00000000000000 0.00000000000000 0.00000000000000 0.00000000000000 0.00000000000000 0.00000000000000 0.00000000000000 0.00000000000000 0.00000000000000 0.00000000000000 0.00000000000000 0.00000000000000 0.00000000000000 0.00000000000000 0.00000000000000 0.00000000000000 0.00000000000000 0.00000000000000 0.00000000000000 0.00000000000000 0.00000000000000 0.00000000000000 0.00000000000000
# FDY_3_2:
 0.00000000000000 0.00000000000000 0.00000000000000 0.00000000000000 0.00000000000000 0.00000000000000 0.00000000000000 0.00000000000000 0.00000000000000 0.00000000000000 0.00000000000000 0.00000000000000 0.00000000000000 0.00000000000000 0.00000000000000 0.00000000000000 0.00000000000000 0.00000000000000 0.00000000000000 0.00000000000000 0.00000000000000 0.00000000000000 0.00000000000000 0.00000000000000 0.00000000000000 0.00000000000000 0.00000000000000 0.00000000000000 0.00000000000000 0.00000000000000 0.00000000000000 0.00000000000000 0.00000000000000 0.00000000000000 0.00000000000000 0.00000000000000 0.00000000000000 0.00000000000000 0.00000000000000 0.00000000000000 0.00000000000000 0.00000000000000 0.00000000000000 0.00000000000000 0.00000000000000 0.00000000000000 0.00000000000000 0.00000000000000 0.00000000000000 0.00000000000000 0.00000000000000 0.00000000000000 0.00000000000000 0.00000000000000 0.00000000000000
# FDY_3_3:
 0.245776996982913 0.166456753327900 0.144141821146283 0.0957355661475404 0.0676644354387494 0.0551029820033741 0.0602729635645411 0.0407453996670629 0.0129542403936617 -0.0384954341778861 0.00860366013558047 0.00682996564657814 0.0232642226994721 0.0667391949910249 0.106766730227026 0.0915492374210999 0.117855841192980 0.129800182534341 0.125416942805590 0.122257648353197 0.172653393022195 0.176279719733567 0.0350960778282602 -0.0154201478404884 0.0447970009330560 0.114405282314878 0.203411202038359 -0.0608735560341097 -0.166425562227931 -0.0644201751719414 -0.0918026327203932 -0.0448315048817752 0.0686337989482825 0.150814465838533 0.228664175576779 0.242704909281511 0.246195546392114 0.155823168660428 0.168275748899014 0.0106125590042702 -0.0742075806954177 -0.0795550177364367 0.0562015942357951 0.0170082954562020 -0.0136365630754994 -0.0494719101585813 -0.0824394810121948 -0.149478344386162 -0.179159671465928 -0.279865978967560 -0.382546140369424 -0.428743111357305 -0.492160121480549 -0.514576596063472 -0.571402193019106
# FDY_3_4:
 0.114658062298425 0.0553718375008084 0.0181054877465617 -0.0160381775118292 -0.0388540625834057 -0.0354346867627804 -0.0395452523806554 -0.0623856278312189 -0.0878561355968479 -0.0983722305162873 -0.106401712565390 -0.0547355021915345 -0.0485287282903179 -0.0440773417149760 0.0190403780217041 0.0250938452997645 0.0777358439968232 0.0309361535063051 0.00401031028737545 -0.0283145999947249 -0.00609394600611598 -0.0171296549053057 -0.0912785691938635 -0.0812724276660343 0.00235343021062920 0.0211881115851025 0.138142413790916 -0.0454339390142069 -0.0709355672075844 -0.0115908521662024 0.0665169288721748 0.0446347585576659 0.145332344375523 0.230639423738246 0.330619495732152 0.389186898403625 0.339205286558032 -0.0398137326579037 -0.0398137353874403 0.188446317110188 0.137531029921161 0.185226001586535 0.192291544596527 0.201612349069729 0.166456473655144 0.139603220952980 0.0304756640061026 -0.0235191912095889 -0.0727885447008383 -0.163190466954693 -0.261423604587843 -0.341436674471359 -0.419620606260430 -0.458846557242987 -0.489681483807835
# FDY_4_1:
 0.0263313868434077 -0.0324554565738452 -0.0622079094750748 -0.103102245507021 -0.124833529311403 -0.149231887360860 -0.146002093683013 -0.140311569392782 -0.122560206867464 -0.0929327427738810 -0.0806827969852543 -0.0468017513007642 -0.0300687256536972 0.0288141096144113 0.0947125256926408 0.161364137272640 0.216412040811887 0.260493559259303 0.282865442643928 0.298304844579396 0.279811398289448 0.258637419490264 0.232045203228799 0.221914385076294 0.191932801648976 0.209043039286099 0.249288478350797 0.179409378791544 0.102694247593290 0.172037782152445 0.203106560571468 0.302977218436975 0.179432578553629 0.0763047479841567 0.0733256564783246 0.0959279065728723 0.0603966454155235 0.00489088552097871 -0.0344431636989341 -0.0766994453337900 -0.108405085126382 -0.110272871265605 -0.0680185542572077 -0.0603129939077914 -0.0443554344470442 -0.0558011871676475 -0.0663565240368921 -0.0753856857066780 -0.108059294761415 -0.158790015977599 -0.248448403998138 -0.361957915692529 -0.476576528453783 -0.577671376501211 -0.699728984941794
# FDY_4_2:
 -0.0358503895819794 -0.0876249169709102 -0.114502794438259 -0.160898660914376 -0.184202011563004 -0.207301169698051 -0.208209243028532 -0.197325902088635 -0.180530168462788 -0.152953881533392 -0.120443971197231 -0.0831911973030945 -0.0530132179279676 0.0115292942368357 0.0830338716872397 0.154804288393077 0.218718509117375 0.268546194537542 0.288040897837231 0.306305797519500 0.292868648516698 0.267074829259113 0.241450373582551 0.245027099787652 0.209713443454345 0.240459916982785 0.311310791934615 0.196203014107015 0.130842176836113 0.268917054307508 0.326741493752002 0.480183939456671 0.244559713909121 0.0583260859528286 0.0762848570665705 0.110113972185000 0.0657209950491793 0.00357965891917683 -0.0380652017839611 -0.0763835708120086 -0.0937021325801983 -0.0862587625373794 -0.0426151317895109 -0.0310296790837676 -0.0381570394406254 -0.0546174859799184 -0.0715969253118111 -0.0794464211985776 -0.108939815676134 -0.161045982136687 -0.249770997793099 -0.364629033864330 -0.485731913973086 -0.593533915091411 -0.738785384627019
# FDY_4_3:
 -0.0559536037275682 -0.101289699841332 -0.120718516308894 -0.172924114504991 -0.196025439635175 -0.225451589173934 -0.231648475722508 -0.218588202775404 -0.200456359038746 -0.147593948231318 -0.104778473553090 -0.0641694147649040 -0.0333792404856654 0.0254502297953543 0.0885197816238755 0.171608472245405 0.229843814919010 0.296193531288300 0.318019779905938 0.337688230792614 0.323579314298653 0.299369416568293 0.251056680402986 0.247045285388049 0.240238090078649 0.319129308690043 0.304658808815486 0.194167595199023 0.187302279591030 0.328891710664579 0.408236058872844 0.361764407292043 0.138886842363710 0.0637824309534299 0.110819168280914 0.118864900097679 0.0802965987188492 0.0262708924022011 0.00134720203195367 -0.0305350638057470 -0.0564690164468350 -0.0412587943303563 0.0242214820943428 -0.0439360061262538 -0.0676042368221534 -0.0944050200113128 -0.101099594372056 -0.114819783081347 -0.143404903786391 -0.204576987862929 -0.299342743783165 -0.420709504899673 -0.534934818777693 -0.665851036895473 -0.805327724610342
# FDY_4_4:
 -0.0338024228195194 -0.0783877366332905 -0.0971631780764043 -0.150815782998941 -0.169576723196062 -0.198885514144688 -0.203335117389733 -0.190161039675189 -0.170568777794514 -0.116030411439014 -0.0740031509234934 -0.0341088077099609 -0.00474456781411084 0.0542969307488016 0.117053488977951 0.184935691425290 0.241302890693794 0.309307081235517 0.328100792584889 0.344762391533480 0.329078186517361 0.309741589742270 0.247766868015806 0.241034545406654 0.237779788094286 0.315189439235764 0.285733462362426 0.171121698063046 0.167747780997353 0.300044096103846 0.373751624748834 0.299789902972789 0.102917821939794 0.0574543624698301 0.103173372205355 0.112266039461746 0.0709636646237338 0.0226487930212028 -0.000227697566659221 -0.0329908157144913 -0.0625652245550262 -0.0528676062183004 0.0110057589040774 -0.0649324098940313 -0.0869441547929125 -0.110837548306557 -0.117129517381489 -0.131975648031745 -0.156313559555867 -0.222602874566627 -0.313948653935594 -0.433735007431166 -0.544008780406158 -0.676151665673212 -0.810153667441137
# FDY_5_1:
 -0.0306480334342897 -0.0306480332906321 -0.0306480303586477 -0.0306480336906917 -0.0306480358961541 -0.0306480338901534 -0.0306480334524698 -0.0306480330861619 0.299941259119893 -0.0306480394351250 -0.0306480512770543 -0.0306480283532412 -0.0306480389092408 -0.0306480405980313 -0.0306480342609289 -0.0306480376363142 0.491926402731415 -0.0306480389621700 -0.0306480388109257 -0.0306480351104680 -0.0306480473474474 0.345451977559197 0.369760934596883 0.201825858544238 0.0709172588696575 0.157063206844486 0.219978459126639 0.260944145520106 0.0356596728313245 -0.0342131867884759 -0.152227345989733 -0.0306480393822749 -0.0306480360783266 -0.0306480457089989 0.0209750458255102 0.0717111467635571 0.0919570611366295 0.00457961141085375 -0.0306480383704638 -0.0306480412290083 -0.0773603923547389 -0.0306480389470497 -0.147553081881398 -0.141541494295755 -0.155608743224379 -0.204242704775967 -0.0306480339569382 -0.0306480358824638 -0.0306480429890093 -0.0306480359293134 -0.0306480346560022 -0.0306480426084826 -0.0306480464099520 -0.0306480259122515 -0.718559855709260
# FDY_5_2:
 0.229834699718962 0.168930627277951 -0.0122311579203636 0.144777528387810 -0.0122311551868826 -0.0122311484193743 -0.0122311509657605 -0.0122311507416118 0.155489630752538 -0.0122311595160419 0.188515246292495 0.182012289357577 -0.0122311526531130 0.177978943365415 0.199430052621310 -0.0122311518814902 0.166069802599368 0.160656331813529 -0.0122311486582356 -0.0122311440674244 -0.0122311467154217 -0.0122311506893425 -0.0122311509715434 -0.0122311469865284 -0.0122311531515285 -0.0122311450790782 -0.0122311516865750 -0.0122311414422168 -0.629357282293624 -0.0122311485928737 -0.0122311528065627 -0.0122311568257246 -0.0122311499675048 -0.0122311467070089 -0.319931378211102 -0.0122311554347990 -0.310698169616815 -0.0122311563004905 -0.0122311431549489 -0.0122311488758758 -0.0122311510172509 -0.0122311424843165 -0.0122311518945731 -0.0122311513852258 -0.0122311488576033 -0.0122311544491430 -0.0122311461667495 -0.0122311462314125 -0.0122311469566412 -0.0122311434743645 -0.0122311561415296 -0.0122311521627905 -0.0122311587485074 -0.0122311575631942 -0.0122311491337912
# FDY_5_3:
 0.110048078898998 0.102181008883278 0.00501158569693045 0.0576251136290880 0.0205213873804098 0.0113549051376401 -0.00686170607493891 -0.00155648798151925 0.0109122336788772 0.102201181051042 0.121670651928479 0.208590507773381 0.198364525737020 0.264161881055811 0.289854045181455 0.342286368911191 0.331717287179697 0.349562817702130 0.389613130161150 0.385425469359751 0.0288038971077763 0.356909293174246 0.0288038931070938 0.0288038948670780 0.0288038919336200 0.0288038925525978 0.119142824130399 -0.00569694024657357 0.240313923801405 0.443032924842902 0.527498562237286 -0.152457824032071 -0.328046183187114 -0.00996470600776272 0.162846639814090 0.119565383498544 0.0802397221172962 0.0533641484239265 0.109513237622631 0.104680694499871 0.0213381823540749 0.0873576304902766 0.189342841912127 -0.126006672520123 -0.189673937097958 -0.401230065212291 -0.235748081264015 -0.231631142529563 -0.320961294281336 -0.391240839493382 -0.467116144497759 -0.583358240801488 -0.709735412624416 -0.908485199788560 -0.990496780192701
# FDY_5_4:
 -0.00114390327675487 -0.0101249937887496 0.0177261534393025 -0.00114390154742086 -0.00114388250141875 -0.00114390757944019 -0.00114390424786073 -0.00114390236402365 -0.00114390518065591 -0.00114390578184967 -0.00114390148379531 -0.00114391030337860 -0.00114391706696296 0.212768518794948 -0.00114390646960086 0.324150023747095 -0.00114390305979775 0.336563589954955 -0.00114390406049950 0.430141728309463 0.368106444619118 0.341606655897086 0.201329862181092 0.194568826724167 0.398338575257125 0.528069974607744 -0.00458744518601620 -0.0490177349577883 0.423119486871375 0.615661845531954 0.903615084647591 -0.168776407801548 -0.350661266049319 0.129423868031707 0.266477909011322 0.173576962374071 0.0942976235899297 0.123269912146713 0.144666847909800 0.134108046663673 0.0651461832416771 0.0707471082105282 0.194102037128224 -0.166016763294324 -0.236727241008518 -0.322144270907939 -0.319715206566740 -0.359294094969388 -0.383744889935027 -0.467643042080100 -0.534914002624706 -0.625038629136838 -0.703040569171965 -0.931953621533393 -1.04216843495484
# FDY_6_1:
 0.0223825870976924 0.0223825923333203 0.0223825893623520 0.0223825839513683 0.0223825968783567 0.0223825926430246 1.03856788224979 1.12752131229583 0.0223825882529958 1.31185269656514 0.0223825956482784 1.14200857139934 0.0223825864847249 0.0223825856358982 0.0223825923918202 0.803348291880661 0.714349648336332 0.0223825879424176 0.0223825840853269 0.548969468506731 0.0223825777727942 0.0223825844831154 0.0223825887312674 0.0223825895927241 0.0939565531858724 -0.123596424630518 -0.283868476220587 -0.271055565131233 -0.272883912385281 -0.365388901421578 -0.520583637028763 0.0223825825672479 0.0223825877387263 0.0223825937899924 0.0223825974733056 -0.0704865368518332 -0.0613957789405914 0.0223825941952754 0.0223825953154824 -0.192898791085586 -0.276825678842415 -0.315177403872090 -0.336722250606649 -0.398943749576539 -0.309466278465053 0.0223825953184818 -0.252637054851072 -0.279734714531387 -0.299412467841271 -0.339176007552771 -0.383090768606747 -0.456347226547542 -0.500735927765500 -0.534172158228859 -0.473156863121820
# FDY_6_2:
 0.919985120100574 0.769322373380148 0.860690681847745 0.834234057740427 0.775312240682653 0.903389624450883 1.00966261266400 1.12539403036358 1.16527932586991 1.23523849252202 1.07524897292535 1.04183850909871 0.875332462179332 0.789258558945986 0.706995297810166 0.555499214715278 0.472476538662844 0.504861976739152 0.472773515962470 0.290659308798921 0.138416080098136 0.00577661098951566 -0.0804888574387441 0.0375011781886368 -0.192882060184171 -0.428078358486519 -0.541017987391375 -0.484770713897075 -0.599582407055809 -0.690224331227914 -0.784777196650235 -0.927630545572388 -0.774764501402050 -0.430054012006013 -0.337343940751848 -0.333970656637859 -0.342361443427503 -0.356591311073563 -0.383833031733064 -0.449424410328893 -0.539240279120470 -0.588184601154445 -0.541139801619736 -0.629329076087054 -0.518495064255929 -0.449958523054137 -0.464318537301411 -0.493064960547629 -0.503287352971887 -0.530468773422385 -0.572668156909696 -0.641956355193322 -0.666721198276553 -0.682709102886293 -0.605809236670479
# FDY_6_3:
 0.584937847723635 0.602647308866893 0.882579672705533 0.871003452390655 0.909906046100279 0.955004463368216 0.939279828592726 1.01030213497236 1.04793077689025 1.22795492774899 1.10010177304504 0.936413246323419 0.684039860891979 0.701645507632615 0.629441093865861 0.576781287403730 0.543868771232464 0.439042101662099 0.368269963109212 0.224823262824873 0.120591706715179 -0.00264554258214675 -0.0660966076282119 -0.0951856210203499 -0.317800254080803 -0.505099761599486 -0.580462677868422 -0.534824936342687 -0.638168821561192 -0.678857139734004 -0.795814060174239 -0.731937136454407 -0.534416185852582 -0.319863906447100 -0.260713531679633 -0.229888873448304 -0.234564284776321 -0.270176048507033 -0.317974203559419 -0.415658042872786 -0.486525534774626 -0.509926882639909 -0.501958533631389 -0.544801743093841 -0.480588823980157 -0.472614322427884 -0.495126738235952 -0.497850944965591 -0.506205186739286 -0.513170330383735 -0.540971437830758 -0.589360946916167 -0.619939044518674 -0.579312038455734 -0.488064889283175
# FDY_6_4:
 0.873073672092271 0.859976747354926 0.727953745281696 0.850961688560714 0.903476243520666 0.967197026818473 1.08184285121438 1.19599104714446 1.26758251213989 1.18209277830399 1.08110527525518 0.956854211915715 0.793579972353070 0.694545809028413 0.610326531057078 0.520796202304825 0.509061884240853 0.462125246631446 0.314097053617802 0.226367271721478 0.00990861018516532 -0.0349829781318021 -0.0704852733438677 -0.234972453070060 -0.625691394919409 -0.663934061122315 -0.564117800032025 -0.518661508435454 -0.670189600042268 -0.748508692967791 -0.989105526621343 -0.670890930641825 -0.354147888000783 -0.301145352811352 -0.238995756263458 -0.233478289583756 -0.242245736547995 -0.272218882201642 -0.331926911810961 -0.418271793250710 -0.483810725117056 -0.547851062844983 -0.525947361451829 -0.542371814472422 -0.481337036129133 -0.469995257217758 -0.524941126558030 -0.524640624173783 -0.538621942879353 -0.506176410649107 -0.549363856264547 -0.601108706166661 -0.629234327366584 -0.544119431596185 -0.435425868056239
# FDY_7_1:
 -0.297692445676880 -0.347456394173579 -0.341277752447352 -0.330695521085649 -0.327910253407091 -0.333344154738719 -0.354768189270144 -0.284634308085403 -0.199643430039326 -0.121803957236299 -0.000159254300082071 0.0564707351515888 0.236179510373425 0.206785667669770 0.0923963343625450 0.0554447574512962 0.0747282789051565 0.154114220493575 0.403553813183844 0.314022638596510 0.397032861913346 0.603311781293329 0.569519705123670 0.434383329576337 0.151306160309615 0.0536378990228628 0.199968521687159 0.579564898478623 0.586718803390142 0.129614072817086 0.694259545239530 0.764315379075671 0.776424788431378 0.591641890173881 0.817187139959471 0.875440685250570 0.648518680374330 0.537032893090726 0.777476960898641 0.683826640238000 0.462325245974408 0.199508636299168 0.448630201455275 0.131321324245756 -0.445912210681264 -0.638354311893259 -0.775322714157457 -0.847397795021312 -0.894647624308660 -0.937456644078209 -1.03521864971089 -1.17560708708536 -1.27977666039371 -1.36170666760338 -1.37587797511266
# FDY_7_2:
 0.0574833838121551 0.0181979112073087 0.0183453223762335 -0.00331331008240076 -0.0193022555150708 -0.0467856386418395 -0.0435994951063392 -0.00338492142648116 0.0245242548999551 0.121141153903513 0.152240738211270 0.197253809599738 0.233348487508411 0.227689838640710 0.213480487743912 0.217066592390004 0.282895213359428 0.360894791246160 0.287549608127743 0.261617023512289 0.409131615825522 0.410590524994603 0.362060413492960 0.00228589415209091 -0.115460970279802 0.0393516622073868 0.0930503238311273 0.0552354873484726 0.0104508516024586 0.0431392492822129 0.194036915943349 0.294153200175537 0.157698992245944 0.147661774616276 0.328623103390569 0.310404379033486 0.234894129484459 0.182576451743159 0.250732268542830 0.213199683633134 0.0855328104251181 0.0224279054670984 0.231765517396953 -0.145356577684510 -0.279635472353375 -0.421211434898453 -0.468115879227532 -0.453774537412293 -0.468060560017187 -0.508959941274959 -0.586306919516429 -0.688203943034691 -0.768155025497007 -0.839821322930185 -0.893283566475023
# FDY_7_3:
 -0.204800378206150 -0.243848651841138 -0.222815623798215 -0.246543002684926 -0.260245754778866 -0.294263475015494 -0.266467186718111 -0.206327368435176 -0.119592795913229 0.0217856958883376 0.0615230772846838 0.181740742875605 0.123013602763671 0.0910945366148823 0.0363184048117731 0.0990774640252799 0.170298802256325 0.301698036288764 0.265279307751290 0.260644230502095 0.398693043734342 0.495183007493750 0.289541118942552 0.151031382842035 -0.00410134917863655 0.0861682148038092 0.464014448969111 0.438426338220276 0.0165172199035278 0.213021003679849 0.404584515463548 0.717506837860980 0.402256867016198 0.475614757829272 0.800846844544380 0.749505054099734 0.678148074902147 0.857259066375425 1.04622858051639 0.818714347134128 0.504294819448444 0.327796730055774 0.631302934470070 -0.266070426684657 -0.514945881189948 -0.697430352906456 -0.776576085344885 -0.803241885122166 -0.825051789970912 -0.883514296897163 -0.993111910655774 -1.10556397015464 -1.19542268461112 -1.22086275782622 -1.22833148143457
# FDY_7_4:
 -0.395621696787367 -0.401752369446052 -0.362398488231433 -0.383281414302959 -0.390303617091963 -0.447142083751205 -0.396685893246052 -0.325261251871622 -0.245181143526806 -0.0649719265030851 -0.0101584634835751 0.202613355142486 0.114434946595096 -0.000437864311792933 -0.0756191800502796 -0.0117292625557098 0.0615012604535391 0.344801093537373 0.256298846590909 0.331356399002063 0.541140244261194 0.616351246463879 0.457684046613906 0.241323053552326 0.00476970451745162 0.138796961846908 0.585024295480948 0.816597239594095 0.138918534369497 0.733539280079737 0.801488206402203 1.25453858141721 0.781587284328171 0.990014727996186 1.11060163396890 0.922416716027197 0.805331956959001 1.36409037408376 1.32589703656984 0.968889228098969 0.501061089235714 0.155973358369123 0.382640788830156 -0.533090107578614 -0.776396688740306 -0.944705576010877 -1.03062926739371 -1.05203499847503 -1.07315406252048 -1.12777464466782 -1.23273874651826 -1.34518443641018 -1.42939473084512 -1.44794891763364 -1.44608465843389
