# Number of parameters = 1739 Objective function value = nan  Maximum gradient component = 6775.91215205776
# lnR0:
 14.4999896686487 13.3815314914108
# selpar:
 4.80106027046412 4.94996098353140 -1.26256442155995
 -1.54372956772933 -1.54170916728139 -0.410196297644071
 0.372456267381259 3.42388793828409 -1.94419463497949
 -1.15687637532054 -1.84294481777854 -1.16702265948465
 1.70779047188873 -1.29395248042598 1.86655589669621
 2.66147172152477 -1.33436346519145 -4.41869735031014
 -1.22215439122098 -4.68524851442956 -0.407927216242145
 -2.68876370961336 -2.90142419365149 1.29698473987809
 -1.89637883025810 0.814886872456448 3.62650276304421
 2.62890558652297 -1.11923797158273 -4.99107647870316
 0.776680563409624 0.436000218588174 -0.217827414840502
 0.0486286124406066 -1.87419018432253 -1.91732582601842
 -2.20842733280031 -4.53686155072278 3.94466953518605
 0.0361830738805438 -0.673411864409163
 -0.759098072130320 -2.76716058260455 -1.58425018278897
 4.99135463485400 1.67320988127250 4.13697295434736
 -4.80615175801186 -2.40975691063948 2.74833730481843
 -0.00690941048636162 -2.36736958968552 -1.57072057426534
# movest_p1_a1:
 -0.390739585254289 -3.04938180018655 -2.10044506646927 4.48877850448874 2.87200085580965
 2.75515557344742 3.82197365007768 3.40171269521776 3.64163986972832 -0.129519976593549
 -1.14326681008607 -5.01470686726042 0.0738745880291738 -3.06221115612491 1.38858512849570
 -2.55677397311502 3.04962062019090 -0.422246938380540 -3.56781227350851 -2.31133539983411
# movest_p2_a1:
 1.73881522850811 7.82346411432325 7.69106722834604 0.482008947091382 3.01998456124266
 -3.61530084236619 -0.904343041783569 -5.07223531072840 -0.693230854096467 -1.09927792911328
 3.13852027182864 5.32130119078032 5.90230057805496 -6.78351798094124 7.96463137645188
 7.77535139877174 -2.52359690126439 -1.87461850479068 2.86817877625272 1.94691559619910
# movest_p1_a2:
 -4.74512835370436 4.45982952371487 0.420800316849938 -4.39817444965735 -3.05854471042876
 -4.32885193532129 -2.69947991822590 -5.20382744925152 -2.40818282561106 -0.292910937058876
 -5.44782402923826 -3.78441585102656 -5.78418308626682 -4.56623311676549 -6.12007654524901
 4.20246099017148 2.29217556567222 3.60721082140438 2.41926312015234 4.00226820961484
# movest_p2_a2:
 2.09853378664604 3.79082713782775 -1.00661339048859 -2.25899947049212 -2.16491250495475
 6.78479086956501 -6.90608993029712 -3.75810243854269 -3.35403465160439 3.92030394327226
 0.730196766853004 -4.79167724108822 -4.74689849376332 -0.125545682887316 -1.66308634725189
 5.30548877262265 -0.428669677113298 6.49145298805963 6.74039195608893 -2.07481989698452
# movest_p1_a3:
 -0.226449118588304 -3.97748952066607 -3.68011874227979 -3.86409904707174 0.946585613889583
 1.62249092084727 1.80652503741577 1.69574711882511 -1.39742644466730 -3.73189702943124
 0.810464939243511 -6.41243271458595 -0.839907882584377 -1.12950775169588 -1.00459203947168
 -2.07799983369951 4.04515737502302 0.376395414864595 2.82651307902251 -1.73207372849978
# movest_p2_a3:
 -3.31128256244094 -3.91861461447923 2.68500638498782 0.326417147351098 3.26859664103779
 -5.69672901942277 5.20258648301636 5.47232960650043 -2.63894836345159 -4.92171766029150
 -7.53456573020947 -7.91067456602048 -7.47261254593219 -7.63168647730984 -7.00224622577432
 -4.38846474777279 1.46824997629533 -6.36759840277052 -5.91907789564374 -0.878219586443440
# lnqE:
 -4.59828350265111 -3.07738114695166 -2.42180283154818 -3.04848931814761 -2.03249647391724 -0.996865350178037 -2.88008227783525 -1.03015016278037 -4.51290799476854 -2.76281776810888 -4.44337709541924 -2.75462531979469 -3.44756484419349 -1.55040488423698 -0.971275647777766 -3.63463028257713 -4.54298465113508 -2.63159122201794
# Fmod:
 -0.494436192215247 0.861809154824652 3.06635699625438 -1.27935947474120 1.57777182327091 -0.0439101534381957 -1.09016661201874 1.19991913156653 -0.193442981626877 3.06635699624922 -0.140323718343387 -0.323957993857142 -1.53591076826729 -2.23336635917025 9.87300314707536 -0.626960021882139 -1.72976133292246 3.05714174970914 -2.84428982644571 1.91152941562305 -2.66481196125984 0.596075738536591 -0.623379780826248 -4.71512560112680 -1.25399830223774 -2.57270812012091 0.0505281844723148 -0.894583137081978
# visc:
 1.66324454423350 0.311879345630894 -2.99972872381742 1.51281194427252
 1.17040221426313 -0.662652970155639 0.769596106040107 0.738753477546342
# lnRD1:
 -0.924934939434592 1.51496908610543 -0.0160328668503272 -0.580091435232237 0.533454002341630 -0.125830938842942 -0.128609338735205 -0.741912343118734 -0.973341261016920 -0.781349063939091 0.407165366764915 -0.0182466571405216 0.0601032699584829 -0.459186750900303 -0.386860744200011 -0.0826578859352219 -0.379941792796779 0.761121559889296 -0.191291366680991 0.510460787246106 1.37290114365645 0.0795130319311814 1.07598440436488 -0.862343793074097 0.105148827026635 0.231809698612960
# lnRD2:
 0.0864260454113024 -0.104653830608732 0.852933049870775 -1.05261930891000 -0.122776113146607 -0.641177762070728 -0.343895051411899 -0.526006961962774 0.359714150430532 -0.351903530336980 -0.379096239384389 1.21373693190076 1.13410136776116 1.02963581041703 -0.618139579613326 1.47468157115643 1.44026381746168 -0.700432791032109 0.564823162853625 0.799753924175652 -1.15192538544617 -0.317662999631479 -0.191867467191822 -1.14593458382482 -0.489758407135798 -0.818219819731317
# lnRD3:
 0.00000000000000
# lnRD4:
 0.00000000000000
# FDY_1_1:
 0.258722124650303 0.258722124650265 0.258722124650332 0.258722124650177 0.258722124650113 0.258722124650196 0.258722124650248 0.302568428143526 0.258722124650177 0.0492959347173288 0.290488262433879 0.126986515815151 -0.00529599150256607 -0.391723623537568 -0.0549129277539797 0.318317911250025 -0.0589944947262313 -0.419597424340649 -0.395706513884702 -0.410433540843166 -0.426742543324668 -0.406395979101414 -0.404537969084771 -0.427526287463721 -0.402639969388192 -0.258178543698477 -0.208315210078148 -0.175413479394981 -0.241808669014463 -0.0421668579650176 0.261183811729431 0.311215776871030 0.279839699445426 0.252122380734382 0.202456207118912 0.123368070805090 0.0751181071482949 0.0591589075875585 0.000932041728251266 0.0848767583775616 0.209861529292290 0.143666732511205 0.0282990499887324 0.0184098232026746 0.00807993878742733 -0.0295797676726130 -0.121456549889461 -0.0754794781932184 -0.0749318923033484 -0.0517165360465559 -0.0336218841471187 -0.0988467515349573
# FDY_1_2:
 0.248640759727778 0.873384042708905 0.248640759727573 0.716069841283359 0.651477376997514 0.228247551388706 0.314076530661855 0.0385239066904752 0.332066691133508 -0.0576109574866814 -0.134786961071679 -0.131959485162822 -0.170306243242739 -0.274279478799170 -0.379627575644777 -0.0860719327154582 -0.215549591292803 -0.329553026464861 -0.214228458051340 -0.261920979800116 -0.269884341112014 -0.294576373008899 -0.389530715857144 -0.408134270946725 -0.464679778936062 -0.373186643474617 -0.345311376123321 -0.413305553634888 -0.266713559542629 -0.00526114519169242 0.258604062137351 0.294215838934052 0.231794845392144 0.219039575967650 0.238676677492280 0.0977095948100954 -0.00252579594985304 0.0104161991170928 0.00469743892287243 0.167161042412029 0.363856402137575 0.251376306350111 -0.000557211749147707 0.0723479000142983 0.113162263857131 0.0272209367441949 -0.117280892879180 -0.105172153365274 -0.116972206660132 -0.0769280055539135 -0.0354487006146016 -0.0600431302760081
# FDY_1_3:
 -4.29845457217797 -4.29845457217600 -4.29845457218022 -4.29845457218533 -4.29845457217831 -4.29845457217816 -4.29845457217642 -4.29845457217701 4.88403028963879 4.98674139831720 5.04579495601834 5.01990396499220 -4.29845457218005 1.99691084653382 1.93830820451749 2.14260838183642 1.02812024117495 2.67719455071894 -4.29845457218076 -4.29845457217484 -4.29845457217587 -4.29845457217337 -1.53187761821390 3.56887258302939 2.83764387508351 0.966419621390068 -4.29845457217869 -4.29845457217367 3.08718906552553 2.60797318435870 1.09248616006325 -4.29845457217202 1.07502362686118 -4.29845457217954 -4.29845457217422 -0.393694332668075 3.24539516460391 2.59767189188905 2.10345633247942 2.71607978769008 2.69727699378690 2.79651947812689 3.35990607826851 4.69705233031464 3.26752086432193 -4.29845457218018 3.78316307770222 -4.29845457217525 2.25271265920857 4.43330414603725 3.06495623384154 1.92442740609917
# FDY_1_4:
 0.160542467184491 0.160542467184510 0.160542467184723 0.160542467184798 0.160542467184555 0.160542467184718 0.160542467184621 0.160542467184575 0.160542467184886 0.231113339036963 0.160542467185050 0.160542467184671 0.160542467184749 0.160542467184422 -0.236058961070471 -0.255543390237277 -0.345146282441580 -0.283002561194250 0.160542467184385 0.160542467184583 0.160542467184601 0.160542467184626 -0.434323134245938 -0.399527884675528 -0.341847851915110 -0.332866079888106 -0.357891155596534 -0.261849451634406 -0.0231434489352033 0.283139489924478 0.160542467184649 0.345976138843614 0.335624888777457 0.201602674404228 0.0396252946772866 0.0357610512769369 0.0363576900435941 0.0162528801524356 0.0783163065454180 0.213419143044499 0.110746763714306 -0.129150581225384 -0.116646738968482 -0.0516872366616687 -0.114451733137764 -0.240359839962768 -0.205066100204040 -0.224984919570961 -0.169343772705600 -0.103939799857607 -0.0878223729778686 -0.103046772658283
# FDY_2_1:
 0.233162016632121 0.152905180609903 0.132791529386141 0.0764461686523536 0.0710500237179130 0.0870836438007453 0.0914283492882801 0.139438646384118 0.134844159966645 0.0263466412852424 0.111982953740904 -0.0241832689466315 -0.189215294372219 -0.0539683327090522 0.166950291803622 0.132429458825878 -0.497954337617200 0.143962106418985 0.0918835931717984 -0.861944733621659 -0.180387685431672 -0.205201511583783 -0.270984294472459 -0.295721449633721 -0.264711644249944 -0.230347788197282 0.206693971857880 0.194072633544474 0.0124183866998692 -0.125109294203829 -0.346874420933431 -0.352525415564469 -0.286415738970763 -0.0835756978439873 0.0490812041253802 0.0540581407919913 0.0371393028338924 -0.196086029315029 -0.401360023701042 -0.439646773629917 -0.196297418816158 -0.124317263467074 0.124838565969010 0.138656260683820 0.123625683194090 0.0512600582337427 -0.0227365695262410 0.439219180755791 0.463102023422667 0.457397128338676 0.767057239911180 0.738240442760449
# FDY_2_2:
 0.608714659126827 0.260331875487507 0.635339025231928 0.225043492567941 0.232950020572211 0.146801244309473 0.184102782813711 0.334378359969321 -0.000522456214182872 -0.284249269056417 0.360524702524179 0.248195272564512 0.185466192306186 0.229128757025103 0.142857157477994 0.0940104199790099 0.0568941040568670 -0.234988770776312 -0.183886980217678 -0.334452871417279 -0.225749625463420 -0.212225306971586 -0.355732914461464 -0.305010697251613 -0.510086038430571 -0.602652227094448 -0.00571387775466001 -0.374732273922937 -0.255550734111603 -0.117110283783271 -0.327982430149052 -0.447927533663528 -0.403279733283670 -0.304430875153945 -0.100261883042288 -0.0336875478625032 0.0621350424581443 0.0491207992969606 -0.198872535839931 -0.522865757886838 -0.244716678579714 -0.460530624706894 -0.110999264094641 0.143461397123618 0.152307839909416 0.00609879449310671 0.182120034788469 0.0538239247244993 0.721845124464982 0.543802984989275 0.606450704701395 0.692314478227806
# FDY_2_3:
 0.0779387953567002 -0.0799598605743127 0.263866305664228 0.182872078983335 -0.0990200063590966 -0.0853630504466202 -0.0330065930784257 0.0163010281607035 0.0124956617531541 -0.135261665732563 0.211110144972078 -0.107415459042041 0.0598270296371562 0.322616966779109 0.0412873299983226 0.246871464513265 0.0625532588649796 0.0398848710925340 -0.303614094644708 -0.218993822968350 -0.344345712786791 -0.0943213982949666 -0.0607654080114654 0.0411198622005059 0.0889211303461233 -0.213934584937554 -0.185167421123260 0.227296575292233 -0.321499481443215 0.216318507861264 -0.404645540052837 -0.414429446880002 -0.262237713189060 0.0117338618474473 0.0323034842909583 0.0582168894919858 -0.108761288367435 -0.221907120817347 -0.0698224998483016 -0.354130063835744 -0.126126224929062 -0.0227487631067537 -0.360421262986429 0.141088021402766 -0.150298480942272 0.191135927111102 0.189863783856758 0.537552397888209 0.349483155038735 0.477662691525780 0.365192626736424 0.312683113732756
# FDY_2_4:
 0.495736389800958 0.338928191958846 0.447069134145322 0.456138849472554 0.368124954827487 0.443320558884441 0.382766935103665 0.215258206174222 0.215980657100177 0.0920548672175442 0.139937051695418 0.176611139588475 0.250653891417408 0.218714612841174 0.00260151086478734 -0.0540557877315803 0.180756841067137 -0.160681390368532 0.114390786602912 0.151777873141878 0.124512168422925 0.451215520951761 0.435084757339345 0.121683165917375 -0.241808190971491 -0.474970008725535 -0.462955316999206 -0.503132458676897 -0.237898352031835 0.0236739588821459 -0.0949649845275581 -0.0186601170857922 -0.0503801633924902 -0.0553672384242815 -0.0866807415054403 0.0789636757818110 0.0942785313779667 0.194522714506486 -0.330955721724789 -0.418808762190991 -0.211651720830408 -0.151237314648064 0.0326394638100976 -0.0179024857491415 -0.717472974295793 -0.379079867656611 -0.420723809864981 -0.327406556354001 -0.327341740569711 -0.179738440540648 -0.0519733446339207 -0.271548919394621
# FDY_3_1:
 0.00000000000000 0.00000000000000 0.00000000000000 0.00000000000000 0.00000000000000 0.00000000000000 0.00000000000000 0.00000000000000 0.00000000000000 0.00000000000000 0.00000000000000 0.00000000000000 0.00000000000000 0.00000000000000 0.00000000000000 0.00000000000000 0.00000000000000 0.00000000000000 0.00000000000000 0.00000000000000 0.00000000000000 0.00000000000000 0.00000000000000 0.00000000000000 0.00000000000000 0.00000000000000 0.00000000000000 0.00000000000000 0.00000000000000 0.00000000000000 0.00000000000000 0.00000000000000 0.00000000000000 0.00000000000000 0.00000000000000 0.00000000000000 0.00000000000000 0.00000000000000 0.00000000000000 0.00000000000000 0.00000000000000 0.00000000000000 0.00000000000000 0.00000000000000 0.00000000000000 0.00000000000000 0.00000000000000 0.00000000000000 0.00000000000000 0.00000000000000 0.00000000000000 0.00000000000000
# FDY_3_2:
 0.00000000000000 0.00000000000000 0.00000000000000 0.00000000000000 0.00000000000000 0.00000000000000 0.00000000000000 0.00000000000000 0.00000000000000 0.00000000000000 0.00000000000000 0.00000000000000 0.00000000000000 0.00000000000000 0.00000000000000 0.00000000000000 0.00000000000000 0.00000000000000 0.00000000000000 0.00000000000000 0.00000000000000 0.00000000000000 0.00000000000000 0.00000000000000 0.00000000000000 0.00000000000000 0.00000000000000 0.00000000000000 0.00000000000000 0.00000000000000 0.00000000000000 0.00000000000000 0.00000000000000 0.00000000000000 0.00000000000000 0.00000000000000 0.00000000000000 0.00000000000000 0.00000000000000 0.00000000000000 0.00000000000000 0.00000000000000 0.00000000000000 0.00000000000000 0.00000000000000 0.00000000000000 0.00000000000000 0.00000000000000 0.00000000000000 0.00000000000000 0.00000000000000 0.00000000000000
# FDY_3_3:
 1.29072315244189 1.14069459739454 1.01603938179272 0.950827397332168 0.875730003028640 0.896300833090767 0.117848289181774 -0.424798562777873 -0.248756799481976 -0.341925233015491 0.220958207336038 1.05984994183713 0.900155532101893 0.756191709185052 0.275168137822809 -0.256885334080219 -0.102970819266603 0.407185509552309 0.481052039186775 0.557631226532217 0.458282359817798 0.210747812348504 0.232855823384390 0.353618401950274 -0.105686481431239 -0.425046922274331 -0.775607800449940 -0.996058748013254 -0.812048818517799 -0.619086717698665 -0.412948374199917 0.117612737157403 0.303214341317571 0.459390216958299 0.645375943277619 0.673734587477714 0.261543564421047 -0.616184412360574 -0.716699923993528 -1.00609158551812 -1.21187580199994 -1.40209554635450 -0.919220761023267 -0.131240337455528 -0.222905718872660 -0.413609706212235 -0.807406702970130 -0.805474174954394 -0.593818727792194 -0.275992740308753 -0.0352976615514939 0.0170026666472745
# FDY_3_4:
 1.31298830386374 1.14178090582786 1.01953642393804 0.916639040214980 0.829560400181942 0.706903460248549 0.612798531856491 0.547650820190072 0.477771291427775 0.441796623669804 0.247119842786210 0.0445882857696602 -0.0413719787170506 -0.127514151677494 -0.211830919481671 -0.300855804625049 -0.434073739327006 -0.580469602293306 -0.615601157089102 -0.667591356259597 -0.719590167396610 -0.765745869269480 -0.745106223771838 -0.690807939014259 -0.625484889084120 -0.541063893481535 -0.556330787434462 -0.560839981159045 -0.490585321135844 -0.374918229442603 -0.392336034356793 -0.412265438431444 -0.413055755910977 -0.369488999087620 -0.283129707657408 -0.214837577772811 -0.167459707374693 0.799767148689317 0.799767148690234 -0.0927236795106750 0.0774338700320702 0.215322682892585 0.102647230065837 -0.116094933166008 -0.0268353625035352 0.151063786596383 0.347147483563002 0.446775342518013 0.234476861566383 0.0422436621030406 0.0250400466035729 -0.00280998686352810
# FDY_4_1:
 0.0992326999936530 -0.0110536873469806 -0.0669410827622583 -0.0320870958942985 -0.146522922010547 -0.151231793371618 -0.243210833327963 -0.206331257905935 -0.0521460073102817 -0.0592123238623969 -0.366034152526924 -0.280807966647217 -0.301092070216262 -0.337941318567678 -0.283743971392696 -0.227347933630410 -0.182464727042983 -0.230491937014285 -0.107822055409993 -0.0994927346159651 -0.133379847214098 -0.217936526241075 -0.273835577077326 -0.285615680423313 -0.328588637090592 -0.300046889203976 -0.314943712109860 -0.215312508365763 -0.0956185842117820 0.0797728116614289 0.172160322391200 0.0829267593907170 0.222731706213335 0.126717394628914 0.188333119572303 0.281718219122027 0.279045545428062 0.279103036299985 0.113584164731194 0.163718210927983 -0.113631396827028 0.0478078866048381 0.0427670430859770 -0.0417900148017667 0.348291650334478 0.538582889745710 0.499262100134919 0.422532695146645 0.437432844722101 0.453334386049162 0.407198660579049 0.420421097659590
# FDY_4_2:
 -0.231595479324993 -0.251989210501518 -0.336090031510955 -0.667328442384879 -0.549039691155746 -0.641310172935727 -0.406401556516010 -0.277663754520632 -0.576920963601270 -0.198937912607493 -0.245332696717661 -0.327849791611102 -0.397076170534004 -0.422059697501697 -0.418257158852626 -0.343452568665413 -0.357935728723716 -0.199100897427201 -0.155188999891762 -0.186359230995552 -0.364282349339453 -0.267666572117817 -0.235937009915914 -0.200625491415693 -0.291183656767759 -0.127544888825021 0.110806463484799 0.279701230360788 0.395581939926852 0.540609349628621 0.662509317895272 0.539277799472866 0.335765271908580 0.313338964526060 0.174289664388430 0.234782913662366 0.152498583851281 0.235029859094130 0.217742502213887 0.196831466121092 0.258999966732507 0.156700907510259 -0.00806517905677046 -0.201374625036729 -0.566229862108393 0.152053606645271 0.0231817407323876 0.606393970257685 0.888663615719609 0.938813983401417 1.04026604682537 0.998960626203977
# FDY_4_3:
 0.364092180201888 0.373313508976542 0.458070852478245 -0.102357292668785 -0.260953612197238 -0.333364298806719 -0.180121126185199 -0.0881002690732602 0.201369638545968 -0.0377353527735733 0.0945029421978012 -0.196173110504584 -0.242829677853237 -0.253969960001902 -0.267680007002801 -0.351658903235305 -0.203029518594636 -0.127203993908702 -0.149911560795983 -0.252204158057640 -0.503563806553159 -0.102588847138120 -0.307954361674551 -0.348655529234669 -0.435140229761513 -0.377846193604036 -0.285380792203510 -0.156394641313542 -0.0474663793957182 0.276475162114530 0.0659056777849021 0.153436998218547 0.111924543203542 0.145958308548533 0.205671788784126 0.453009745614536 0.197022314214249 -0.0499215356897451 0.160153420111088 0.269402402262958 0.0652464340219956 -0.0536362248373388 -0.0169520475256355 0.130857529306397 -0.109985135187271 -0.242477126310140 -0.360365328826432 0.280674532282153 0.376489512970999 0.448044881610896 0.722270433277262 0.891728214187792
# FDY_4_4:
 0.131123156491815 -0.00151253708447144 -0.0641193559925769 0.207129009116686 0.179544330329312 0.231978489694617 0.0639970297039053 -0.156176384516701 -0.180601318898869 -0.322378802113189 -0.355062593187795 -0.421058414303138 -0.427108034593085 -0.170291113560599 -0.464222952913789 -0.226028432519490 -0.356017968126595 -0.218060455023868 -0.0740302266329843 -0.0644881757664940 -0.362511770527374 -0.398600444338007 -0.409462878801524 -0.290213589518018 -0.272609687100608 -0.243143796250569 -0.171438614822828 -0.141887544705652 -0.0478280942974919 -0.00590852546834633 -0.167403568590306 -0.0101267634382904 -0.00585967716510219 0.0728983723026438 0.202804175769879 0.337019222762726 0.407736046216251 0.339322563857450 0.159179865634203 0.220971150024929 -0.133005583287793 -0.0346066257057473 0.112360820588259 0.234244990673635 0.0163933978659735 0.521105293178956 -0.114911438760079 0.413775461771530 0.434873860120607 0.621680438686671 0.810972943383340 0.591564749837996
# FDY_5_1:
 0.0740792749874120 0.0740792749875159 0.0740792749874546 0.0740792749873036 0.0740792749873676 0.0740792749873551 0.0740792749875283 0.0740792749871135 -0.643873195404287 0.0740792749874102 0.0740792749874919 0.0740792749875479 0.0740792749876482 0.0740792749872414 0.0740792749874404 0.0740792749877104 -0.568823942365678 0.0740792749874368 0.0740792749874502 0.0740792749875283 0.0740792749872308 -0.545622803634161 -0.556529259176204 -0.540309453780077 -0.481239309803876 -0.346453889948895 -0.201733809153976 -0.157476311196013 -0.145404562435543 0.118243973870120 0.303673274042332 0.0740792749872343 0.0740792749873871 0.0740792749873818 0.325482742460291 0.320081676293950 0.129963001682915 0.222536167027714 0.0740792749875159 0.0740792749872290 -0.133881236429674 0.0740792749872796 0.137347978943268 -0.0182501869174636 -0.125393656789437 0.611205278105013 0.0740792749873258 0.0740792749874439 0.0740792749874457 0.0740792749874129 0.0740792749874235 0.0740792749874129
# FDY_5_2:
 -0.652978450030228 -0.743399949802615 0.406794922434498 -0.829205307884726 0.406794922434535 0.406794922434670 0.406794922434571 0.406794922434567 -1.29199982496290 0.406794922434757 -1.63051266436804 -1.53542287484071 0.406794922434611 -1.52504994053177 -1.41043294800632 0.406794922434659 -1.43482651713715 -1.33504662707890 0.406794922434619 0.406794922434495 0.406794922434576 0.406794922434482 0.406794922434695 0.406794922434788 0.406794922434336 0.406794922434710 0.406794922434605 0.406794922434596 -1.32436016469598 0.406794922434750 0.406794922434549 0.406794922434590 0.406794922434549 0.406794922434603 -0.767286780763342 0.406794922434598 -1.38447992484676 0.406794922434768 0.406794922434566 0.406794922434668 0.406794922434590 0.406794922434646 0.406794922434756 0.406794922434537 0.406794922434871 0.406794922434451 0.406794922434521 0.406794922434589 0.406794922434673 0.406794922434397 0.406794922434421 0.406794922434584
# FDY_5_3:
 -0.169078807982464 -0.279279622123456 -0.576156902274888 -0.543200751043232 0.232035932241993 -0.133518077044198 -0.520091641057789 -0.331592204936469 -0.410616861848481 -0.346736630683333 -0.523770856391902 -0.222377385272120 -0.498478891170917 -0.335867429908925 -0.540334099698246 -0.424836530469905 -0.263009556046059 -0.366755834630399 0.0389186088258755 -0.167467067776109 0.134317263027990 -0.221715799835843 0.134317263028011 0.134317263028139 0.134317263028212 0.134317263028169 0.0536335564630901 -0.159191075768547 -0.0701008211056486 0.176494698605978 0.476590312498512 0.612182276071698 0.836747059143147 0.302327277702771 0.214930324919456 0.472499820466682 0.516740573752776 0.425550135061013 0.518915658173970 0.318387206272884 0.400116903336849 0.113848256991149 0.122327249651224 0.218581436393327 0.230161878300963 -0.488830132091275 -0.129294642728378 -0.118919082638432 0.0926759108113540 0.0897178365811618 0.308089673325014 0.398161803795607
# FDY_5_4:
 0.509615438129439 0.184298810553900 0.139711554187152 0.509615438129455 0.509615438129435 0.509615438129366 0.509615438129488 0.509615438129526 0.509615438129462 0.509615438129511 0.509615438129479 0.509615438129455 0.509615438129506 -0.295096932943031 0.509615438129477 -0.716226546809129 0.509615438129566 -0.212164782416608 0.509615438129433 -0.798304605012299 -0.307388607988188 -0.337904012532429 -0.361748572807438 -0.336831169423420 -0.346924101935875 -0.298188218421884 -0.198342662745528 -0.106459288385407 -0.0365948879495309 0.0189120990484665 0.0532157745831502 0.0417078266262178 -0.0621090731565542 0.0190978814015893 0.0295934402472627 0.0554127546843847 0.131499841146063 0.150354171348504 0.186298417238595 0.126257445742542 0.0680516404825314 0.0816463472894248 0.0789259961199854 -0.0359141144535507 -0.450030434459917 -0.538905882760210 -0.516580011497773 -0.463366120686716 -0.528408518490429 -0.584197687215070 -0.589407309713550 -0.378506592707832
# FDY_6_1:
 0.333563531646816 0.333563531646782 0.333563531646786 0.333563531646738 0.333563531646761 0.333563531646811 -0.214916351647328 -0.539990572002091 -0.748040028282504 -0.754336839893256 0.333563531646761 -0.701981534639781 0.333563531646934 0.333563531646707 0.333563531646805 -0.875743530398817 -1.11493592281336 0.333563531646709 0.333563531646698 -0.176154046518078 -0.295357780809340 -0.246480008551123 0.333563531646940 -0.141353241543066 -0.443165196009669 -0.309590429799830 -0.242648364960301 -0.218920489256166 -0.316277059878813 -0.105944907275251 0.00195009222329191 -0.171903409355089 0.305384667296643 0.00997136435367353 0.0546240875767968 0.247357027940734 0.752605048098071 0.640232681960842 0.399517696721201 0.127657328228653 0.130062928760245 0.317574652751047 -0.00850229108012634 -0.0617260872352993 0.157943951276148 0.333563531646839 -0.598442501322302 -0.281534241747114 0.0604261955173787 0.278068780373808 0.114698288914215 0.299980599970864
# FDY_6_2:
 0.255660119188292 0.114313603760354 0.330524308749835 0.236456116672353 -0.0201082378414417 0.125711561001418 -0.108569067193069 -0.0869327220414688 -0.605013486704020 -0.681617786835292 -0.888445769784952 -0.437471250506895 -0.0541934854813157 0.0116659150580012 -0.116778253454260 -0.0612493622880792 -0.167484568952504 -0.0571742135026745 0.101706774753923 0.171911916925687 0.189160374392097 0.144495412710609 0.145811860174188 0.502794751083171 0.267191432796049 -0.134225610755190 -0.500673546449371 -0.188716611817228 -0.191723697111694 0.0368108222663950 0.247457751531353 0.190067689112232 -0.00151281314902050 0.140863853483940 0.462824153024541 0.350115913563236 0.293240450983824 0.308431295389227 0.363498947941370 0.119201153163507 -0.362504036302452 -0.123415123361620 -0.0797304509972121 -0.0844697237448595 -0.00488113824969936 -0.296284759596646 -0.604688813743576 -0.344424348095682 0.167962200666520 0.223569203921306 0.336078519955104 0.364762775691690
# FDY_6_3:
 -0.720071187622382 0.392871272699696 0.680252659317992 -0.191561817345996 -0.595743600054362 -0.149007492969554 -0.391832362111966 -0.610394539819237 -0.610504856142746 0.387009718234497 0.108008372045006 0.0569996328620260 -0.279294351674541 0.269483381413927 0.100904142865137 0.137183001220170 0.454421651063781 -0.354086528198774 0.909217230574486 -0.537097179906954 -0.229161187145883 0.753897795997649 2.39104557331016 0.431016215682375 -0.162316665561894 -0.540617977776840 -0.857582752812650 -0.887570132534277 0.0608485112191780 -0.170719222090434 -0.244744096222798 0.0848076672641759 0.507966530323965 -0.360754261428073 -0.121785024102629 -0.507167118075953 -0.587518691665657 0.0622289803363437 -0.0793121107878571 -0.435888506696212 -0.453528953534391 -0.856117502040776 -0.577942359323408 0.112586152045388 -0.0802098162149286 0.124744008387252 0.214633174688094 0.245541748049049 0.0154289308153198 1.01076314654896 0.968171705628006 1.11249909126854
# FDY_6_4:
 0.420981611470246 0.382717904868954 -0.486428062700104 0.312394082979372 0.226311322911317 0.636778554189151 0.00921935774696727 -0.289545481900029 -0.559465876764082 -0.797209783174641 -0.199565561078771 -0.117446182317618 0.150304944575426 -0.429004375571203 -0.507154349628686 -0.595834204838128 -0.680163266945644 -0.0208783332477675 0.108209884189453 -0.216925426857829 0.0955891516190974 0.169161945890721 0.829971977990788 0.288948910286426 -0.00371598765464285 -0.178458757388578 -0.312360067210363 -0.349918006482665 0.161626393551702 -0.0667081924913029 -0.0813159517392117 0.121204109336842 0.387070271925773 0.626075252347512 0.855651110819148 0.445795899330605 0.442536938828878 0.621913233424149 0.147791747491721 -0.185259236386466 -0.0274903683412872 -0.0455896636216051 0.150167758227415 -0.133484611154740 -0.287445843772682 -0.396591360362251 -0.485222496247398 -0.429690391851470 -0.322667060569307 0.222670588858314 0.261935245660018 0.130510701778477
# FDY_7_1:
 0.387115878149011 0.333224667467666 0.289300084372414 0.212185882229272 0.166069400048661 0.109099839547326 0.0662771577740972 0.0508500816994885 0.0242191480856845 0.0156965358814610 -0.196186389157347 -0.0853203615562520 -0.151801597001919 -0.185669370725330 -0.201914641753693 -0.209589860298775 -0.202467924033889 -0.209211712862229 -0.264225051655976 -0.273142684093059 -0.316496337475679 -0.344701794955394 -0.368833883631953 -0.469376401548388 -0.389828645555450 -0.357162871368077 -0.301176545623713 -0.262875138921668 -0.202643877433534 -0.0949556903389635 -0.0885530321456161 -0.0163105695630820 0.0536962392052488 0.120103496674902 0.185488889253881 0.337490491016838 0.0444997114465034 0.216160474981146 0.0715953944357287 0.181572885546497 0.121311617265722 0.324352149127010 -0.0441289657638421 -0.0471142784879285 0.212252743009372 0.0146907856646895 0.0276863166476556 0.107012629664727 0.454535423178227 0.522847065712457 0.273265150309195 0.361087487556872
# FDY_7_2:
 0.435114589032523 0.384110000178283 0.287885395587410 0.197473533023731 0.162449804332015 0.153043477650937 0.0869815765007888 0.0814563190853643 -0.0565835418296266 -0.0849143439533784 -0.149996563582954 -0.386177041061784 -0.166043488890782 -0.351802270484721 -0.277210099376237 -0.490017656935239 -0.549039679340014 -0.408404633799864 -0.385398849058356 -0.368089069890498 -0.485850532105315 -0.485697557406710 -0.415666731690055 -0.302940761644422 -0.469391633170684 -0.469859709602368 -0.296903522320844 -0.152687063432651 -0.175449175138373 0.215738410973274 -0.0346591252840860 0.303663221320783 -0.286651031461545 0.339664156934274 0.228627606910661 0.317294665651356 0.404932615851577 0.268809346591687 0.315069425455797 0.0537474186699984 0.0163727730122020 -0.0116092095915932 -0.794802442276709 0.201955661911849 0.125408427861788 0.356096968009557 0.399082266929762 0.500242561575652 0.591387911290918 0.597462837131805 0.529148356975047 0.502626404879772
# FDY_7_3:
 0.321961170830423 0.285940594116536 0.203457569344000 0.0893454971076023 0.0212566409618138 -0.0349256667174315 -0.0691382749663575 -0.0253897046756887 -0.0513015154355513 -0.0864253774544845 -0.134667013712586 -0.161909161626067 -0.186787935094187 -0.180795889883292 -0.175589941074044 -0.354331936676657 -0.0981370502042657 -0.0975431797453178 -0.0921277786110079 -0.144066839097898 -0.151667683446850 -0.150826592165828 -0.442205948077421 -0.220593667117179 -0.234343729643331 -0.407646748901467 -0.273798849761871 -0.159891904080722 -0.183016269576371 0.00166065831152223 0.0827119095632345 -0.0246983661083877 0.0551090345681893 0.222584761550957 0.325635887730120 0.347946341366807 0.285338021287642 -0.0371300492760437 0.0188678941367269 0.0352502352602502 -0.0423953822896219 -0.0489879923504499 0.0166325167716528 -0.00678571921386667 0.0507245488950335 0.0577696518674398 0.157370455731112 0.292023897061023 0.319831115484837 0.340300427562401 0.375927248919306 0.369480088555615
# FDY_7_4:
 0.444394806562626 0.375846137233166 0.276882892739550 0.124316935412239 0.0343282495326630 -0.0538016061139727 -0.0911070799867847 -0.344944073084271 -0.180719288084284 -0.225713551312519 -0.135141211122113 -0.0264966288707255 -0.106504141332986 -0.129924318627119 -0.146282645752929 -0.0550749442671096 -0.0929523686420581 -0.0252704646495582 -0.0443370487888876 -0.0449626782987650 -0.110145860670423 -0.119936355858311 -0.156770486353615 -0.144922882362239 -0.190424865992915 -0.178074015450718 -0.187151583654846 -0.155472022715215 -0.113017249028618 -0.144660211348908 0.0592546430340409 0.246749442195548 0.0249563125622224 0.272693550172224 0.257631261602119 0.139971408215162 0.146829399462607 0.282727869946955 0.0951781164591226 0.0861586685693037 -0.0591467166074246 -0.0748862777023710 -0.151823275574503 -0.102728809782732 -0.202103909809745 -0.195322218175805 -0.155771347664106 -0.0314894857477629 0.0897176872352730 0.353797539071993 0.480378820383642 0.385265883043880
