# Number of parameters = 1827 Objective function value = 16310.9191421080  Maximum gradient component = 291.029168738024
# lnR0:
 13.5233722213185 11.9061249572463
# selpar:
 1.28264745454474 2.22800405982407 -4.23705026807078
 2.20552596117520 0.445253881645683 -4.11167495589951
 -2.64259473621284 -4.75161032014324 -1.85440814058607
 0.0417833442157942 3.00245852955191 -1.80205759115345
 1.75359204807774 0.709716604767880 -3.25689512833334
 4.87081785626908 -1.77900888992926 0.164294877987627
 1.76301466682363 -0.487144504856547 -3.58368514157599
 -1.47199309554126 -2.38936370885778 -0.0798008290806713
 -1.78584443849890 -1.61903400181555 2.76814760974595
 0.260052784404396 -2.34987020735510 -0.484522505907766
 -0.536791094814721 -2.26755333622405 1.03974189965831
 1.32847388750162 -0.134175125927138 -2.06325866818103
 1.76871446978504 0.645285586710763 -3.46383978118136
 -3.39666150302524 -0.703883591219812
 2.81132635866134 -1.54990503887468 -2.66442399792229
 -2.09666289649748 -3.33090368480067 2.00203071485791
 2.18519255453358 3.21174772314436 -4.06664322291067
 0.946922236862981 0.985588869548275 -1.06589687011100
# movest_p1_a1:
 0.00000000000000 0.00000000000000 -7.99999320706608 -7.99999922676985 -7.99999999441533
 0.00000000000000 0.00000000000000 5.53557154953273 2.26361778693626 2.08868028517410
 0.00000000000000 0.00000000000000 1.07488395299551 -4.98325481182535 6.36767691661946
 0.00000000000000 0.00000000000000 0.754908223065792 0.393279430823023 7.60551812843210
# movest_p2_a1:
 -0.354913922565228 -6.09839924269879 -2.45602608493816 -2.13204776813130 -1.31546583983622
 -7.75946919870827 -1.34116834823239 -6.92447827215830 -0.273149737234926 2.05873174370284
 -6.54099697643850 -1.23248999309788 -0.612481091615127 -1.57616734842730 0.201863011524688
 -4.94440738079753 5.64405628098309 1.43361592001899 -1.00545160358315 4.26356937531555
# movest_p1_a2:
 0.00000000000000 0.00000000000000 -7.99999972817353 -7.99999997999360 -7.99999998375030
 0.00000000000000 0.00000000000000 -6.75806491628523 -2.86196036009651 -2.15834072768190
 0.00000000000000 0.00000000000000 1.38824309302358 2.04511028356958 -3.69965717752450
 0.00000000000000 0.00000000000000 -2.81725621824922 -7.86659383985731 -5.47439781008405
# movest_p2_a2:
 -7.99998138739708 0.604143311456850 -3.76054196905208 -4.09832857654383 -5.25251622818151
 2.32533647650738 -5.05395079315264 0.813302963625063 -4.26442262421639 -3.20164821469087
 1.07433463346487 -4.41155948167340 -2.14424786060603 -4.35785116167728 -4.15443075193976
 5.73449710462240 -1.25302714890012 -0.118771436504182 0.723535798841199 -1.92100191892839
# movest_p1_a3:
 0.00000000000000 0.00000000000000 -7.99999985019659 -7.99999999936706 -7.99999997889050
 0.00000000000000 0.00000000000000 5.12162687640111 -1.29812651869172 0.116775476771787
 0.00000000000000 0.00000000000000 -1.73903755424475 -3.18371619995294 4.72282526253430
 0.00000000000000 0.00000000000000 1.43097868677715 7.09587947690582 7.54459734588270
# movest_p2_a3:
 7.51218187942153 -7.01290507427133 -1.24307251852561 -3.65294207504779 -2.75771303592338
 -4.06495287167807 -2.87731202811725 -7.45792057696804 -3.69225087808877 -4.55625134572580
 0.836952295224467 2.64298468550420 -0.847420887904407 2.24284440156181 0.112704288705739
 -2.01615121915947 0.607195753267874 -1.81942664481844 -0.902159486001388 -2.59375169579690
# lnqE:
 -5.09701169136712 -3.49626467884970 0.999953762850499 -2.68464065238510 -1.97097975065014 -1.47218779830120 -2.78988908740903 -1.11359800536130 -4.57666021490488 -2.96399797026342 -4.31906665253617 -3.63769916897962 -3.39126960037864 -1.79254785662064 -2.98991173238556 -4.09571832002463 -4.60750954464037 -3.24988423665539
# Fmod:
 0.815919048833601 2.00715757433466 -0.955883389739850 -1.17428461950303 -0.713687068556317 -1.10937438448883 -0.945850273333206 1.18793033875873 2.94756554049708 -0.956624944961309 -0.275999769384761 -0.624269899578577 -1.34783526140423 -0.610809035595745 0.579562531331926 0.772460096951371 0.737119535726661 -0.404669771182825 -2.92195065037140 -1.85241504914290 -0.736089115325660 1.05049921138902 1.39520159231509 4.28514921361109 0.606592621643237 0.565622480939248 -1.57828812109467 -0.742748432668409
# visc:
 -2.99998843058007 0.499884277888808 0.0179090629569649 0.436299893228430
 -0.310116988378918 -1.87834292639978 -2.99996535977892 -0.655619560014335
# lnRD1:
 -0.392631521135731 -0.229637400209564 -0.112710969806595 0.163178216288920 0.0729664796072830 0.0208371581412070 -0.225181501046368 -0.0152834396402573 -0.204204448558764 0.0451865738916705 0.237258765048479 0.275220549582427 0.0137218105488523 0.103914069000949 0.0341920327443792 0.355494709730948 0.0965591064266517 -0.0604993481593601 -0.108290057943537 -0.365456022763048 0.0318750704038079 1.50432372279608 0.767485045334254 0.316537425090131 -0.348220438124102 -0.496820137157618 -0.683061912403947 -0.796753537687147
# lnRD2:
 0.103225481831821 0.0671774729679269 0.462773251758346 -0.398316474820399 -0.0711206306620338 -0.267857439729320 -0.148999762450221 -0.226030155702588 -0.133224280206620 -0.0868139022309469 0.226197381259829 0.0101151930800991 0.0164441561170876 0.214087960678828 0.0864142865213331 -0.0438915164741134 0.278629430719765 0.202097211090589 0.250965277050926 0.401410592218794 0.0627923064015055 0.372173104391994 0.125888831791262 0.200526808875070 0.192891631207502 -0.428688022913019 -0.731209655269986 -0.737658537503433
# lnRD3:
 0.00000000000000
# lnRD4:
 0.00000000000000
# FDY_1_1:
 -0.0321212957627958 -0.0323168323275747 -0.0322013893219380 -0.0320740077013416 -0.0322977328079502 -0.0325563111855046 -0.0323132486241865 0.314919382986781 0.246563770563931 0.200137087997322 0.169904175660473 0.135468181778347 0.121004472627571 0.106754971741651 0.0952134150323695 0.0731651164277344 0.0138062190910010 -0.0542004422305712 -0.0990386496211847 -0.144973130584691 -0.186170087481642 -0.216014984655428 -0.235305458239835 -0.261304185929428 -0.281903707951701 -0.270543579630916 -0.268450042256446 -0.256154663431757 -0.244706932619642 -0.212725106842883 -0.204762477545816 -0.186864703203162 -0.175514428080239 -0.149790543777616 -0.0889158033706706 -0.0679901549369585 -0.0597267359760104 -0.0329152047155957 -0.0246405801623092 -0.00901714776201788 0.0265026273076091 0.0690598650796445 0.119535504119091 0.185724899263693 0.214567395328337 0.213789675039806 0.216172758171457 0.227376117031745 0.264818944933799 0.255744270554643 0.231589157786442 0.168373847500153 0.113965418398318 0.0888046803160404 0.0845476139998515
# FDY_1_2:
 -0.0391573686946750 0.342986941339289 -0.0373840043718062 0.335258910325095 0.306512183236896 0.280868625970447 -0.0393086963637737 0.251508813979646 0.200625920027550 0.178819188681306 0.129080500504307 0.111182936319017 0.138956513105653 0.131381982903822 0.0746241564544842 0.0590643883518923 0.0698877358833877 -0.0494054792301329 -0.100004122260636 -0.141970039842557 -0.157909168074211 -0.213179602298624 -0.231610879492122 -0.246716029921822 -0.277147943866191 -0.256556134768268 -0.261604915741110 -0.253605290357407 -0.246046580508050 -0.221843152278259 -0.232161851264688 -0.210426110896277 -0.203563682527724 -0.182823635588706 -0.105757444017527 -0.0967362522395961 -0.122538113696064 -0.0934077598876816 -0.0964660327857095 -0.0630939099168656 -0.0168859759326388 0.0370032511175832 0.0802842248112806 0.138729419018233 0.168339137090448 0.165955565397727 0.173743115699242 0.148703264338686 0.144839385617421 0.137300212050704 0.120571557779655 0.0861293261798856 0.0552471412940189 0.0560270639354369 0.0736787154100079
# FDY_1_3:
 -0.0279707488519413 -0.0286650617030287 -0.0280397531172137 -0.0279742207951373 -0.0279543008830344 -0.0278361647488970 -0.0279138749352060 -0.0295277082359587 0.319354598710973 0.384601076728880 0.389374483168066 0.327196771769679 0.317807850223341 0.300250830524586 0.239280796303276 0.190823759570174 0.168036040109681 0.0400092669027615 -0.0180279195316723 -0.0764258067120514 -0.111153218971149 -0.176661859020591 -0.221647514006711 -0.278342500740354 -0.296270294893263 -0.253518809385234 -0.0275832924464404 -0.0281300299057153 -0.282936924462465 -0.282082090207759 -0.267253490236231 -0.0278184288442019 -0.212940209879029 -0.0280330470488589 -0.0275210349284026 -0.198548096575623 -0.218863241335781 -0.182800682123819 -0.200118475459932 -0.191657032145789 -0.156723659467211 -0.108704384740615 -0.0252904973554840 0.0974655500963192 0.121109621234630 -0.0287714636860975 0.119470666878019 -0.0279008264833563 0.142872473719259 0.126958621355635 0.117606445392947 0.116569161581316 0.144053041984708 0.235855335969863 0.282910271640142
# FDY_1_4:
 -0.0363411823803106 -0.0365341509480870 -0.0366426561396467 -0.0364889836976646 -0.0366157376934902 -0.0364131735399070 -0.0367756896429099 -0.0364937269050319 0.202884506738009 0.170845496146748 -0.0358467149174398 0.116371668915767 0.125170197004052 0.0879784523202968 0.0808933441416051 0.0673590276692945 0.0843404596929855 -0.0434051920998742 -0.0746792707869095 -0.118461583360117 -0.139053426695831 -0.195061026890336 -0.211505494816319 -0.223008959409361 -0.235697009135586 -0.213347670606372 -0.222299741015499 -0.203687367402545 -0.203509521070937 -0.169161566765070 -0.0367761494397985 -0.137592428667789 -0.134946653973183 -0.103718543127686 -0.0339124931543516 -0.0308003738903646 -0.0248122125783224 0.0226587264643414 0.0100552530168642 0.0213029754630462 0.0435794408735028 0.0796412972001596 0.106640416538406 0.151069464763457 0.176014989474778 0.173319958143701 0.194251632946932 0.186117911389681 0.193330788570604 0.189824596211810 0.159214747946007 0.121609046568032 0.103870394632375 0.112822547346390 0.102421360571890
# FDY_2_1:
 0.0950944289497219 0.0248788669458295 0.0308346381756252 0.0153067952831516 -0.0145845952313644 -0.0372087700060795 -0.0366803291934974 -0.0333634658247167 -0.0624993003990455 -0.0774188497749440 -0.147280854878948 -0.154326664442153 -0.136962458640504 -0.149025410477868 -0.153533362572885 -0.123777807711428 -0.0299258624557051 -0.141005122114071 -0.182299913310140 -0.208094422146389 -0.215389373635523 -0.281640966750066 -0.290173220662969 -0.289459880145215 -0.304179035369348 -0.304986851104170 -0.251706477664603 -0.209853866832221 -0.175242486722480 -0.120488110903780 -0.117352684074198 -0.0724107203386262 -0.0645749751353262 -0.0225239444207684 0.0514682880040946 0.0934510982075722 0.103200906892690 0.115345770774379 0.119073564260562 0.129880760046761 0.152159374138815 0.170746450218737 0.215784460402233 0.220952741729382 0.235445479780596 0.219381066051773 0.220119381403377 0.319274530609522 0.336257938790242 0.370655191071847 0.359998611846010 0.299979592326816 0.218949438327748 0.177309759824980 0.112420648876570
# FDY_2_2:
 0.387568479671040 0.149997714102979 0.118548327658223 0.0302972360484404 -0.0523325441726809 -0.111468138170882 -0.108409101173174 -0.118329114624859 -0.145013598263455 -0.616907190761576 -0.219039719465578 -0.204451177499945 -0.120611722277635 -0.0780658638821351 -0.0253696175901607 -0.00652093604487185 0.0559891274195339 -0.00383587057292794 -0.0342045027471691 -0.0671871647112638 -0.0899484507436634 -0.159695853820573 -0.206438392908442 -0.227026843334737 -0.265392493923650 -0.364936638856424 -0.281179920078997 -0.123066796914627 -0.154668487680142 -0.0645494865921891 -0.0864447224192579 -0.0657875715101612 -0.0602739105423921 0.000394589086961503 0.0780415864660525 0.140296946503781 0.120067629114808 0.120947132238949 0.0837113622256621 0.0280144435818013 0.0188573129825223 -0.00663448900357893 -0.0395567110836401 -0.152149092072021 0.00192296853153635 0.107804718416799 0.178532985523790 0.249366948847659 0.336589155552725 0.365535142377683 0.367243330428646 0.349774159111539 0.343388230173157 0.323606709098744 0.302999888279774
# FDY_2_3:
 -0.0796174044921619 -0.125044100611978 -0.0979579080799425 -0.146484275688324 -0.190239735488239 -0.242492713750323 -0.199682034496028 -0.196883960427316 -0.242322312846642 -0.398534672976540 -0.243927503759465 -0.241159111841641 -0.169083123881533 -0.138490611613458 -0.0923721756247989 -0.0339752511383949 0.0448777752648941 0.0207483666918197 -0.0104872396090908 -0.0453338960895776 -0.0869124708465950 -0.152947804872577 -0.192108943675017 -0.180976815756989 -0.218404472902335 -0.218880193901984 -0.226023430046624 -0.0716638044104961 -0.0763969939113661 0.0105804057522393 -0.0275959225521576 -0.00276503984605242 0.0272477781574011 0.0850417530615428 0.157220630722252 0.222457861695995 0.173840530780704 0.156259050079557 0.162612834969759 0.0697522951579609 0.0676488954036646 0.0202168517764422 -0.171941244899656 -0.102671904868779 0.0827578536192397 0.169403577288004 0.242158159499481 0.290703947537216 0.342057364493599 0.384688159689566 0.392578450184560 0.378629814742926 0.368892510576452 0.366632546324459 0.386369661436348
# FDY_2_4:
 0.223571607141181 0.216453229873606 0.208912484814297 0.146200629543711 0.105466057073801 0.0937600680666373 0.108685769296827 0.0546035020137729 -0.0316637380616323 -0.159644339519807 -0.0609204957713026 -0.0506100655572466 -0.0185129985434216 -0.0186442849884179 0.00430737273937428 0.0377420132308064 0.0467848234432413 -0.0477479779183972 -0.0720046692646790 -0.118075491777202 -0.169268790935178 -0.222469558445793 -0.244992156030944 -0.235918958402094 -0.274470099379770 -0.278433825350152 -0.233672556958405 -0.175400215774533 -0.180332025770225 -0.128491081226307 -0.130496877565190 -0.0999272360172778 -0.0981386586995195 -0.0660970330320226 0.00770832776471316 0.0488975239618136 0.0470293814067641 0.0710239252016347 0.0248403334071580 0.00696801742166816 -0.0196806567777888 -0.0311395033264655 -0.0372944501759767 0.0292772335592754 0.0541938562745683 0.0851147086805674 0.141922553369493 0.158513102457049 0.192927140343778 0.208916415537248 0.198268546138293 0.182831103712314 0.163024013980399 0.145426633371394 0.190677371444361
# FDY_3_1:
 0.00000000000000 0.00000000000000 0.00000000000000 0.00000000000000 0.00000000000000 0.00000000000000 0.00000000000000 0.00000000000000 0.00000000000000 0.00000000000000 0.00000000000000 0.00000000000000 0.00000000000000 0.00000000000000 0.00000000000000 0.00000000000000 0.00000000000000 0.00000000000000 0.00000000000000 0.00000000000000 0.00000000000000 0.00000000000000 0.00000000000000 0.00000000000000 0.00000000000000 0.00000000000000 0.00000000000000 0.00000000000000 0.00000000000000 0.00000000000000 0.00000000000000 0.00000000000000 0.00000000000000 0.00000000000000 0.00000000000000 0.00000000000000 0.00000000000000 0.00000000000000 0.00000000000000 0.00000000000000 0.00000000000000 0.00000000000000 0.00000000000000 0.00000000000000 0.00000000000000 0.00000000000000 0.00000000000000 0.00000000000000 0.00000000000000 0.00000000000000 0.00000000000000 0.00000000000000 0.00000000000000 0.00000000000000 0.00000000000000
# FDY_3_2:
 0.00000000000000 0.00000000000000 0.00000000000000 0.00000000000000 0.00000000000000 0.00000000000000 0.00000000000000 0.00000000000000 0.00000000000000 0.00000000000000 0.00000000000000 0.00000000000000 0.00000000000000 0.00000000000000 0.00000000000000 0.00000000000000 0.00000000000000 0.00000000000000 0.00000000000000 0.00000000000000 0.00000000000000 0.00000000000000 0.00000000000000 0.00000000000000 0.00000000000000 0.00000000000000 0.00000000000000 0.00000000000000 0.00000000000000 0.00000000000000 0.00000000000000 0.00000000000000 0.00000000000000 0.00000000000000 0.00000000000000 0.00000000000000 0.00000000000000 0.00000000000000 0.00000000000000 0.00000000000000 0.00000000000000 0.00000000000000 0.00000000000000 0.00000000000000 0.00000000000000 0.00000000000000 0.00000000000000 0.00000000000000 0.00000000000000 0.00000000000000 0.00000000000000 0.00000000000000 0.00000000000000 0.00000000000000 0.00000000000000
# FDY_3_3:
 0.0425340556122650 -0.00572852956536515 -0.0176555471524134 -0.0165528068850909 -0.0495112012036384 -0.0847266922450761 -0.0921917459865334 -0.0776526810877768 -0.103309516636900 -0.102908290368178 -0.161866597130290 -0.157433459067538 -0.123015449670012 -0.150396655458628 -0.126012059331161 -0.0747802985869493 -0.0119035919257529 -0.126624836012734 -0.179632902476535 -0.219504795226424 -0.241488869067682 -0.293221131626638 -0.308561179739002 -0.312722499171929 -0.335403866439892 -0.299576667086101 -0.280759547989351 -0.211205037280264 -0.213488499227493 -0.144791222286884 -0.126072440859923 -0.0830882043939435 -0.0966499895068614 -0.0315883876267947 0.0514677734029646 0.125065067599577 0.0855199375664430 0.185631639518104 0.190015549068524 0.274748351278574 0.252423072600379 0.314429402865684 0.200182877701437 0.151793553644630 0.200961580663390 0.225948226819760 0.292417027800022 0.297788775508092 0.368852104258562 0.373681679723649 0.340719255915680 0.268004393087333 0.215759115199539 0.184009970738976 0.218071787746168
# FDY_3_4:
 0.138139711483500 0.104191977451621 0.0855693524220110 0.0719120077161913 0.0462899384913341 0.0536509939473912 0.0474795556679942 -0.0415850618249537 -0.0772159621518603 0.0450275573475157 -0.0539390701267602 0.00286555033638426 -0.0437013886138225 -0.0628485660887189 0.0214253493787186 -0.0995813201032513 -0.0239732766149335 -0.0651227834382563 -0.153644504468199 -0.245389659256031 -0.278304520868191 -0.343783100974982 -0.357979414101539 -0.390056381465063 -0.376182024952507 -0.370082789697320 -0.252549421506830 -0.278760202312229 -0.106917776094981 -0.300641651925936 -0.146750235700765 -0.202537758920526 -0.117235983120520 -0.115472563308174 0.00176369390676435 -0.0226383131002691 -0.0445058033977156 -0.0952703435633780 -0.0929643557597571 -0.103113567846914 -0.0861396855517756 -0.0240484854810284 -0.00711338274348004 0.414360449657458 0.340218876083166 0.402167255925220 0.139947030385204 0.273495996848883 0.281205071500262 0.384394763805729 0.431301600367154 0.291828985208364 0.306783358125549 0.604953421883993 0.491076857140257
# FDY_4_1:
 -0.0222174745492053 -0.0897674016287869 -0.134853994382021 -0.201267519445405 -0.241012435462980 -0.277841460201608 -0.306342477095844 -0.312695630203256 -0.317873729133835 -0.304331979375978 -0.319974259152704 -0.335794536215894 -0.365839962399233 -0.362751159400836 -0.342190784286944 -0.322051206470583 -0.308033006847101 -0.294156479323503 -0.324994952937081 -0.345181893269687 -0.386129671772517 -0.413830421569215 -0.428566486835038 -0.426582392118864 -0.441574980427222 -0.383373459914548 -0.307905680743321 -0.235626687400014 -0.179637992811458 -0.105096774734849 -0.0905677856608988 -0.0164083633082012 0.0142619813330022 0.0977669105671287 0.181043973530413 0.246438373844950 0.266149927479382 0.281521427782402 0.292565378421625 0.289055293892371 0.298617964524497 0.337145685474389 0.411850868546988 0.403303337996300 0.405051168620538 0.404276046015249 0.409139276429717 0.577483775299620 0.775011758787291 0.841760806825011 0.877146415800098 0.614783669228331 0.397528470107873 0.301135427970583 0.221435100600871
# FDY_4_2:
 -0.0473685631490182 -0.100347582080886 -0.142694920275423 -0.223132449106520 -0.257209370072758 -0.300746535945093 -0.319165945515902 -0.314007290377055 -0.322582588383669 -0.295766874588540 -0.300340977525285 -0.316821421630313 -0.341483095095259 -0.342785650947168 -0.319395768474733 -0.301152721847129 -0.293815418707210 -0.267796918982317 -0.297096499315960 -0.327598497182068 -0.383432552680934 -0.396883165708024 -0.413959433621180 -0.418322015862650 -0.437696480262919 -0.381104933853753 -0.293874641672141 -0.215352622801995 -0.171564489390431 -0.0884657595661121 -0.0702842755765736 -0.00275069862930936 0.0272383398280022 0.106034655852297 0.190098450229229 0.248121419660229 0.274135894761331 0.289791661614414 0.301891503395841 0.290881457810901 0.293806871969182 0.339362430850370 0.405625906531072 0.369888943577419 0.362188463784772 0.382827599179048 0.400587761712642 0.560428119116514 0.758842938769001 0.830094626766968 0.860945007630204 0.580738614275012 0.364951922984832 0.270441950683786 0.196075617845266
# FDY_4_3:
 0.0369341135910467 -0.0122133265994458 -0.0457097115417474 -0.102852343557474 -0.129445531061999 -0.156419345335024 -0.160281808234173 -0.150751413022727 -0.140999535550285 -0.126825675228038 -0.149549692717852 -0.182982151040874 -0.230162693065338 -0.245477178338660 -0.232117556855440 -0.215095461508049 -0.196386100502814 -0.168832346265659 -0.191618421413900 -0.212007182884925 -0.275570238281782 -0.311468233182622 -0.342602138737634 -0.349414544581084 -0.377975565450643 -0.334855062984359 -0.286820585637965 -0.232815646493183 -0.183476435998912 -0.0891986055495218 -0.0551856014365373 0.0332329693169550 0.0629449368286505 0.142391945980301 0.239147322181589 0.294231793879037 0.308103755981554 0.295117880778946 0.314734987255559 0.309405151413298 0.299072522868652 0.342267875118319 0.352721284605654 0.217614783832822 0.188538150674031 0.140353981295114 0.142385526695739 0.163845940033903 0.186678409667550 0.194230721824093 0.280627426480598 0.335783572778092 0.325541733405947 0.340862204435931 0.342341142135285
# FDY_4_4:
 0.0516760142201542 -0.00202138180286871 -0.0389807012105588 -0.109179460723640 -0.143175507725933 -0.153879216418622 -0.141737142984807 -0.111299350017087 -0.0797804296205069 -0.0641547306767569 -0.0988802998766352 -0.152218831783538 -0.212819658821559 -0.249612500308057 -0.236891944207352 -0.219816867259544 -0.188514954097888 -0.148587815626012 -0.173686980658809 -0.190290780167812 -0.241100163744233 -0.286628907249600 -0.309150489411232 -0.296573718796215 -0.336392933050292 -0.327580600805285 -0.296970314596370 -0.266421107794576 -0.205588853729682 -0.102146134885083 -0.0550888205213076 0.0444623802229029 0.0879659041472072 0.160571314684265 0.243807924589784 0.306065048219214 0.311036991428146 0.299587841236507 0.301258114126675 0.290963614038196 0.269365565623168 0.309436246661352 0.393830463934404 0.354078114115559 0.382847483491588 0.385262462226990 0.174013550196491 0.0154087203428668 -0.0149799467920275 -0.0676392724527164 0.0707191597117818 0.203022507700713 0.240726690057284 0.293970138861496 0.331713567979864
# FDY_5_1:
 -0.00382031376938778 -0.00416501471457779 -0.00454056903240145 -0.00429125828702607 -0.00469521569592083 -0.00428291298331932 -0.00681111878743782 -0.00431063454941975 -0.295959317412318 -0.00413639692484694 -0.00428382614666870 -0.00689779254388804 -0.00394512376525328 -0.00403960148497732 -0.00420100665100191 -0.00413213554405382 -0.281446947988609 -0.00419242479463148 -0.00415840564769558 -0.00433762523064844 -0.00411073592535275 -0.384379922778787 -0.398847270384347 -0.396203599235881 -0.409989731176924 -0.353316174739742 -0.277797527195115 -0.208508805752445 -0.153309729698398 -0.0738789492789150 -0.0559180908465165 -0.00475810130216407 -0.00394224656493973 -0.00434225800671876 0.211725010288020 0.277766994602512 0.296781296957149 0.313273207579339 -0.00422255561125454 -0.00458418823062904 0.329947180190568 -0.00408920326338728 0.446402987263097 0.438131786153886 0.446747331506751 0.428225711998265 -0.00416379424408246 -0.00545517052938597 -0.00408952260557109 -0.00455822656672504 -0.00422937825084383 -0.00792990021618615 -0.00434741746400861 -0.00359445545688900 0.250213090739706
# FDY_5_2:
 0.208876934658773 0.144479366208072 -0.00592067514383501 0.115893107024803 -0.00586541288528088 -0.00627681309293872 -0.00619456490437755 -0.00603020786852173 -0.000310648144264534 -0.00616457578173459 -0.0894682089029593 -0.107035587934105 -0.00619359511831276 -0.138922910791768 -0.0975559087679356 -0.00641610902931269 -0.0417270143652318 -0.0636335987761749 -0.00616669721597620 -0.00584192588962320 -0.00606051579404389 -0.00626254305955178 -0.00609903644103873 -0.00601847324177409 -0.00639170072760400 -0.00623637717863292 -0.00606384387366645 -0.00599740506616733 -0.124573048079634 -0.00595213983561418 -0.00621299899670127 -0.00596868346295955 -0.00655159836881516 -0.00635436769767075 0.160121262498180 -0.00382151308304059 0.285692126638218 -0.00627986371910018 -0.00587790129311141 -0.00617314751351230 -0.00571562399205774 -0.00609079573686635 -0.00575493564138021 -0.00618746256549076 -0.00594535813459920 -0.00590581811640269 -0.00620667912770603 -0.00604679754068395 -0.00454089933824722 -0.00566220693229649 -0.00596006451494115 -0.00629260979273141 -0.00596972239375606 -0.00616204378001963 -0.00600216737587657
# FDY_5_3:
 0.184505411736159 0.143577328125100 -0.00521399411353617 0.0432026652039609 -0.000408420919267062 0.0331935973070042 0.0659436629882230 0.130894726580477 0.189466539210745 0.124260557327275 0.0371489422893273 -0.0339439210812186 -0.145907719853537 -0.188284501583876 -0.174891114372803 -0.161875204540262 -0.157813581954364 -0.105215275021048 -0.103752746026644 -0.125642988581282 0.0367928826309566 -0.247247855860360 0.0356539798239665 0.0353980590159365 0.0359635487962035 0.0357038387459628 -0.379802986328844 -0.345407977460479 -0.276771018502142 -0.162923172900804 -0.158314478378769 -0.110844185011780 -0.0542550523646431 0.0440285196592282 0.160559972701611 0.186925382652240 0.200578504821686 0.154963160116952 0.194654430363440 0.198863967487644 0.159566246175666 0.239690956162106 0.358477179968734 0.376754422516868 0.441358338641139 0.241899571921831 -0.0865008453805419 -0.353545005937188 -0.457396533630439 -0.524394746443573 -0.311085650795168 -0.0318264070318394 0.0548198031510184 0.225772628031380 0.332646559921570
# FDY_5_4:
 -0.0279603248579108 -0.209385099945678 -0.250777155759353 -0.0274079956271234 -0.0277333935919837 -0.0276832710507551 -0.0281067080630087 -0.0274827318714233 -0.0274761012801508 -0.0275684338038895 -0.0268248813308872 -0.0278148176457081 -0.0243527921628977 -0.446943432771069 -0.0340445595579955 -0.406561950747957 -0.0286484342626532 -0.386367239508635 -0.0277983262043187 -0.433197642171622 -0.464486194275570 -0.486066105529116 -0.508529287150665 -0.493102903624432 -0.496660454066679 -0.438013783028021 -0.374622669958957 -0.300225496640499 -0.264562403537035 -0.169874606181337 -0.152930067301990 -0.0646899796636380 -0.0229850669274294 0.0924279885485004 0.183917994656586 0.257415334331170 0.262773875650220 0.286848694294746 0.298878381174416 0.287085299623193 0.309070200602511 0.312233893996928 0.408874909711630 0.408479340785627 0.465061415275787 0.319109681621976 0.395201060794593 0.507633254780383 0.567865484444459 0.591426652962732 0.347388542250365 0.214169717022613 0.144452937155930 0.0676363102558876 0.0329333401601361
# FDY_6_1:
 0.00245938390633428 0.00298439581458611 0.00236874556982871 0.00252989796183824 0.00256093595225161 0.00473072097276541 -0.419237874346805 -0.430268642975204 0.00526889744037186 -0.426305974632672 0.00283575901892343 -0.456490802682854 0.00277444975334175 0.00321815531783011 0.00339783419857388 -0.445637120233500 -0.430548966986957 0.00288004142087496 0.00265357514016175 -0.467407083435800 0.00279486757663873 0.00246083196817006 0.00267541308933518 0.00251322152816870 -0.560047342150252 -0.503543831717868 -0.427932438143217 -0.356133220519895 -0.301680090522536 -0.222887095850555 -0.208575401973659 0.00302200957905365 0.00257518138028525 0.00279701457388539 0.00281455654273712 0.121895573701634 0.139663226921765 0.00265049010904496 0.00223916342541487 0.168368010095784 0.177043020097054 0.218158828051363 0.294637261690847 0.283637329314291 0.278532978642461 0.00303940105820290 0.286694686894175 0.455111766268855 0.650046789085520 0.719577343894649 0.752169357707811 0.489824653157657 0.275624393035932 0.176286005504707 0.0991797188086503
# FDY_6_2:
 0.188291635418784 -0.0631024791627038 0.245994449407150 0.214981482140216 0.0559397989745378 0.115820047507592 0.0782318953654590 -0.00222890146220747 -0.123214913034561 -0.143659337713609 -0.266008040920998 -0.0726143767185856 -0.174727801504926 -0.0655544223797369 -0.0444425599111511 -0.208768973889392 -0.197360835250901 -0.0744431856978005 -0.0466813300405862 -0.183027159007882 -0.181826289082791 -0.555508702332022 -0.677031238997783 -0.128120289290208 -0.410902168852908 -0.406405823624088 -0.231063720757643 0.0597245768219851 -0.127587560273320 -0.101569150293328 -0.0746766417651797 -0.355533879602085 -0.396746894554763 -0.0444504976676823 0.0905713972940234 0.102530287284545 0.0766925197714754 0.101355719441342 0.205665129764550 0.273827886489417 0.340388020216726 0.245758064128398 0.383480312344967 -0.661493081663039 -0.317874421503850 -0.494433595672562 -0.608229913546493 0.118555214273526 0.837103541961456 0.957457551029975 0.833789839461832 0.498559100255047 0.443582642824522 0.521636516928730 0.449350557068527
# FDY_6_3:
 -0.0369706192499957 -0.00828296841404026 0.394623896201411 0.392836065100963 0.307290221297586 0.204917216625040 -0.150495452506369 -0.268044204967525 -0.260747666502078 -0.196044130289641 -0.196203754874965 -0.294751137146852 -0.352506792160374 -0.0270477045221641 -0.0221777697554092 -0.168809521691852 -0.214399999093962 -0.238349729653432 -0.172154325024351 -0.311236941023456 -0.402200275285344 -0.510338167387467 -0.673342232916632 -0.600661153004200 -0.563283102480815 -0.487506895262724 -0.413975107954028 -0.316228614014184 -0.304826015573982 -0.147439759323772 -0.234006618544382 -0.171607614063319 -0.116370409779601 0.0210690360341751 0.136869325949111 0.183430461943913 0.191805023185844 0.227191965547562 0.278988520650893 0.257874632511517 0.243985737894999 0.308060833924882 0.310402153078929 0.111271712890566 0.112704606103017 -0.0308311147565824 0.137301316601516 0.560470614423073 0.786562569462627 0.928092697755588 0.627891824969658 0.280094390536952 0.341106226128143 0.272867015830152 0.273131732575379
# FDY_6_4:
 0.120641881172840 0.279406621689455 -0.0224663158341984 0.391918140685083 0.313519018281820 0.229930421222794 -0.152896792203022 -0.227083603178715 -0.0932096960945649 -0.284244522572060 -0.0831107310178565 -0.290760099252385 -0.0982441299948551 0.00948190696103616 -0.00392467103683189 -0.0860291642653559 -0.259490713443081 -0.0594367117107861 -0.151795325915096 -0.162586763187275 -0.520170859550449 -0.520483539643642 -0.636250877007691 -0.838619132598702 -0.939885405425788 -0.620062318914210 -0.420465438289789 -0.365354931768977 -0.291521958788842 -0.212330920103214 -0.382255770268430 -0.176583469657175 -0.0532583404752635 0.0505555653390753 0.242114211668008 0.162674975247795 0.139601903025245 0.216873581062976 0.316554188578104 0.316941874583577 0.266417856107213 0.251843563649286 0.444289850676078 -0.0338691295641791 0.200498788407582 0.119835696006477 0.224341034697533 0.541263441396603 0.767021924389149 0.850628169545318 0.573929810800818 0.170096902172780 0.303325648853499 0.240734760164540 0.241949595377751
# FDY_7_1:
 0.0568506117159918 -0.00938257249136640 -0.0528532213544889 -0.119688490689770 -0.159410526347584 -0.193776177451286 -0.175002654658127 -0.137745229047309 -0.0933987453402333 -0.0473812284678173 -0.0796853441479413 -0.130197381692770 -0.201142067887433 -0.234016279698678 -0.261486182126859 -0.242749151680287 -0.222191123638611 -0.193823728050860 -0.185705148508783 -0.203009641742442 -0.238699739376010 -0.283775620669605 -0.315249212034090 -0.299811627414145 -0.309573834217400 -0.293443528443407 -0.277483118022777 -0.264707279150994 -0.250146874447856 -0.135357159815396 -0.0753080817829247 0.0292263876530686 0.0891697124017824 0.158501948526289 0.236648045581323 0.283209094763101 0.297427766573040 0.266389652906914 0.284361451289680 0.275546493429824 0.267708743097985 0.275268322514310 0.311797145429737 0.372336684759697 0.496296385883422 0.557539153827041 0.594881217888982 0.312986948972730 0.0540750642771361 -0.0376177581394664 -0.140590428391581 -0.0238090290529437 0.146935816585754 0.216011526172041 0.305050011731393
# FDY_7_2:
 0.0440994621729175 -0.0113181907704630 -0.0546025525508410 -0.123116446569366 -0.164488799666679 -0.206607876969869 -0.211997991609695 -0.195249948061008 -0.197143093527033 -0.151681201324554 -0.196611327806244 -0.250974933496469 -0.269934437219039 -0.310706982100224 -0.283842046620459 -0.313912010261640 -0.310759833451531 -0.245516165301458 -0.247412369698708 -0.253894444178636 -0.292610195281556 -0.323150455335587 -0.325277354998536 -0.323462380661119 -0.334187686474267 -0.298273824173289 -0.234747026278359 -0.182959579142537 -0.169265096562295 -0.0570300203356030 -0.0250618761893045 0.0634300429566045 0.0903290048505300 0.136518378854486 0.205906832907164 0.278400509668398 0.295653450965451 0.300270044847513 0.244082961169555 0.219736864963902 0.224482941078969 0.205317937957573 0.247913143409761 0.313282287810576 0.427831021629615 0.499798871951641 0.558988495012695 0.437728694906201 0.336071658187524 0.283289394003856 0.224933599428273 0.229217016240667 0.231720221397048 0.230409289492812 0.236384020752639
# FDY_7_3:
 -0.0613800257198494 -0.101019318810978 -0.144926503461303 -0.216754093609658 -0.260134307349681 -0.307715582779452 -0.320876619765767 -0.315587031933737 -0.303525246460197 -0.261253486434660 -0.269973121379715 -0.294347763388872 -0.334554871158891 -0.342806636206920 -0.341467255197462 -0.326197411148503 -0.299630076781404 -0.271262520416464 -0.297108048998983 -0.312651624834778 -0.352828335320786 -0.383917213909425 -0.412500472942111 -0.399085756608115 -0.399254545964377 -0.353518357814312 -0.285409062158300 -0.228851410292818 -0.193264386864047 -0.0982170044749869 -0.0715824432134771 0.0151081447141778 0.0669909698522770 0.147499680103580 0.239269040687404 0.300500365636025 0.326043483010358 0.327660347469005 0.339400604198199 0.336049573094691 0.336366489392397 0.376788938345734 0.468156447163861 0.434166284499145 0.520583863591881 0.555854736346238 0.624541275706179 0.605918578013836 0.588351621807608 0.586227134367781 0.405586071760503 0.302514091728911 0.249836560070886 0.225215712648171 0.182970521191182
# FDY_7_4:
 0.0660908406403121 0.00716911249059755 -0.0314220862237144 -0.0994561327552814 -0.129240568280889 -0.134032448807305 -0.103030291296318 -0.0516270870035952 -0.00806286873991440 0.000518530131474358 -0.0503092046760897 -0.112460724572095 -0.188187674504030 -0.236018611671712 -0.233148271858581 -0.205417200349625 -0.171789007664604 -0.121077644027483 -0.134470091364150 -0.142228440019668 -0.208095095262731 -0.261680761689766 -0.281980573943223 -0.258799841747900 -0.312371186449614 -0.320214899718441 -0.306645293313314 -0.298058404730769 -0.239652105248043 -0.111846975022406 -0.0598894923780974 0.0579655133096804 0.0952546297180837 0.167859536990072 0.245909411321280 0.291126719874323 0.299602161015135 0.277792002693211 0.284547446747797 0.298036948026867 0.229085364270782 0.303554446068334 0.411487509169906 0.392384492295453 0.451403381531563 0.477630728813249 0.131543677588725 -0.103494690988260 -0.193699692889186 -0.263770254688397 -0.0876864062466413 0.114921291987997 0.199079302805281 0.314582407804273 0.342318572837446
