# . ntags
37
# . start.year
1999 1999 1999 1999 1999 1999 1999 1999 1999 1999 1999 1999 1999 2002 2002 2002 2003 2003 2003 2003 2004 1997 1997 1997 1997 1997 1997 1998 1998 1997 1997 1996 1997 2005 2007 2007 2007
# . start.qrt
1 1 1 1 1 1 1 1 1 1 1 1 1 1 1 1 1 1 1 1 1 1 1 1 1 1 1 2 2 1 1 1 1 1 1 1 1
# . end.qrt
2 2 2 2 3 2 2 2 4 2 1 3 2 4 3 2 2 2 2 4 2 2 2 2 2 2 4 2 2 2 2 2 2 1 1 1 1
# . start.age
9.426400 10.304000 8.693700 8.081900 8.081900 10.304000 9.682200 9.426400 9.511000 10.867000 8.081900 10.676000 9.856100 12.530000 7.716400 10.488000 7.644800 9.342500 10.488000 6.754700 10.304000 9.664900 7.934200 8.852300 8.852300 9.511000 7.644800 13.593000 11.160000 9.499083 9.499083 9.499083 9.499083 10.103296 5.178746 5.796295 5.743456
# . end.year
2001 2003 2001 2003 2003 2001 2005 2005 2003 2000 2004 2002 2001 2004 2004 2005 2006 2006 2005 2005 2005 2000 2005 2000 1999 2004 2003 2000 2001 1999 2003 1997 1998 2009 2009 2009 2009
# . area.recovered
5 5 5 5 5 5 5 4 3 4 5 4 4 5 5 5 5 5 4 5 4 4 4 0 4 4 5 4 4 5 5 5 5 9999 9999 9999 9999
# . gear.recovered
1 1 1 1 1 1 1 1 1 1 1 1 1 1 1 1 1 1 1 1 1 1 1 1 1 1 1 1 1 1 1 1 1 9999 9999 9999 9999
# . length
9 17 9 17 19 10 25 25 17 5 21 15 9 9 9 13 13 13 9 9 6 14 33 13 9 29 25 8 11 9 25 5 5 16 8 8 8
# . was.fished
1 1 1 1 1 1 1 1 1 1 1 1 1 1 1 1 1 1 1 1 1 1 1 1 1 1 1 1 1 1 1 1 1 0 0 0 0
# . 
3 0 0 0 0 0 0 0 5
# . 
3 0 0 0 0 0 0 0 0 0 0 0 0 0 0 0 5
# . 
3 3 3 3 3 3 0 0 5
# . 
3 3 0 0 0 0 0 0 0 0 0 0 0 0 0 0 5
# . 
3 3 3 3 3 4 4 4 4 4 4 4 4 4 4 4 4 4 5
# . 
3 4 4 4 4 4 4 4 3 5
# . 
3 0 0 0 0 0 0 0 0 0 0 0 0 0 0 0 0 0 0 0 0 0 0 0 5
# . 
3 0 0 0 0 0 0 0 0 0 0 0 0 0 0 0 0 0 0 0 0 0 0 0 4
# . 
3 0 0 0 0 0 0 0 0 0 0 0 0 0 0 0 3
# . 
3 0 0 0 4
# . 
3 0 0 0 0 0 0 0 0 0 0 0 0 0 0 0 0 0 0 0 5
# . 
3 3 5 4 4 5 4 4 4 4 5 4 4 4 4
# . 
3 0 0 0 0 0 0 0 4
# . 
3 3 3 3 3 3 0 0 5
# . 
3 0 0 0 0 0 0 0 5
# . 
3 0 0 0 0 0 0 0 0 0 0 0 5
# . 
3 3 3 3 3 0 0 0 0 0 0 0 5
# . 
3 3 3 3 3 4 5 5 0 0 0 0 5
# . 
3 0 0 0 0 0 0 0 4
# . 
3 0 0 0 0 0 0 0 5
# . 
3 3 3 3 3 4
# . 
3 3 3 3 3 3 3 3 3 3 3 0 3 4
# . 
3 0 0 0 0 0 0 0 0 0 0 0 0 0 0 0 0 0 0 0 0 0 0 0 0 0 0 0 0 0 0 0 4
# . 
3 0 0 0 0 0 0 0 0 0 0 0 0
# . 
3 0 0 0 0 0 0 0 4
# . 
3 0 0 0 0 0 0 0 0 0 0 0 0 0 0 0 0 0 0 0 0 0 0 0 0 0 0 0 4
# . 
3 0 0 0 0 0 0 0 0 0 0 0 0 0 0 0 0 0 0 0 0 0 0 0 5
# . 
0 0 0 0 0 0 4 4
# . 
0 0 0 4 4 0 0 0 0 4 4
# . 
3 0 0 0 0 0 0 0 5
# . 
3 0 0 0 0 0 0 0 0 0 0 0 0 0 0 0 0 0 0 0 0 0 0 0 5
# . 
3 0 0 0 5
# . 
3 0 0 0 5
# . 
5 0 0 0 0 0 0 0 0 0 0 0 0 0 0 0
# . 
5 0 0 0 0 0 0 0
# . 
5 0 0 0 0 0 0 0
