#natags
10
20
175
# .Stock 1 start.year
2000 2000 2001 2001 2001 2003 2004 2005 2005 2006
# .Stock 3 start.year
2000 2000 2000 2000 2000 2000 2000 2000 2000 2000 2000 2001 2001 2001 2001 2001 2001 2001 2004 2003
# .Stock 3 start.year
1999 1999 1999 1999 1999 1999 1999 1999 1999 1999 1999 2000 2000 2000 2000 2000 2000 2000 2000 2000 2000 2000 2000 2000 2000 2000 2000 2000 2001 2001 2001 2001 2001 2001 2001 2001 2001 2001 2001 2001 2001 2001 2001 2001 2001 2001 2001 2001 2001 2001 2001 2001 2001 2001 2001 2001 2001 2001 2001 2001 2001 2001 2001 2001 2001 2001 2001 2001 2001 2001 2001 2001 2001 2001 2001 2001 2001 2001 2002 2002 2002 2002 2002 2002 2002 2002 2002 2002 2002 2002 2002 2002 2002 2002 2002 2002 2002 2002 2002 2002 2002 2002 2002 2002 2002 2002 2002 2002 2002 2002 2002 2002 2002 2002 2002 2002 2002 2002 2002 2002 2002 2002 2002 2002 2002 2003 2003 2003 2003 2003 2003 2003 2003 2003 2003 2003 2003 2003 2003 2003 2003 2004 2004 2004 2004 2004 2004 2004 2004 2005 2005 2005 2005 2005 2005 2005 2005 2005 2005 2005 2005 2005 2005 2005 2005 2005 2005 2005 1998 1998 1998 1998 1998 1998 1999

# .Stock 1 start.qrt
2 4 1 1 3 3 1 3 3 3
# .Stock 3 start.qrt
2 2 2 2 2 2 2 2 2 2 2 1 1 1 2 2 2 2 1 2
# .Stock 3 start.qrt
3 3 3 3 3 3 3 3 3 3 3 1 1 1 1 1 1 1 1 1 1 1 1 1 3 3 3 3 1 1 1 1 1 1 1 1 1 1 1 1 1 1 1 1 1 1 1 1 1 1 1 1 1 1 1 1 1 1 1 1 1 1 1 1 1 1 1 1 2 3 3 3 3 3 3 3 3 3 1 1 1 1 1 1 1 1 1 1 1 1 1 1 1 1 1 1 1 1 1 1 1 1 1 1 1 1 1 1 1 1 1 1 1 1 1 1 1 1 1 1 1 1 1 1 1 1 1 1 1 1 1 1 1 1 1 1 1 1 1 3 3 1 1 1 1 1 1 1 1 1 1 1 1 1 1 1 1 1 1 1 1 1 1 1 1 1 1 1 2 2 2 2 2 2 1

# .Stock 1 end.qrt
3 4 1 1 3 3 3 3 2 3
# .Stock 3 end.qrt
4 4 1 1 4 4 4 3 4 3 3 2 2 3 1 4 1 3 1 2
# .Stock 3 end.qrt
4 4 4 4 2 4 1 1 2 1 1 1 1 1 1 2 1 1 2 2 3 2 1 1 4 2 4 1 1 1 2 3 3 1 3 1 3 3 1 3 2 3 3 1 1 1 2 3 2 1 3 3 1 2 2 3 3 2 1 3 1 2 3 3 1 3 1 3 2 1 1 1 1 1 4 1 4 1 1 2 2 2 2 2 3 2 1 2 2 2 2 2 2 3 2 2 2 2 1 2 2 1 2 2 1 2 2 2 1 2 2 2 2 2 2 1 2 2 2 2 2 2 3 2 2 2 3 2 3 3 3 2 2 3 3 3 3 3 3 2 4 2 3 1 1 1 1 1 2 1 1 1 1 1 3 3 3 3 1 1 1 3 4 2 3 3 2 3 3 3 4 4 1 1 1

# .Stock 1 start.age
9.6997 5.2583 9.1817 8.0637 9.3918 9.3860 9.5302 11.2530 12.0120 9.9295
# .Stock 3 start.age
6.05510 4.56270 6.30430 5.93270 4.94460 4.67050 4.35050 8.46308 8.46308 8.46308 8.46308 10.58200 10.12200 10.03300 5.22590 8.00780 4.88920 5.51480 10.91000 10.96300
# .Stock 3 start.age
8.643300 7.389600 7.752800 8.977100 9.961500 7.876300 7.814400 7.094700 9.530200 7.509500 7.814400 7.814400 8.775700 7.630600 9.113100 8.447100 8.190200 8.909600 11.599000 8.709300 7.814400 8.222000 7.389600 9.601100 6.413700 6.413700 8.126800 7.270800 9.181700 8.909600 8.126800 7.509500 8.709300 8.909600 8.709300 6.920900 8.909600 9.459700 9.459700 9.816100 9.888600 8.842500 11.599000 9.816100 9.816100 6.693000 7.509500 8.909600 9.113100 7.036500 10.333000 7.814400 9.744000 8.842500 9.181700 8.382400 10.793000 7.153100 7.153100 9.459700 8.254000 9.113100 9.181700 9.601100 10.484000 8.126800 6.863600 9.113100 9.744000 10.560000 10.109000 10.871000 7.330100 7.153100 10.950000 7.752800 13.099000 10.183000 7.938400 7.449400 8.000900 7.630600 7.691600 7.752800 7.876300 7.938400 7.449400 7.389600 7.509500 7.938400 8.126800 7.449400 7.449400 7.509500 7.814400 8.977100 8.190200 8.126800 7.449400 7.938400 10.408000 8.512200 8.512200 7.938400 7.938400 7.630600 7.752800 9.319900 7.876300 8.000900 8.000900 8.382400 9.744000 9.744000 7.876300 9.113100 8.382400 8.862454 9.319900 8.254000 7.153100 9.744000 8.254000 7.938400 10.871000 8.909600 8.190200 9.044900 8.318000 8.512200 8.382400 9.044900 8.775700 8.000900 8.977100 8.158500 8.126800 7.814400 9.044900 9.744000 9.744000 9.816100 9.672400 9.888600 9.459700 9.530200 10.183000 9.816100 9.459700 9.319900 10.183000 10.087000 9.902800 10.333000 9.816100 10.408000 9.400700 9.044900 10.484000 11.270000 10.891600 10.715000 9.888600 8.716300 8.716300 9.044900 10.333000 10.274000 8.862454 8.862454 8.862454 8.862454 8.862454 8.862454 8.862454

# .Stock 1 end.year
2000 2000 2001 2001 2001 2003 2004 2005 2005 2006
# .Stock 3 end.year
2000 2000 2001 2001 2000 2000 2000 2000 2000 2000 2000 2001 2001 2001 2002 2001 2002 2001 2004 2004
# .Stock 3 end.year
1999 1999 1999 1999 2000 1999 2000 2000 2000 2000 2000 2000 2000 2000 2000 2000 2000 2000 2000 2000 2000 2000 2000 2000 2000 2001 2000 2001 2001 2001 2001 2001 2001 2001 2001 2001 2001 2001 2001 2001 2001 2001 2001 2001 2001 2001 2001 2001 2001 2001 2001 2001 2001 2001 2001 2001 2001 2001 2001 2001 2001 2001 2001 2001 2001 2001 2001 2001 2002 2002 2002 2002 2002 2002 2001 2002 2001 2002 2002 2002 2002 2002 2002 2002 2002 2002 2002 2002 2002 2002 2002 2002 2002 2002 2002 2002 2002 2002 2002 2002 2002 2002 2002 2002 2002 2002 2002 2002 2002 2002 2002 2002 2002 2002 2002 2002 2002 2002 2002 2002 2002 2002 2002 2002 2002 2003 2003 2003 2003 2003 2003 2003 2003 2003 2003 2003 2003 2003 2003 2004 2003 2004 2004 2004 2004 2004 2004 2004 2004 2005 2005 2005 2005 2005 2005 2005 2005 2005 2005 2005 2005 2005 2005 2005 2005 2005 2005 2005 1998 1998 1998 1998 1999 1999 1999

# .Stock 1 area.recovered
3 3 3 3 3 3 3 3 4 3
# .Stock 3 area.recovered
5 5 5 5 5 5 5 5 5 5 5 3 3 3 5 5 5 5 4 4
# .Stock 3 area.recovered
3 3 3 3 3 3 3 3 3 3 3 3 3 3 3 3 3 3 3 3 3 3 3 3 3 3 3 3 3 3 3 3 3 3 3 3 3 3 3 3 4 3 3 3 3 3 3 3 3 3 3 3 3 3 3 3 4 3 3 3 3 3 3 3 3 3 3 3 3 3 3 3 3 3 3 3 3 3 3 3 3 3 3 3 3 3 3 3 3 3 3 3 3 3 3 3 3 3 3 3 3 3 3 3 3 3 3 3 3 3 3 3 3 4 3 3 3 3 3 3 3 3 3 3 3 3 4 3 3 4 3 3 3 3 3 3 3 3 3 3 3 3 3 3 3 3 3 3 3 3 3 3 3 3 3 3 3 3 3 3 3 3 3 3 4 3 4 4 3 3 3 3 3 3 3

# .Stock 1 gear.recovered
1 1 1 1 1 1 1 1 1 1
# .Stock 3 gear.recovered
1 1 1 1 1 1 1 1 1 1 1 1 1 1 1 1 1 1 1 1
# .Stock 3 gear.recovered
1 1 1 1 1 1 1 1 1 1 1 1 1 1 1 1 1 1 1 1 1 1 1 1 1 1 1 1 1 1 1 1 1 1 1 1 1 1 1 1 1 1 1 1 1 1 1 1 1 1 1 1 1 1 1 1 1 1 1 1 1 1 1 1 1 1 1 1 1 1 1 1 1 1 1 1 1 1 1 1 1 1 1 1 1 1 1 1 1 1 1 1 1 1 1 1 1 1 1 1 1 1 1 1 1 1 1 1 1 1 1 1 1 1 1 1 1 1 1 1 1 1 1 1 1 1 1 1 1 1 1 1 1 1 1 1 1 1 1 1 1 1 1 1 1 1 1 1 1 1 1 1 1 1 1 1 1 1 1 1 1 1 1 1 1 1 1 1 1 1 1 1 1 1 1

# .Stock 1 delta.pop.days
0 0 0 2 0 -63 -125 3 1 -21
# .Stock 3 delta.pop.days
0 0 0 0 0 0 0 0 0 0 1 -144 -125 7 0 -199 0 -120 -53 -19
# .Stock 3 delta.pop.days
0 0 0 0 0 0 0 0 0 0 0 0 0 0 0 0 0 0 0 0 0 0 0 0 0 -34 -146 -139 0 -265 -46 0 -105 -220 0 0 0 0 0 0 0 0 -93 0 -249 0 0 0 -86 -109 0 0 -227 -28 -88 0 -13 0 -82 0 -133 -84 -22 0 -166 -9 -112 -39 0 -119 -186 -249 -149 -122 -277 -98 -198 -120 -173 -77 -100 -95 -102 -111 -6 -127 -161 -119 -83 -53 -50 -124 -111 -64 -47 -134 -88 -55 -154 -52 -109 -218 -121 -194 -220 -94 -62 -96 -144 -116 -84 -105 -191 -147 -118 -223 -153 -173 -110 -143 -104 -187 -105 -193 -152 -251 -146 -248 -147 -156 -124 -224 -262 -113 -90 -105 -188 -103 -108 -31 -265 -189 -162 -288 -304 -318 -322 -286 -173 -239 -228 -223 -189 -222 1 1 6 -29 -175 -32 -219 1 1 -159 1 1 -71 -27 0 0 0 0 0 0 0

# .Stock 1 length
3 2 2 2 2 2 4 2 3 2
# .Stock 3 length
4 4 6 6 4 4 4 3 4 3 3 3 3 4 6 4 6 3 2 5
# .Stock 3 length
3 3 3 3 5 3 6 6 5 6 6 2 2 2 2 3 2 2 3 3 4 3 2 2 3 5 3 6 2 2 3 4 4 2 4 2 4 4 2 4 3 4 4 2 2 2 3 4 3 2 4 4 2 3 3 4 4 3 2 4 2 3 4 4 2 4 2 4 5 6 6 6 6 6 3 6 3 6 2 3 3 3 3 3 4 3 2 3 3 3 3 3 3 4 3 3 3 3 2 3 3 2 3 3 2 3 3 3 2 3 3 3 3 3 3 2 3 3 3 3 3 3 4 3 3 3 4 3 4 4 4 3 3 4 4 4 4 4 4 5 3 3 4 2 2 2 2 2 3 2 2 2 2 2 4 4 4 4 2 2 2 4 5 3 4 4 3 4 3 3 4 4 6 6 2

# .Stock 1 was.fished
0 0 0 0 0 0 0 0 0 0
# .Stock 3 was.fished
0 0 0 0 0 0 0 0 0 0 0 0 0 0 0 0 0 0 0 0
# .Stock 3 was.fished
0 0 0 0 0 0 0 0 0 0 0 0 0 0 0 0 0 0 0 0 0 0 0 0 0 0 0 0 0 0 0 0 0 0 0 0 0 0 0 0 0 0 0 0 0 0 0 0 0 0 0 0 0 0 0 0 0 0 0 0 0 0 0 0 0 0 0 0 0 0 0 0 0 0 0 0 0 0 0 0 0 0 0 0 0 0 0 0 0 0 0 0 0 0 0 0 0 0 0 0 0 0 0 0 0 0 0 0 0 0 0 0 0 0 0 0 0 0 0 0 0 0 0 0 0 0 0 0 0 0 0 0 0 0 0 0 0 0 0 0 0 0 0 0 0 0 0 0 0 0 0 0 0 0 0 0 0 0 0 0 0 0 0 0 0 0 0 0 0 0 0 0 0 0 0

# .Stock 1 prop.pop.yr
#2000 2000 2001 2001 2001 2003 2004 2005 2005 2006
# .Stock 3 prop.pop.yr
#2000 2000 2001 2001 2000 2000 2000 2000 2000 2000 2001 2001 2001 2001 2002 2002 2002 2002 2004 2004
# .Stock 3 prop.pop.yr
#1999 2000 1999 1999 2000 2000 2000 2000 2000 2000 2000 2000 2000 2000 2000 2000 2000 2000 2000 2000 2000 2000 2000 2000 2000 2001 2001 2001 2001 2001 2001 2001 2001 2001 2001 2001 2001 2001 2001 2001 2001 2001 2001 2001 2001 2001 2001 2001 2001 2001 2001 2001 2001 2001 2001 2001 2001 2001 2001 2001 2001 2001 2001 2001 2001 2001 2001 2001 2002 2002 2002 2002 2002 2002 2002 2002 2002 2002 2002 2002 2002 2002 2002 2002 2002 2002 2002 2002 2002 2002 2002 2002 2002 2002 2002 2002 2002 2002 2002 2002 2002 2002 2002 2002 2002 2002 2002 2002 2002 2002 2002 2002 2002 2002 2002 2002 2002 2002 2002 2002 2002 2002 2002 2002 2002 2004 2004 2004 2004 2004 2004 2004 2003 2003 2003 2003 2004 2003 2003 2004 2004 2004 2004 2005 2005 2004 2005 2005 2004 2005 2005 2005 2005 2005 2005 2005 2005 2005 2005 2005 2005 2005 2005 2005 2005 2005 2005 2005 1998 1998 1998 1998 1999 1999 1999

# .Stock 1 prop.pop.qrt
#3 4 1 1 3 4 4 3 3 4
# .Stock 3 prop.pop.qrt
#4 4 1 1 4 4 4 3 4 4 1 4 4 3 1 2 1 3 2 2
# .Stock 3 prop.pop.qrt
#4 2 4 4 2 1 1 1 2 1 1 1 2 1 1 2 1 1 2 2 3 2 2 1 4 3 3 2 3 4 3 3 4 4 3 1 3 3 1 3 3 3 3 1 4 1 2 3 3 2 3 3 4 3 3 3 3 2 2 3 3 3 3 3 3 3 2 4 2 2 3 3 2 2 3 2 3 2 3 3 3 3 3 3 3 3 3 3 3 3 3 3 3 3 3 3 3 3 3 3 3 4 4 4 4 3 3 3 3 4 3 4 4 4 4 4 4 4 4 4 4 4 4 4 4 1 1 1 1 1 1 1 4 4 4 4 1 4 4 2 3 4 4 1 1 4 1 1 4 3 3 3 3 3 3 3 3 3 3 3 3 3 4 4 3 3 4 4 3 3 4 4 1 1 1

# .Stock 1 pop.qrt
#3 4 1 1 3 4 4 3 3 4
# .Stock 3 pop.qrt
#4 4 1 1 4 4 4 3 4 4 1 4 4 3 1 2 1 3 2 2
# .Stock 3 pop.qrt
#4 2 4 4 2 1 1 1 2 1 1 1 2 1 1 2 1 1 2 2 3 2 2 1 4 3 3 2 3 4 3 3 4 4 3 1 3 3 1 3 3 3 3 1 4 1 2 3 3 2 3 3 4 3 3 3 3 2 2 3 3 3 3 3 3 3 2 4 2 2 3 3 2 2 3 2 3 2 3 3 3 3 3 3 3 3 3 3 3 3 3 3 3 3 3 3 3 3 3 3 3 4 4 4 4 3 3 3 3 4 3 4 4 4 4 4 4 4 4 4 4 4 4 4 4 1 1 1 1 1 1 1 4 4 4 4 1 4 4 2 3 4 4 1 1 4 1 1 4 3 3 3 3 3 3 3 3 3 3 3 3 3 4 4 3 3 4 4 3 3 4 4 1 1 1

# .Stock 1 pop.yr
#2000 2000 2001 2001 2001 2003 2004 2005 2005 2006
# .Stock 3 pop.yr
#2000 2000 2001 2001 2000 2000 2000 2000 2000 2000 2001 2001 2001 2001 2002 2001 2002 2002 2004 2004
# .Stock 3 pop.yr
#1999 2000 1999 1999 2000 2000 2000 2000 2000 2000 2000 2000 2000 2000 2000 2000 2000 2000 2000 2000 2000 2000 2000 2000 2000 2001 2001 2001 2001 2001 2001 2001 2001 2001 2001 2001 2001 2001 2001 2001 2001 2001 2001 2001 2001 2001 2001 2001 2001 2001 2001 2001 2001 2001 2001 2001 2001 2001 2001 2001 2001 2001 2001 2001 2001 2001 2001 2001 2002 2002 2002 2002 2002 2002 2001 2002 2002 2002 2002 2002 2002 2002 2002 2002 2002 2002 2002 2002 2002 2002 2002 2002 2002 2002 2002 2002 2002 2002 2002 2002 2002 2002 2002 2002 2002 2002 2002 2002 2002 2002 2002 2002 2002 2002 2002 2002 2002 2002 2002 2002 2002 2002 2002 2002 2002 2003 2003 2003 2003 2003 2003 2003 2003 2003 2003 2003 2003 2003 2003 2004 2003 2004 2004 2004 2004 2004 2004 2004 2004 2005 2005 2005 2005 2005 2005 2005 2005 2005 2005 2005 2005 2005 2005 2005 2005 2005 2005 2005 1998 1998 1998 1998 1999 1999 1999

####  stock 1 ###############
3 3 3
3 3
3 3
3 3
3 3
3 3
3 3 3 3
3 3
3 4 4
3 3
####  stock 2 ###############
5 5 5 5
5 5 5 5
5 5 5 5 5 5
5 5 5 5 5 5
5 5 5 5
5 5 5 5
5 5 5 5
5 5 5
5 5 5 5
4 5 5
5 5 5
3 3 3
3 3 3
3 3 3 3
5 5 5 5 5 5
5 5 5 5
5 5 5 5 5 5
5 5 5
4 4
4 4 4 4 4
###### stock 3
3 3 3
3 3 3
3 3 3
3 3 3
3 3 3 3 3
3 3 3
3 3 3 3 3 3
3 3 3 3 3 3
3 3 3 3 3
3 3 3 3 3 3
3 3 3 3 3 3
3 3
3 3
3 3
3 3
3 3 3
3 3
3 3
3 3 3
3 3 3
3 3 3 3
3 3 3
3 3
3 3
3 3 3
3 3 3 3 3
3 3 3
3 3 3 3 3 3
3 3
3 3
3 3 3
3 3 3 3
3 3 3 3
3 3
3 3 3 3
3 3
3 3 3 3
3 3 3 3
3 3
3 3 3 3
3 4 4
3 3 3 3
3 3 3 3
3 3
3 3
3 3
3 3 3
3 3 3 3
3 3 3
3 3
3 3 3 3
3 3 3 3
3 3
3 3 3
3 3 3
3 3 3 3
3 4 4 4
3 3 3
3 3
3 3 3 3
3 3
3 3 3
3 3 3 3
3 3 3 3
3 3
3 3 3 3
3 3
3 3 3 3
3 3 3 3 3
3 3 3 3 3 3
3 3 3 3 3 3
3 3 3 3 3 3
3 3 3 3 3 3
3 3 3 3 3 3
3 3 3
3 3 3 3 3 3
3 3 3
3 3 3 3 3 3
3 3
3 3 3
3 3 3
3 3 3
3 3 3
3 3 3
3 3 3 3
3 3 3
3 3
3 3 3
3 3 3
3 3 3
3 3 3
3 3 3
3 3 3
3 3 3 3
3 3 3
3 3 3
3 3 3
3 3 3
3 3
3 3 3
3 3 3
3 3
3 3 3
3 3 3
3 3
3 3 3
3 3 3
3 3 3
3 3
3 3 3
3 3 3
3 3 3
3 3 3
3 4 4
3 3 3
3 3
3 3 3
3 3 3
3 3 3
3 3 3
3 3 3
3 3 3
3 3 3 3
3 3 3
3 3 3
3 3 3
3 4 4 4
3 3 3
3 3 3 3
3 3 4 4
3 3 3 3
3 3 3
3 3 3
3 3 3 3
3 3 3 3
3 3 3 3
3 3 3 3
3 3 3 3
3 3 3 3
3 3 3 3 3
3 3 3
3 3 3
3 3 3 3
3 3
3 3
3 3
3 3
3 3
3 3 3
3 3
3 3
3 3
3 3
3 3
3 3 3 3
3 3 3 3
3 3 3 3
3 3 3 3
3 3
3 3
3 3
3 3 3 3
3 3 3 3 3
3 3 3
3 4 4 4
3 3 3 3
3 4 4
3 3 4 4
3 3 3
3 3 3
3 3 3 3
3 3 3 3
3 3 3 3 3 3
3 3 3 3 3 3
3 3
#tag check
999999