#sum_stock_tag
#tagtype 1
 10  13  29 
#tagtype 2
 17  14  114 
#start_year
#StartYear1
#Bstock_type1
 1999  1999  1999  1999  1999  1999  2003  2003  1997  1997 
#Bstock_type2
 1999  1999  1999  1999  1999  1999  2002  2003  2003  2003  2005  1997  1998 
#Bstock_type3
 1999  1999  1999  2003  2003  2003  2003  2003  2003  2003  2004  2004  2004  2005  2005  1996  1997  1997  1997  1997  1997  1997  1997  1997  1997  1997  1997  1997  1997 

#StartYear2
#Bstock_type1
 2000  2000  2000  2001  2001  2001  2001  2001  2002  2002  2002  2002  2003  2004  2004  2004  2005 
#Bstock_type2
 2000  2000  2000  2000  2000  2000  2000  2000  2001  2001  2001  2001  2001  2004 
#Bstock_type3
 2000  2000  2001  2001  2001  2001  2001  2001  2001  2001  2001  2001  2001  2001  2001  2001  2001  2001  2001  2001  2001  2001  2001  2001  2001  2001  2001  2001  2001  2001  2001  2001  2001  2001  2002  2002  2002  2002  2002  2002  2002  2002  2002  2002  2002  2002  2002  2002  2002  2002  2002  2002  2002  2002  2002  2002  2002  2002  2002  2002  2002  2002  2002  2002  2002  2002  2002  2002  2002  2002  2002  2002  2002  2002  2002  2002  2002  2002  2002  2002  2002  2002  2002  2002  2003  2003  2003  2003  2003  2003  2003  2003  2003  2003  2003  2003  2003  2003  2003  2003  2004  2004  2004  2004  2004  2004  2004  2004  2004  2004  2004  2007  2007  2007 


#Start Quarter for tag type 1
#Bstock_type1
 1  1  1  1  1  1  1  1  1  1 
#Bstock_type2
 1  1  1  1  1  1  1  1  1  1  1  1  4 
#Bstock_type3
 1  1  1  1  1  1  1  1  1  1  1  1  1  1  1  1  1  1  1  1  1  1  1  1  1  1  1  1  1 

#Start Quarter for tag type 2
#Bstock_type1
 2  2  2  2  2  2  3  4  2  2  2  2  3  1  1  1  1 
#Bstock_type2
 3  3  3  3  3  3  3  3  1  3  3  3  3  4 
#Bstock_type3
 3  4  1  1  1  1  1  1  1  1  1  1  1  1  1  1  1  1  1  1  1  1  1  1  1  1  1  4  4  4  4  4  4  4  1  1  1  1  1  1  1  1  1  1  1  1  1  1  1  1  1  1  1  1  1  1  1  1  1  1  1  1  1  1  1  1  1  1  1  1  1  1  1  1  1  1  1  1  1  1  1  1  1  1  1  1  1  1  1  1  1  1  1  1  1  1  1  1  1  1  1  1  1  1  1  1  1  1  1  1  1  1  4  4 


#Start age for tag type 1
#Bstock_type1
 11.5776508886622  12.7226345489036  11.3625899563324  10.347432058794  12.3661592014101  10.444742118148  11.4695827612052  10.444742118148  7.32697630109076  9.78137040841312 
#Bstock_type2
 11.4695827612052  9.59911709321126  8.89950856259769  8.89950856259769  11.4695827612052  11.9085289388424  9.78137040841312  10.444742118148  8.40314252213358  10.5429408661401  12.7226345489036  9.96676617652609  12.483676088853 
#Bstock_type3
 11.0478546627828  10.5429408661401  9.78137040841312  10.9449573400285  10.1554146673961  8.40314252213358  10.347432058794  9.59911709321126  8.81517332108129  7.69907876536469  11.9085289388424  11.4695827612052  8.00631932927927  10.347432058794  11.9646788741236  0  11  9.68985761628507  9.07018973632124  11  9.8736687276754  9.24362395062107  9.24362395062107  9.68985761628507  9.8736687276754  8.48429527090114  9.96676617652609  10.6420446844727  8.40314252213358 

#Start age for tag type 2
#Bstock_type1
 12.1349096829051  11.6868161732216  14.0042315087436  12.7226345489036  11.6868161732216  12.7226345489036  12.3661592014101  18.7098467747941  11.6868161732216  11  15.616491157033  11  11.7971011212558  12.0211235610714  18.9227782510971  12.9670243454365  12.7832132340462 
#Bstock_type2
 6.61930728421364  5.63813877383574  4.97156161224469  6.89681141277141  5.08972420983173  4.73906199919989  7.03829619317476  11  11.7971011212558  5.70083684169373  5.45220869738347  5.26943905901174  6.01993112283477  12.8441351430319 
#Bstock_type3
 8.89950856259769  7.47427570279142  11.0478546627828  9.96676617652609  8.98451049278171  10.7420704120244  11.0996749470404  11.9085289388424  12.483676088853  12.6024915317195  10.9962829180141  7.85160172226745  8.98451049278171  11.0478546627828  13.3443503649125  9.41990147509071  11.0478546627828  10.9449573400285  11.4695827612052  10.444742118148  10.2509947471514  8.48429527090114  11.9085289388424  10.2509947471514  8.81517332108129  11.3625899563324  11.1517461779628  13.8019806274802  12.9670243454365  14.2799565691021  8.73149439159682  8.48429527090114  9.33140148437549  13.0913342637276  9.59911709321126  8.89950856259769  9.8736687276754  9.15655717392623  9.24362395062107  9.33140148437549  9.5091359139584  9.59911709321126  8.89950856259769  9.68985761628507  8.98451049278171  9.59911709321126  8.81517332108129  8.89950856259769  8.89950856259769  8.98451049278171  9.41990147509071  11.1517461779628  10.0606767138245  8.81517332108129  8.89950856259769  9.59911709321126  13.4731266127267  10.5429408661401  10.5429408661401  9.59911709321126  9.59911709321126  9.59911709321126  9.15655717392623  9.33140148437549  10.0606767138245  9.5091359139584  9.8736687276754  9.8736687276754  10.444742118148  12.3661592014101  12.3661592014101  9.5091359139584  11.3625899563324  9.78137040841312  9.78137040841312  10.0606767138245  10.2509947471514  8.48429527090114  12.3661592014101  9.78137040841312  9.24362395062107  9.59911709321126  10.444742118148  14.2799565691021  10.7420704120244  11.0478546627828  10.6420446844727  11.2566512849022  10.347432058794  10.5429408661401  10.444742118148  11.2566512849022  10.8430353620227  9.8736687276754  10.7420704120244  11.1517461779628  10.0606767138245  10.0136189224288  9.46442612741363  11.2566512849022  12.483676088853  14.1412102805439  13.6034638227519  12.2499127916873  12.483676088853  12.6024915317195  11.9085289388424  13.0913342637276  12.483676088853  11.9085289388424  11.3625899563324  12.7226345489036  14.7072719309248  20.5445297536195 


#Year Recovered Tag type=1
#Bstock_type1
 2000  2000  2000  2000  2000  2000  2004  2005  1999  2003 
#Bstock_type2
 2003  2001  2003  2003  2001  2002  2004  2006  2006  2006  2007  2000  2001 
#Bstock_type3
 2001  2002  2000  2004  2007  2006  2004  2005  2005  2003  2006  2005  2005  2007  2006  1999  2000  2000  1998  2002  1998  2000  2000  1999  2000  1999  1999  1998  2002 

#Year Recovered Tag type=2
#Bstock_type1
 2001  2002  9999  2002  9999  9999  9999  9999  2002  9999  9999  2002  2002  9999  9999  9999  2002 
#Bstock_type2
 2002  2002  2002  2002  2002  2002  2002  2002  2003  2002  2002  2002  2002  2002 
#Bstock_type3
 2000  9999  2002  9999  9999  9999  9999  9999  2002  9999  9999  9999  9999  2002  9999  2005  9999  9999  9999  9999  9999  2001  2002  9999  2002  2002  2001  9999  9999  9999  9999  9999  9999  9999  2007  9999  9999  9999  9999  9999  9999  9999  9999  2007  9999  9999  9999  9999  9999  9999  9999  9999  9999  9999  9999  2002  9999  9999  9999  9999  2002  9999  9999  9999  9999  9999  9999  9999  9999  9999  9999  9999  9999  9999  9999  9999  9999  9999  9999  9999  9999  9999  9999  9999  2003  9999  9999  2003  2003  9999  9999  9999  9999  9999  9999  9999  9999  9999  9999  9999  9999  2004  9999  9999  9999  9999  9999  9999  9999  9999  9999  9999  9999  9999 


#Area Recovered1
#Bstock_type1
 3  2  2  2  2  2  2  2  1  1 
#Bstock_type2
 4  4  4  4  4  4  4  4  4  4  4  4  3 
#Bstock_type3
 3  2  2  3  3  3  3  2  2  2  0  3  2  3  3  2  2  2  2  2  2  2  2  2  2  2  2  2  2 

#Area Recovered2
#Bstock_type1
 1  1  1  0  0  0  0  0  1  1  0  1  0  0  0  0  0 
#Bstock_type2
 0  4  3  0  0  0  4  0  3  0  4  0  4  4 
#Bstock_type3
 2  0  2  0  0  0  0  0  2  0  0  0  0  2  0  1  0  0  0  0  0  2  2  0  2  2  2  0  0  3  0  0  0  0  1  0  0  0  0  0  0  0  0  1  0  0  0  0  0  0  0  0  0  0  0  2  0  0  0  0  2  0  0  0  0  0  0  0  0  0  0  0  0  0  0  0  0  0  0  0  0  0  0  0  2  0  0  1  2  0  0  0  0  0  0  0  0  0  0  0  0  2  0  0  0  0  0  0  0  0  0  0  0  0 


#ProgPopIndex2
#Bstock_type1
 2  3  2  2  3  4  4  4  4  4  4  1  4  4  4  5  3 
#Bstock_type2
 2  2  2  3  2  2  3  1  4  3  3  4  4  4 
#Bstock_type3
 5  1  4  3  3  3  3  3  3  3  3  1  2  3  3  3  3  3  3  3  3  2  3  3  3  4  3  3  4  4  3  3  3  3  3  3  3  3  3  3  3  3  3  3  3  3  3  3  3  3  3  3  3  3  3  3  3  4  4  4  4  4  3  3  3  3  4  3  4  4  4  4  4  4  4  4  4  4  4  4  4  4  4  4  5  5  5  5  5  5  5  5  4  4  4  4  4  5  4  4  4  5  4  4  5  5  5  5  5  4  5  4  1  3 


#bool_was_fished2
#Bstock_type1
 0  0  0  0  0  0  0  0  0  0  0  0  0  0  0  0  0 
#Bstock_type2
 0  0  0  0  0  0  0  0  0  0  1  0  0  1 
#Bstock_type3
 1  0  0  0  0  0  0  0  0  0  0  0  0  0  0  0  0  0  0  0  0  0  0  0  0  0  0  0  0  0  0  0  0  0  0  0  0  0  0  0  0  0  0  0  0  0  0  0  0  0  0  0  0  0  0  0  0  0  0  0  1  0  0  0  0  0  0  0  0  0  0  0  0  0  0  0  0  0  0  0  0  0  0  0  1  0  0  0  0  0  0  0  0  0  0  0  0  0  0  0  0  0  0  0  0  0  0  0  0  0  0  0  0  0 


#Gear Recovered for tag type =1
#Bstock_type1
 1  4  4  2  4  1  1  4  1  4 
#Bstock_type2
 1  2  4  2  2  4  3  4  1  2  2  1  4 
#Bstock_type3
 3  4  2  1  4  1  1  2  2  4  4  4  4  4  1  4  2  4  1  4  1  4  4  1  4  2  2  4  4 

#Gear Recovered for tag type =2
#Bstock_type1
 4  4  4  0  0  0  0  0  4  4  0  4  0  0  0  0  0 
#Bstock_type2
 0  4  4  4  0  0  4  0  4  0  4  0  4  2 
#Bstock_type3
 1  0  4  0  0  0  0  0  4  0  0  0  0  4  0  4  0  0  0  0  0  4  4  0  4  2  4  0  0  4  0  0  0  0  4  0  0  0  0  0  0  0  0  4  0  0  0  0  0  0  0  0  0  0  0  4  0  0  0  0  1  0  0  0  0  0  0  0  0  0  0  0  0  0  0  0  0  0  0  0  0  0  0  0  1  0  0  4  4  0  0  0  0  0  0  4  0  0  0  0  0  4  0  0  0  0  0  0  0  0  0  0  0  0 


#length1
#length1
 8  9  9  9  9  10  7  14  10  25 
#length2
 20  12  20  21  12  16  13  18  16  16  12  14  5 
#length3
 12  17  10  10  20  15  10  13  13  5  11  8  9  12  9  15  15  15  8  24  6  15  15  12  16  12  11  8  24 

#length2
#length1
 2  1  1  1  1  1  4  2  1  1  1  1  3  3  3  3  1 
#length2
 2  1  2  3  2  2  11  1  2  3  1  2  8  1 
#length3
 1  1  1  2  3  3  3  3  3  3  3  1  2  3  3  3  3  2  2  3  3  2  3  1  3  3  3  2  2  2  2  2  2  2  1  2  2  2  2  2  3  2  1  2  2  2  2  2  2  3  2  2  2  2  1  2  2  1  2  2  2  1  2  2  2  1  2  2  2  2  2  2  1  2  2  2  2  2  2  3  2  2  2  2  2  2  3  2  3  3  3  2  1  3  3  3  3  3  3  3  2  3  3  3  3  1  1  1  1  2  2  4  1  1 

#data for tag type 1
#tag type 1 bstock type 1
#510010700
 2  2  2  2  1  3  0  0 
#510010800
 2  2  2  2  0  0  2  0  0 
#510012700
 2  2  2  0  2  0  2  0  0 
#510013300
 2  2  2  0  0  0  2  0  0 
#510014200
 2  2  2  1  2  2  2  0  0 
#510014800
 2  3  3  3  3  3  0  3  0  0 
#510348000
 2  2  2  2  1  0  0 
#510353500
 2  2  2  2  2  1  0  0  0  0  0  2  0  0 
#519705400
 2  2  2  2  0  0  0  0  0  1 
#519710500
 2  2  0  0  0  0  0  0  0  0  0  0  0  0  0  0  0  0  0  0  0  0  0  0  1 
#tag type 1 bstock type 2
#510011900
 2  0  0  0  0  0  0  0  0  0  0  0  0  0  0  0  0  4  0  0 
#510013200
 2  2  2  2  2  2  0  0  0  4  0  0 
#510013400
 2  2  0  0  0  0  0  0  0  0  0  0  0  0  0  0  0  4  0  0 
#510013500
 2  2  2  2  2  3  3  3  3  3  3  3  3  3  3  3  3  3  4  0  0 
#510014300
 2  3  3  3  3  3  3  3  2  4  0  0 
#510020500
 2  2  3  3  3  3  3  3  3  3  3  3  3  3  3  0 
#510241000
 2  2  2  2  2  2  0  0  0  0  0  3  0 
#510349700
 2  3  3  3  0  0  0  0  0  0  0  0  0  0  0  4  0  0 
#510350500
 2  2  2  2  2  0  0  0  0  0  0  0  0  4  0  0 
#510350800
 2  2  2  2  2  3  4  4  0  0  0  0  0  4  0  0 
#510502700
 2  3  3  0  0  0  0  0  0  4  0  0 
#519703100
 2  2  2  2  2  2  2  2  2  2  2  0  2  4 
#519910400
 2  2  3  3  0 
#tag type 1 bstock type 3
#510011700
 2  2  2  0  0  0  0  0  0  3  0  0 
#510012900
 2  2  0  0  2  0  0  0  0  0  0  0  0  0  2  0  0 
#510016300
 2  2  0  2  2  2  0  2  0  0 
#510348500
 2  2  2  0  0  0  0  3  0  0 
#510349800
 2  3  3  3  2  3  3  0  0  0  0  0  0  0  0  0  0  3  0  0 
#510351300
 2  2  2  2  0  0  0  0  0  0  0  0  3  0  0 
#510351700
 2  2  2  2  2  0  0  3  0  0 
#510352400
 2  2  2  2  2  0  0  0  0  0  2  0  0 
#510354700
 2  2  2  2  0  0  0  0  0  0  2  0  0 
#510355400
 2  2  2  0  0 
#510448400
 2  2  2  3  0  0  0  0  0  0  0 
#510451600
 2  2  2  2  2  3  0  0 
#510455200
 2  2  2  2  2  0  2  0  0 
#510502800
 2  2  0  0  0  0  0  0  0  3  0  0 
#510503200
 2  2  3  3  3  3  3  0  0 
#519600100
 2  2  2  2  2  2  2  2  2  2  2  0  0  0  2 
#519705000
 2  2  0  0  0  0  0  0  0  0  0  0  0  0  2 
#519705100
 2  2  0  0  0  0  0  0  0  0  0  0  0  0  2 
#519705200
 2  2  0  0  0  0  0  2 
#519705500
 2  2  0  0  0  0  0  0  0  0  0  0  0  0  0  0  0  0  0  0  0  0  0  2 
#519705700
 2  2  0  0  0  2 
#519705800
 2  0  0  0  0  0  0  0  0  0  0  0  0  0  2 
#519705900
 2  2  0  0  0  0  0  0  0  0  0  0  0  0  2 
#519706000
 2  2  0  0  0  0  0  0  0  0  0  3 
#519709400
 2  0  0  0  0  0  0  0  0  0  0  0  0  0  0  2 
#519711100
 2  2  0  0  0  0  0  0  0  0  0  2 
#519711800
 2  2  2  0  0  0  0  0  0  0  2 
#519712400
 2  0  0  0  0  0  0  2 
#519712500
 2  2  0  0  0  0  0  0  0  0  0  0  0  0  0  0  0  0  0  0  0  0  0  2 
#data for tag type 2
#tag type 2 bstock type 1
#510027000
 2  2 
#510027500
 1 
#510027600
 1 
#510133200
 1 
#510133300
 1 
#510133400
 1 
#510134500
 2  2  2  2 
#510135500
 2  1 
#510241300
 1 
#510241400
 1 
#510241600
 1 
#510241900
 1 
#510344800
 3  3  1 
#510445600
 2  2  2 
#510445701
 2  1  2 
#510446001
 2  2  2 
#510500500
 1 
#tag type 2 bstock type 2
#510024600
 4  4 
#510024800
 4 
#510024900
 4  4 
#510025000
 4  4  4 
#510025300
 4  4 
#510025400
 4  4 
#510025500
 4  4  0  0  0  0  0  0  0  0  0 
#510028700
 4 
#510131800
 2  2 
#510133700
 4  4  4 
#510133800
 4 
#510134000
 4  4 
#510134100
 4  4  4  0  0  0  0  0 
#510455900
 3 
#tag type 2 bstock type 3
#510025600
 2 
#510026000
 2 
#510127800
 2 
#510128000
 2  2 
#510128100
 2  2  2 
#510128400
 2  2  2 
#510128600
 2  2  2 
#510128700
 2  2  2 
#510128900
 2  2  2 
#510129000
 2  2  2 
#510129100
 2  2  2 
#510129600
 2 
#510129700
 2  2 
#510129900
 2  2  2 
#510130400
 2  2  2 
#510130500
 2  2  2 
#510130900
 2  2  2 
#510131000
 2  2 
#510131200
 2  2 
#510131300
 2  2  2 
#510131400
 2  3  3 
#510131500
 2  2 
#510131900
 2  2  2 
#510132000
 2 
#510132700
 2  2  2 
#510132900
 2  2  2 
#510133100
 2  2  2 
#510134600
 2  2 
#510134700
 2  2 
#510134900
 2  2 
#510135100
 2  2 
#510135200
 2  2 
#510135400
 2  2 
#510135600
 2  2 
#510235800
 2 
#510236000
 2  2 
#510236100
 2  2 
#510236200
 2  2 
#510236300
 2  2 
#510236400
 2  2 
#510236500
 2  2  2 
#510236600
 2  2 
#510236700
 2 
#510236800
 2  2 
#510236900
 2  2 
#510237000
 2  2 
#510237100
 2  2 
#510237200
 2  2 
#510237300
 2  2 
#510237400
 2  2  2 
#510237500
 2  2 
#510237600
 2  2 
#510237700
 2  2 
#510237800
 2  2 
#510237900
 2 
#510238000
 2  2 
#510238100
 2  2 
#510238200
 2 
#510238300
 2  2 
#510238500
 2  2 
#510238600
 2  2 
#510238700
 2 
#510238800
 2  2 
#510238900
 2  2 
#510239000
 2  2 
#510239100
 2 
#510239200
 2  2 
#510239300
 2  2 
#510239400
 2  2 
#510239500
 2  2 
#510239600
 2  3 
#510239700
 2  2 
#510239800
 2 
#510240000
 2  2 
#510240100
 2  2 
#510240200
 2  2 
#510240400
 2  2 
#510240500
 2  2 
#510240600
 2  2 
#510240700
 2  2  2 
#510240801
 2  2 
#510240900
 2  2 
#510241101
 2  2 
#510243400
 2  2 
#510342000
 2  2 
#510342100
 2  2 
#510342200
 2  3  3 
#510342300
 2  2 
#510342401
 2  2  2 
#510342500
 2  3  3 
#510342601
 2  2  2 
#510342701
 2  2 
#510342801
 2 
#510342900
 2  2  2 
#510343001
 2  2  2 
#510343101
 2  2  2 
#510343200
 2  2  2 
#510343300
 2  2  2 
#510343400
 2  2  2 
#510343500
 2  2  2 
#510400300
 2  2 
#510444401
 2  2  2 
#510445801
 2  3  3 
#510445900
 2  2  2 
#510446101
 2  2  2 
#510446200
 2 
#510446300
 2 
#510446500
 2 
#510446700
 2 
#510446800
 2  2 
#510446901
 2  2 
#510700101
 2  2  2  0 
#510704201
 2 
#510704700
 2 
#data_check
999999