# Number of parameters = 1827 Objective function value = 8695.20244056411  Maximum gradient component = 0.00245336404205433
# lnR0:
 13.0925928502277 11.6151736041265
# selpar:
 0.771818328350745 3.05922718122240 -3.02371396576970
 -1.11583215391952 -1.95876726350183 -0.192368318237135
 0.291665031494194 -1.58958197319672 -1.73761712510248
 -0.839207368060748 -1.96318609802990 0.399220126237244
 -1.50568732472526 -2.27093516418969 -0.0766637119831417
 0.359360271382610 -1.85659936498959 -0.458884594481147
 0.567452838308654 -1.70277589076159 -1.90174456085865
 -0.787103017776906 -1.07173803100906 -1.40850199056519
 -1.15023485204710 -2.06349154753953 2.18424667673321
 0.0328623344788914 -2.19692208801912 -0.755417446441228
 -1.12378708258309 -2.29444382364313 0.521267128858597
 -0.429561771198282 -1.62755047096800 -0.457818824397637
 1.00806426447258 0.313567258456718 -2.37229945902515
 -3.36694546119908 -0.754608031136325
 0.821924685911256 -2.24758063428790 -2.79820070872735
 -1.10659207682257 -3.32690923099463 -0.302399984647403
 -0.881758039137440 -1.50106850202169 -0.274618673042463
 -1.79047130446492 -2.30934740868926 0.814089430160926
# movest_p1_a1:
 1.32644517742163 -0.362640966684829 1.00468247737558 -4.38584450368348 1.32646585261929
 -4.92298051814590 -0.840949079915148 3.21679557868843 -4.00549367445079 -0.422204763397145
 0.166884639435928 -0.141231790132598 2.55097717372427 -4.58638280784648 3.15344603218200
 -6.42045455785516 -0.843296358227039 -3.39622421444948 0.420337488029363 -1.84390777759917
# movest_p2_a1:
 -1.14103081158998 4.53488133686426 -0.313248696812750 -0.147718356018591 -0.209184352196685
 2.03865332506961 -0.0512469547087262 -1.97454268448885 -0.0698847845096910 3.55606683092104
 -0.423222221007846 1.20410906395568 2.26820148666913 -2.70038885756817 0.457961026272120
 0.567653303560157 -0.901157059965473 0.732222475010065 -2.21894009795178 3.30362861185925
# movest_p1_a2:
 -2.53600238020227 -3.93197874047475 -0.0836186146478992 1.75843649194862 -2.01677072258710
 2.29505754135850 -4.77955009053777 -3.72092684692356 3.61038271846109 2.02710868101589
 1.95509239146175 -3.21022842233532 0.424155502469183 -0.406844479201636 2.50309357492057
 1.60524959257724 -1.68296117112467 1.92575599842420 -6.76149579680921 1.06457303917154
# movest_p2_a2:
 2.44641492667784 -1.08496424834452 -3.92327149736665 -4.58139031268738 -4.50768814578399
 1.25116365329969 -3.85758117566705 -0.425869275983604 -5.35471055862215 -4.69133626300348
 1.52826844078615 -0.472805588784012 -3.03183687959788 -3.87581866036717 -1.77178454459748
 5.64244870021127 1.42935789860763 0.0451213806236144 0.942905881372196 -1.81980702870442
# movest_p1_a3:
 1.50602055006986 -1.34778547552411 1.10840682060315 -4.59714381189194 1.58579025774509
 -6.35573697367957 -3.91111434964628 1.90220773639058 -7.99999997239814 -6.21644980162609
 -3.07944530484859 1.63815291608234 2.70354793704372 -1.15052467373186 -3.30008239330404
 -1.52632387971910 -3.77948995630751 -0.255968798897421 7.99999997958093 -6.67248896275529
# movest_p2_a3:
 -3.80514856756236 -5.54817094668284 -2.26174607485259 -3.69168175646040 -3.58495514328441
 -3.06908431136986 -3.37394706373620 -5.99041519009930 -2.77961641769124 -3.27755901084189
 0.362046091258478 1.13820551492282 -1.84272411118766 1.56360549703881 -2.23095264863534
 -1.54363633958704 -0.225336060798389 -2.79189018618037 -1.01527971627799 -3.31884663981062
# lnqE:
 -4.43408160876036 -2.79842435870440 -1.78463631904411 -3.22189751330160 -1.27350644360061 -1.26906331158550 -2.15800031425654 -0.294532736315180 -3.98790212631913 -2.23309858537587 -3.67261437602537 -2.98118704867154 -2.78171171964158 -1.12569964800241 -0.614178106438441 -3.28766070149383 -3.89206165677083 -2.62833511982368
# Fmod:
 1.58945645952427 1.28393405906153 3.73669355775113e-007 -2.08161872393861 -0.173714596728030 -0.112930050883137 0.380739471498233 1.57641615587385 1.27391069615496 3.79379188381839e-007 -0.891648348781078 -1.79037841461626 -0.848854988232234 0.359610046453176 1.50616585581088 -0.0984209805108584 -1.73940005079157 -1.39980059795890 -1.99485372653186 -0.842960896877277 0.360761417388025 1.56596955913847 0.374244257629717 2.18282077063152 -2.03942287747912 1.31355483641247 -0.0845010390050148 0.330920953708278
# visc:
 1.05489767689947 0.820735380317658 1.04472029163679 1.69046606700748
 0.420213955520951 -0.505416325248209 -1.75370588296099 -2.99999907413414
# lnRD1:
 -0.891951866631404 -0.702009679499829 -0.529952939302022 -0.531720803158655 -0.421039078943285 -0.359133729024263 -0.445743126356381 -0.307224505244572 -0.262563366309584 -0.133384647469097 0.330030291305202 0.698621449357725 0.574557978098267 0.441538822462422 0.774282826974596 0.534401241028558 0.923586671734062 0.935920204600502 0.359836312085173 1.42779730526563 0.00491158655741223 -0.298081797463693 -0.124327535064242 0.0211614853155414 -0.139121383846338 -0.352763650083889 -0.723449502183787 -0.804178564204051
# lnRD2:
 0.158760317712825 0.195276259896597 -0.191811732979560 0.479650808617564 -0.663400777555266 -0.651570224446615 -0.702667837793613 -0.692353672391719 -0.524759825136211 -0.412656827915377 -0.778601873732011 -0.310771965000610 -0.146290746736778 0.433776338982088 0.305889436042143 -0.147260989646528 -0.0794693416562890 0.321017834420329 1.01017368890884 0.220405545486981 1.07987646261063 1.41403545452736 0.276681949863980 0.268095353084470 0.148359639219027 0.237823547647217 -0.584837645761077 -0.663369176268409
# lnRD3:
 0.00000000000000
# lnRD4:
 0.00000000000000
# FDY_1_1:
 -0.0288992076801583 -0.0288992060051835 -0.0288992049772662 -0.0288992009782677 -0.0288992036743511 -0.0288992066284352 -0.0288991901494490 -0.488745368654116 -0.586046442751210 -0.606473263918681 -0.611549823795229 -0.611413607719155 -0.576091885939926 -0.515175154007890 -0.405138286962789 -0.285117550391853 -0.276281624596215 -0.261083452990682 -0.244416381666745 -0.231578785241298 -0.221689152208532 -0.170289346553774 -0.139401741311773 -0.109669679405142 -0.0548119760603498 0.0323501122048065 0.0643200245676213 0.116391702842540 0.153373821863199 0.236486564620527 0.304666980503455 0.350732664842814 0.381053102795116 0.381561564305959 0.408109187170473 0.368130152538759 0.335062014226755 0.312993332879223 0.271559187633793 0.284812521670911 0.323804006473130 0.363615427367432 0.449087968612747 0.505257757069994 0.524606089089334 0.415288872640484 0.300046597312763 0.276951908109870 0.275077071666965 0.164909118987480 0.0337451392751823 -0.144861684552146 -0.280932958868201 -0.304421218537993 -0.306509085044522
# FDY_1_2:
 -0.0286621131235074 -0.269636476841967 -0.0286621100188033 -0.322938918425592 -0.357282688411351 -0.385289359591056 -0.0286621049953381 -0.429755840016709 -0.451766591251604 -0.467748076075302 -0.506090660796036 -0.494143838815804 -0.434862051376051 -0.356098695636056 -0.265160056620133 -0.180268419101065 -0.117876535669702 -0.198778347889472 -0.179854747929346 -0.169940222843535 -0.129674629426786 -0.112629543853066 -0.0757153332454423 -0.0330215860282761 -0.00354827469746753 0.0769220728764275 0.112045336537073 0.166317077552926 0.189664520967040 0.264519748394492 0.321888324088703 0.358045193915346 0.362048590066086 0.350705241046721 0.389539964613138 0.351137404908086 0.285770618894685 0.275303727534824 0.263192028003909 0.293676818848277 0.307255509885984 0.351716067478987 0.399045533107661 0.456850053133468 0.500804584387101 0.385797444279234 0.265825489265435 0.213578297825554 0.189404616518003 0.0813748998094603 -0.0388434794582675 -0.193142494784686 -0.312543283552589 -0.320453245676631 -0.319379437786981
# FDY_1_3:
 -0.0273848294867773 -0.0273848275407171 -0.0273848306539681 -0.0273848474601130 -0.0273848329726777 -0.0273848315453226 -0.0273848332019308 -0.0273848259837110 -0.465463372088285 -0.480722266746216 -0.409035637738982 -0.439492381808837 -0.423686447173002 -0.358109588032022 -0.265684337522251 -0.195332137490606 -0.121460155086230 -0.173740737412741 -0.155243220806688 -0.144738356145403 -0.103751734485195 -0.0668926919025769 -0.0363930029254191 -0.0134178529590698 0.0162856510877670 0.0958371036154156 -0.0273848334571142 -0.0273848339824460 0.213093930744879 0.282669964638658 0.344546828944044 -0.0273848323479686 0.364596268275878 -0.0273848293887064 -0.0273848339927249 0.376110272211664 0.295734707984634 0.296630621570236 0.285984954012216 0.311291337448421 0.320653758545711 0.348585073770720 0.380050969617596 0.441086924046038 0.503369182472566 -0.0273848336247908 0.260101222429022 -0.0273848287614686 0.171598733673732 0.0732058759056520 -0.0363602932758790 -0.177980154997358 -0.295455928117986 -0.303570695844498 -0.304129904035166
# FDY_1_4:
 -0.0284721573871092 -0.0284721618776904 -0.0284721790165860 -0.0284721598407216 -0.0284725320564652 -0.0284721596918549 -0.0284721634471576 -0.0284721543767190 -0.540939924608153 -0.568822098849908 -0.0284721599696505 -0.557223920941057 -0.482381466459249 -0.407786354354686 -0.326027780597696 -0.271102081501888 -0.144885012187545 -0.213630890590598 -0.186586614859812 -0.183922608083664 -0.149105499962980 -0.108828956981910 -0.0785017234368801 -0.0483109936602737 -0.0114696981194331 0.0683776418107283 0.0947724378707540 0.159230363031971 0.194261648709339 0.295435944292743 -0.0284721632833171 0.334604414806208 0.317094007591378 0.339033508231130 0.421852531863514 0.310479013641287 0.291507950907989 0.309071445954708 0.273510735954705 0.287550876012370 0.285680230432563 0.352279742108357 0.353116782061963 0.370580499470815 0.306088014945645 0.193290571999448 0.176308497576060 0.166238217835635 0.0698110241034888 -0.0200718745674429 -0.170053655615225 -0.286539861412500 -0.313076267339537 -0.297680096168902 -0.318506729966191
# FDY_2_1:
 0.0608590980285402 -0.0425510912912217 -0.100291433113394 -0.124386429420146 -0.108124851589661 -0.126592364368918 -0.138521496274191 -0.138471214095150 -0.152678621234549 -0.136125326527960 -0.151370461584930 -0.122710060142573 -0.0751660763155449 -0.0484715931181312 -0.0194804700877378 0.0315100940761899 0.176813437654518 0.0679154513785973 0.0460778020905042 0.0436699595987089 0.0579426237432616 0.0236735177104816 0.0409223921135404 0.0477742995512176 0.0355188354994493 0.0766946135853206 0.0354821278546402 0.0339854154682659 -0.0361923441688066 -0.0481257303543425 -0.0843346101340976 -0.0593800133609883 -0.0285839545037603 0.0267123653712935 0.0798717701669083 0.105191905314185 0.0770962537339517 0.0814787902891862 0.0464783979005774 -0.0287259594512954 -0.108626449651726 -0.154399433625600 -0.108916740375272 -0.0184992110817084 -0.00966755111451746 -0.0845708055305043 -0.0898770503416109 -0.0204885407987310 0.109707245499576 0.202563618727344 0.193446234235390 0.194035387601379 0.190210171871358 0.163257875014586 0.116440199578099
# FDY_2_2:
 0.261956100480550 0.117344578835023 0.134364969245380 0.0780805312110882 0.0352136138619742 -0.0132868305046980 -0.000906445281186808 0.0306429788800234 0.0695542397138550 -0.189838046027504 0.153365693347215 0.210551617053705 0.265839516232353 0.278650713704169 0.281707609228213 0.277523004176483 0.343456546280450 0.235397902812942 0.211201851148022 0.181796653791160 0.196646174013593 0.128948249461203 0.0936741308443228 0.0851854554804249 0.0211122701983822 -0.126586613180448 -0.119973088194713 -0.145415376488267 -0.261865536586347 -0.274962991029580 -0.379072222153962 -0.290472904294478 -0.166571677906379 -0.110968814053252 -0.0284525139639051 -0.0334944734054165 -0.0880251862081211 -0.147939592254691 -0.248281420340764 -0.399846491528282 -0.533040656128802 -0.472961551204941 -0.382905667238013 -0.503758455141679 -0.437443195941365 -0.449860256020255 -0.390318309803081 -0.101241692236320 0.299814792470509 0.377566509262168 0.392315081407556 0.408968575826729 0.391567020673411 0.372469716681906 0.362573910793634
# FDY_2_3:
 0.0179275750289744 -0.0828384079472469 -0.0224212007421563 -0.104009021181860 -0.123210541758593 -0.141911153434039 -0.0502678458034596 0.0159846704530557 0.0869755962901153 -0.0491368943035356 0.120969744903890 0.120392291032197 0.195173005896738 0.213373913979163 0.233497954155623 0.261036868858672 0.317918550254487 0.282830050025766 0.272349902116774 0.245435734262476 0.221514418940621 0.167390173842671 0.114992761531112 0.132277010275410 0.0663242649094084 -0.0743221426655701 -0.235867006998463 -0.202949533226638 -0.328793263058370 -0.268169097254846 -0.294397156410632 -0.206060802371167 -0.0977577485283621 -0.0356274371542172 0.0164789219903700 0.0282234645446073 -0.0374966364624876 -0.172392391113078 -0.279469613084350 -0.514590852384863 -0.467895344689314 -0.392884653394320 -0.587908932951533 -0.632122304705905 -0.489561518546184 -0.451747298859923 -0.196900590438764 0.263498826143618 0.459474325228506 0.522535632595050 0.497994143460966 0.428791351390134 0.409996207303496 0.408716002394721 0.418636027661255
# FDY_2_4:
 0.285635262764717 0.244368109098269 0.261462926956808 0.160345961945323 0.141010870584856 0.142619814868572 0.205567306328219 0.241808110950259 0.271067967198970 0.185614321845733 0.259291255751332 0.275412335299645 0.320608943610085 0.306545535002544 0.312343234861794 0.298026096072119 0.300074389598737 0.210739074465516 0.202294098924317 0.175332629179195 0.145571345076129 0.102995253879750 0.0836469186877707 0.0850829018762052 0.0212305450706470 -0.121814933087935 -0.168465827988157 -0.340551763465876 -0.429107171219110 -0.447527501214863 -0.402151558756841 -0.268771129156594 -0.224812681986003 -0.183325653152532 -0.165205566364987 -0.164094084432504 -0.158451856545855 -0.213899249595642 -0.399884379991625 -0.578042211332190 -0.564232186668154 -0.413682667974106 -0.306238395241726 -0.355544340106151 -0.573973747781255 -0.569228162775570 -0.295845927459345 0.208328157479626 0.329566860932216 0.367505591778147 0.317730371474537 0.251925601679161 0.215944641046631 0.188561089078161 0.226593472931033
# FDY_3_1:
 0.00000000000000 0.00000000000000 0.00000000000000 0.00000000000000 0.00000000000000 0.00000000000000 0.00000000000000 0.00000000000000 0.00000000000000 0.00000000000000 0.00000000000000 0.00000000000000 0.00000000000000 0.00000000000000 0.00000000000000 0.00000000000000 0.00000000000000 0.00000000000000 0.00000000000000 0.00000000000000 0.00000000000000 0.00000000000000 0.00000000000000 0.00000000000000 0.00000000000000 0.00000000000000 0.00000000000000 0.00000000000000 0.00000000000000 0.00000000000000 0.00000000000000 0.00000000000000 0.00000000000000 0.00000000000000 0.00000000000000 0.00000000000000 0.00000000000000 0.00000000000000 0.00000000000000 0.00000000000000 0.00000000000000 0.00000000000000 0.00000000000000 0.00000000000000 0.00000000000000 0.00000000000000 0.00000000000000 0.00000000000000 0.00000000000000 0.00000000000000 0.00000000000000 0.00000000000000 0.00000000000000 0.00000000000000 0.00000000000000
# FDY_3_2:
 0.00000000000000 0.00000000000000 0.00000000000000 0.00000000000000 0.00000000000000 0.00000000000000 0.00000000000000 0.00000000000000 0.00000000000000 0.00000000000000 0.00000000000000 0.00000000000000 0.00000000000000 0.00000000000000 0.00000000000000 0.00000000000000 0.00000000000000 0.00000000000000 0.00000000000000 0.00000000000000 0.00000000000000 0.00000000000000 0.00000000000000 0.00000000000000 0.00000000000000 0.00000000000000 0.00000000000000 0.00000000000000 0.00000000000000 0.00000000000000 0.00000000000000 0.00000000000000 0.00000000000000 0.00000000000000 0.00000000000000 0.00000000000000 0.00000000000000 0.00000000000000 0.00000000000000 0.00000000000000 0.00000000000000 0.00000000000000 0.00000000000000 0.00000000000000 0.00000000000000 0.00000000000000 0.00000000000000 0.00000000000000 0.00000000000000 0.00000000000000 0.00000000000000 0.00000000000000 0.00000000000000 0.00000000000000 0.00000000000000
# FDY_3_3:
 -0.283587215187398 -0.358084793118130 -0.379308244764737 -0.428898348700848 -0.463628681997859 -0.490915985718490 -0.487529491318025 -0.513513415691063 -0.544983035532777 -0.577902798384890 -0.539864455815167 -0.547988473818720 -0.485192163274368 -0.385059357393726 -0.308799161122262 -0.304093137746467 -0.212082083339011 -0.165111988727707 -0.119790752264832 -0.0860502755273505 -0.0456044321675338 -0.0296166518889889 -0.00834288251035536 0.0264660784018309 0.0375175812026835 0.147763151716421 0.203138968148174 0.262036995762196 0.284162116550509 0.351256372153267 0.308012530487213 0.352267364744573 0.382348936359311 0.384652777318799 0.468194686237695 0.488621624485463 0.470227921613353 0.394520767270917 0.440572089310363 0.400122479644747 0.269387745586545 0.258389831997665 0.380791980987675 0.334273090369809 0.322678970028138 0.275508342666344 0.0773519286115327 0.0742938528803334 0.154270664750266 0.125101596911651 0.0592660801406594 0.0204361079332606 0.0124391676560309 0.0206873769041404 -0.0208113528208589
# FDY_3_4:
 -0.0647765770080695 -0.123533441369613 -0.153408987421908 -0.192212015981594 -0.220933922316939 -0.219218273338265 -0.193229401025568 -0.190649681425816 -0.183954823576441 -0.194165137890903 -0.209579989053978 -0.182173543290221 -0.136660354576976 -0.0880178942591789 -0.0148166874932642 -0.00554213788787327 0.0879958434244856 0.0481145077098266 0.0389930632856328 0.0225658145173271 0.0227122843071208 0.00677164353707083 0.0203045199700696 0.0520470821411441 0.0624481751127157 0.0119817005840059 0.0142434525103714 -0.0836283473644239 -0.0814084196706388 -0.103824921806585 -0.00302477861500838 0.0525113793996170 0.111169650554376 0.112813397798485 0.133992278224494 0.151332579146240 0.150699670268637 -0.0396876399082786 -0.0396876939109920 -0.122880661105362 -0.121518966061664 0.0121807775294465 0.124618857888121 0.112886895408021 -0.0741971408155160 -0.0813195072128798 0.0488080761732461 0.340775122413600 0.353404092697244 0.338793839869478 0.241185531705734 0.125064385918617 0.0995443888176637 0.111422436566795 0.114669496908372
# FDY_4_1:
 -0.345354953898822 -0.408297146193862 -0.452136339213078 -0.517279024278066 -0.557964202651845 -0.588755886907297 -0.596244940038472 -0.586867011317393 -0.579489668131743 -0.547448842234392 -0.543543077131736 -0.528548130434103 -0.530385269496129 -0.495098716700578 -0.446578458397782 -0.381332270440358 -0.319925034284802 -0.280440217752749 -0.233000355645137 -0.203157038466091 -0.247516730304045 -0.186653569140435 -0.163220064134360 -0.129513617599765 -0.105760389285830 -0.0367769254804125 0.0441195706117985 0.115533553629705 0.176536620960480 0.229200017348787 0.251785802074175 0.292259964103760 0.290140474789615 0.366404304705130 0.431094852904096 0.513899143484319 0.548783083660595 0.528843670000157 0.505056762852622 0.511262006729732 0.502440085950624 0.429759087211133 0.411163000085562 0.408212393832294 0.415039807983579 0.449966171664281 0.475732518205431 0.347205154066716 0.234454740809869 0.284461595103358 0.262485603599929 0.245868830697992 0.238061503445862 0.243255331608157 0.258262227439523
# FDY_4_2:
 -0.405395694300140 -0.454588339075945 -0.498247408507255 -0.569929635711660 -0.600832404713513 -0.633125811322328 -0.640520637027011 -0.632836443751062 -0.627709384010751 -0.601513339703077 -0.577513200369299 -0.560112342573996 -0.553366671125324 -0.514494865700667 -0.457477720057619 -0.390094790996477 -0.326653331785342 -0.259099495092634 -0.229915244647134 -0.204982743872844 -0.210847958485292 -0.191011149041929 -0.167238362794937 -0.138907876210592 -0.120296634692133 -0.0456497071055894 0.0513614159624963 0.146368935497684 0.222044292901206 0.286966932565435 0.305098854708337 0.325744098177295 0.317617449828862 0.386100540075726 0.461057408713677 0.543772451757372 0.590907817860608 0.575970341282067 0.557059811460284 0.594885745158486 0.612904472625393 0.499092724528657 0.443594000414242 0.462987312287129 0.475132449896392 0.511464222550518 0.543651130066276 0.322468852361710 0.163662751770941 0.197538135450665 0.197441113433217 0.189892902867938 0.202291686278519 0.203273688220408 0.222009653973003
# FDY_4_3:
 -0.431503175994048 -0.484657938077780 -0.522284951063596 -0.589555888129293 -0.624497738906838 -0.662056344795419 -0.667331640551688 -0.660190216352375 -0.653131828152440 -0.589671031319403 -0.565819680916589 -0.545939099517966 -0.540714637621528 -0.502389222019630 -0.450182804920300 -0.389664717869990 -0.325442313545174 -0.248193073761199 -0.217817970884908 -0.193598984057261 -0.211760995871740 -0.172538826943674 -0.165549596446975 -0.112895330768889 -0.0967258384023544 0.00313003252692081 0.0758333518591941 0.171438581743816 0.199576778401304 0.288761786104725 0.271699520674515 0.320326126773157 0.342136618023151 0.411935200827888 0.550485659574408 0.641545728480715 0.652565379886202 0.612390823255691 0.654307281383169 0.675549311411212 0.574162799555036 0.512338597600612 0.524673711257150 0.385824315843781 0.431571137852773 0.437278887676503 0.241828598791776 0.133083832637940 0.179278596551147 0.212754587490732 0.218291976848960 0.207664189132483 0.215816756609378 0.228544479088438 0.249319199028278
# FDY_4_4:
 -0.394556284841916 -0.450517912367826 -0.486281119899390 -0.563837558943892 -0.591279452601915 -0.626900246323572 -0.635321647515683 -0.627860004735205 -0.606070303196949 -0.553166335260662 -0.531285839026281 -0.511198015547915 -0.508557400708000 -0.474946920328459 -0.420520005744184 -0.355240473481185 -0.290807734925260 -0.220935486488246 -0.189053338974260 -0.164464326882935 -0.165222147032703 -0.157351857885005 -0.151048825610713 -0.0835971307284551 -0.0826457357387175 0.00909409743630434 0.0717401077654889 0.151285263646334 0.169068915861484 0.251233164491410 0.239396746568688 0.293399872208320 0.325147510319921 0.389168036641031 0.515469103353442 0.612387955437448 0.615795594298953 0.570417973596456 0.587263440923754 0.586917902383405 0.491610043469776 0.446592168102011 0.475903207037300 0.328393365210116 0.359768045571357 0.374189173952295 0.210877050877018 0.141918372828954 0.194795944949973 0.221681121019701 0.229331734806862 0.222839709590028 0.251422986313433 0.250545855822861 0.255011640305204
# FDY_5_1:
 0.00315845640473393 0.00315844965011751 0.00315845437508548 0.00315845241389782 0.00315845304971811 0.00315845196797363 0.00315845491112869 0.00315845360380022 0.695743975193804 0.00315845290793907 0.00315845948145769 0.00315844850394812 0.00315845673188201 0.00315844819531500 0.00315844557534499 0.00315844934142665 0.598605608975202 0.00315844669722713 0.00315845085895320 0.00315845480057978 0.00315845446281175 0.363478179122576 0.300753528521013 0.263909598802654 0.209370545418281 0.0962821535714266 -0.00517658975773523 -0.165879251928901 -0.329107818223967 -0.302491357336466 -0.356944538923949 0.00315845531462370 0.00315844990169049 0.00315844813860215 0.00572426633524030 0.0123063570967105 -0.000740069575302000 -0.114097894576138 0.00315845151085574 0.00315845537842778 -0.535728756901350 0.00315845543128594 -0.297445024197914 -0.427639505119107 -0.473830348742408 -0.394922633721919 0.00315845926414441 0.00315845163307086 0.00315845311213751 0.00315844726609031 0.00315844941010239 0.00315845453191647 0.00315845191014434 0.00315845176812550 0.753600647463691
# FDY_5_2:
 -0.181518913976155 -0.246954266230047 0.0325523374115819 -0.300076925677936 0.0325523387959501 0.0325523727766555 0.0325523373331185 0.0325523336983744 0.196293906758717 0.0325522717285345 0.414991320258883 0.360813420085442 0.0325523417594214 0.202374017922810 0.152220212651322 0.0325523309479985 0.0429481441544233 0.0268557233387099 0.0325523394264848 0.0325523427318701 0.0325523404350781 0.0325523368028511 0.0325523394927510 0.0325523327269488 0.0325523361738858 0.0325523444535028 0.0325523341923473 0.0325523370376855 -0.900928933911529 0.0325523447593248 0.0325523256687903 0.0325523398583572 0.0325523420182019 0.0325523322135248 -0.524349152154200 0.0325523378543353 -0.609866747106175 0.0325523362346176 0.0325523455649657 0.0325523346719192 0.0325523408381743 0.0325523425564442 0.0325523355238164 0.0325523429026828 0.0325523412304170 0.0325523352782040 0.0325523408007811 0.0325523480852066 0.0325523422895155 0.0325523427756449 0.0325523316147016 0.0325523390871483 0.0325523428756574 0.0325523446035161 0.0325523366547473
# FDY_5_3:
 0.171060171916367 0.132192454938291 -0.370474103987996 -0.0199149007958148 -0.0664802348639250 -0.0432831468244776 0.106199870301130 0.299363965291348 0.616448066558867 0.576062488150606 0.562931327612358 0.577065754923344 0.452362836920578 0.429988334474077 0.360768129871762 0.305422796385771 0.269187401874086 0.239821230653150 0.253884506458550 0.133819639576420 0.0362700784848649 0.0130919625346567 0.0362699861509280 0.0362700889665107 0.0362700826521217 0.0362700879943186 -0.259687166803462 -0.441098386538025 -0.555428191270340 -0.535460859429810 -0.582445621266580 -0.487124850214044 -0.363093723976475 -0.253234754964786 -0.275130856621916 -0.226797622986841 -0.208268901700360 -0.318399775617131 -0.452327152678578 -0.622798861464764 -0.749563723471943 -0.593296973255663 -0.422887323263768 -0.578735045009602 -0.742524974559654 -0.677038668776528 -0.379397834430212 0.249639134845295 0.687101742071300 0.778222703724078 0.766266774680836 0.601272993986043 0.475997755360756 0.488330335912863 0.497040951501422
# FDY_5_4:
 -0.0238828092958708 -0.472123495040390 -0.492004100821930 -0.0238828102080344 -0.0238828003195933 -0.0238828123064252 -0.0238828057532779 -0.0238828077710523 -0.0238828140389238 -0.0238828049143818 -0.0238828094052935 -0.0238828076746867 -0.0238828072702955 -0.317270424362233 -0.0238828118445671 -0.00827331470706576 -0.0238828052896541 -0.158935755766010 -0.0238828075072038 -0.0123371079546546 -0.147217164191009 -0.145855687489592 -0.195397299972876 -0.139558918784703 -0.128042322509408 -0.0193155932366267 0.126529241169364 0.117342665919785 -0.105617461340419 -0.0190813188700947 -0.147981199868429 -0.0570816037635274 0.00472769332723106 0.161343897959625 0.432884490967779 0.597024971365498 0.143710879308422 0.182145556921728 0.366148988342715 0.248122724698257 -0.153869373744421 -0.276627613825379 -0.217838496657291 -0.231969669884309 0.153634711809149 0.106534832456912 -0.564275777973179 -0.544077469425812 0.228014661113045 0.238534445096379 0.343425218740255 0.364951462387006 0.345536219413446 0.374382647042259 0.354115175749763
# FDY_6_1:
 0.00205327525827058 0.00205328440866835 0.00205327884341165 0.00205327884308036 0.00205327905354312 0.00205327921046204 0.216258360349594 0.262160026155885 0.00205328097626732 0.390756054454542 0.00205328021518635 0.339026201878489 0.00205328381948276 0.00205328739856823 0.00205327786567198 0.241333388702208 0.255085698045987 0.00205327023541023 0.00205327528406150 0.170111241930315 0.00205327933780196 0.00205327078713245 0.00205327639016871 0.00205327744720406 -0.325933856361618 -0.409536936811780 -0.504626471658463 -0.495084400220285 -0.462365833412978 -0.356133237451139 -0.351908019398358 0.00205327774451290 0.00205327736714188 0.00205327890397920 0.00205327957324917 -0.198109803201256 -0.370467720163670 0.00205328770675371 0.00205328188062036 -0.448799908955867 -0.448307906229433 -0.588277738810133 -0.774045683410881 -0.642475123904435 -0.183795091029596 0.00205327511386875 0.115733568483259 0.335989796194645 0.569903460611735 0.611547509219005 0.594289270370644 0.570467461019024 0.566352899759768 0.613657530927422 0.657916569252853
# FDY_6_2:
 0.176648896002152 0.0476764003368668 0.113322158723834 0.122183613145988 0.176641182718780 0.500491226473266 0.524170732743948 0.576549612361588 0.551044387016676 0.613508614751935 0.542708201945719 0.533960218732482 0.395435112187611 0.360965492686065 0.344564657515209 0.297696291972701 0.309743717275649 0.304466520534675 0.218837619105642 0.157279698654037 0.112049568185446 -0.0524497233632531 -0.206863652329711 -0.275256109384851 -0.533545297932389 -0.624932056638573 -0.690235068895275 -0.589495011206578 -0.593575960155733 -0.500098799729742 -0.498507632960622 -0.549157018396340 -0.570200217352190 -0.411562835082211 -0.339341098716822 -0.446956223560941 -0.625142898758861 -0.652691673600011 -0.612341802128119 -0.609558081234169 -0.656355642594475 -0.839900385781852 -0.871014493985410 -0.673563041415490 -0.0585655397372884 0.0951035278819647 0.227987612027317 0.431341201554148 0.624578074079581 0.643743588207689 0.626569764545985 0.620946917920679 0.675672456423590 0.728642675783571 0.826780523446114
# FDY_6_3:
 -0.100439209208960 -0.101568070455296 0.0921796242659819 0.0849462794880279 0.174802654374296 0.335542698137569 0.306069551258470 0.401609065786738 0.525956401039484 0.706518690333027 0.637853247282417 0.483913381067605 0.259840840878562 0.373967651505326 0.347177308833344 0.339393249404245 0.318310662438844 0.222123858341646 0.213201066071431 0.142506994800056 0.0903588363890374 -0.0286161835573003 -0.161511996609987 -0.281181143016700 -0.454546116919858 -0.573674154943196 -0.648233588477172 -0.624113525275516 -0.635280211241030 -0.499822835866787 -0.502135159618836 -0.463807074604420 -0.464775052442435 -0.327279938380468 -0.310751555096016 -0.370927572156869 -0.472769953074120 -0.512595846438276 -0.540189534673184 -0.619255573561422 -0.657652194385750 -0.717934406841349 -0.695333906292262 -0.532369612498901 -0.298045094333082 -0.194141033713486 0.142339185964959 0.574538907619750 0.685666946660727 0.720991384270334 0.696131340867378 0.666987903103446 0.701421256416285 0.728835441137108 0.815766115946587
# FDY_6_4:
 0.0898662986804647 0.0655842306146162 -0.0663294990897820 0.0450375717836456 0.136361573569136 0.299642146635145 0.373199591353778 0.530629373396090 0.708855090075879 0.659600274376246 0.648379094689903 0.527500410388834 0.439964737074651 0.386498379327240 0.343057627687827 0.325278287018665 0.299451665314165 0.280802924068521 0.195939741696805 0.190859885645326 0.00130618012361835 -0.0136545113681418 -0.147928380219740 -0.445189921373296 -0.764657264489628 -0.631093952749428 -0.639964476266164 -0.676198521515729 -0.634121286763945 -0.584032278110413 -0.625088612684622 -0.459373450005325 -0.388715502080870 -0.315810518720289 -0.274761366641854 -0.401852982093388 -0.511681863085632 -0.524272239173791 -0.556866171123505 -0.610329904256079 -0.680044075207501 -0.748759200811633 -0.690185942649382 -0.550609364977648 -0.342440811833550 -0.237838477675875 0.136522460734024 0.648550077953926 0.709400523418599 0.770931146828893 0.728090617722134 0.694843038545237 0.702455943586467 0.745808358536766 0.837383324120614
# FDY_7_1:
 -0.780301793611763 -0.834257413391481 -0.868252602518668 -0.922852392623070 -0.952783605463129 -0.986404493534783 -1.00537004233709 -0.991038562232291 -0.972120728879644 -0.943900907654069 -0.927394861735345 -0.914430697534358 -0.881971688045942 -0.847914619616169 -0.811686726155192 -0.751280047869583 -0.680427472641625 -0.603700446340990 -0.526073199909478 -0.494026997539723 -0.442250576284401 -0.396478199356062 -0.379893189532595 -0.305296611613373 -0.240246864661934 -0.152387563256328 -0.0303632784558080 0.117663049054289 0.341050432325728 0.457223817995050 0.965781551184226 1.03615306101255 1.08755942449008 1.01911230012404 1.20393256456575 1.26277857978356 1.26119331163664 1.33453430046633 1.63803228718241 1.40460103430286 1.33558481346625 1.23564496309933 1.64023886863856 1.10416367268551 0.391910510041564 0.178599832771037 0.118874387205800 0.102818101523339 0.000728958560634138 -0.0713218728043862 -0.0872333065838386 -0.124463260654779 -0.122820473421225 -0.105194562709940 -0.0840407631464534
# FDY_7_2:
 -0.544130290266765 -0.598054688874911 -0.634831966395796 -0.695594383928979 -0.730411754893451 -0.768540185719318 -0.780361638401315 -0.769089362107230 -0.767379051337626 -0.724495278583076 -0.718599152425958 -0.711573828975143 -0.683138756383445 -0.662934648575968 -0.599286626216679 -0.562811358074733 -0.512357388760684 -0.417770448207483 -0.357413498953180 -0.314358308531523 -0.296515221020744 -0.282122557182580 -0.255806619800892 -0.210241275660327 -0.175722591959184 -0.0929447973378973 0.00534179023385471 0.112807968406926 0.240375342228980 0.347233095264589 0.510601207007580 0.540316450531041 0.491673426898865 0.558002554018633 0.710830463677171 0.845674795067625 0.931111772770764 0.900610294589303 0.905184481423961 0.963475012245230 1.01351337956089 0.966864940058097 1.19847483464939 0.657492818915801 0.466346186913463 0.388263591611172 0.360538057776433 0.199990899534432 0.0712845540531716 0.0738949648790433 0.0689043197438125 0.0542413530643529 0.0709611292647646 0.0859981109457840 0.126477883239753
# FDY_7_3:
 -0.729151162850098 -0.778931476273009 -0.809592725275822 -0.870711170952042 -0.906025609013729 -0.947060657325025 -0.952028240524625 -0.940873791448753 -0.921564229067882 -0.871277842860941 -0.853928223623320 -0.818623805551507 -0.818747919282254 -0.783244457775127 -0.738191229713917 -0.659487412519855 -0.585576783409268 -0.501173316979119 -0.461688549034756 -0.416558450647969 -0.387922284154669 -0.365031889803081 -0.355980758848728 -0.253646642945487 -0.215464544824562 -0.129896461495611 0.0107993791295018 0.156259554026723 0.271249770049864 0.554512603851217 0.692939000861117 0.801807755434949 0.680972094696793 0.807236214552895 1.02846012704382 1.16283205074005 1.29952737748792 1.46596235194724 1.47774850892052 1.48631958025724 1.50653476332763 1.32299389430942 1.57935332817631 0.494962880012253 0.249691820820712 0.161453231709457 0.124429755817373 0.0125267287791566 -0.0786608773081363 -0.0555861175467418 -0.0567052408474405 -0.0533646586987888 -0.0354878055148829 -0.0114296050517699 0.0150411692167485
# FDY_7_4:
 -0.825265675160322 -0.870372958603524 -0.898168776762319 -0.958919875765598 -0.992646882632860 -1.03912198252415 -1.04027165012666 -1.02583328885253 -1.00814429314062 -0.951634744424077 -0.930913545304801 -0.885725819627834 -0.891334046989810 -0.864303295416652 -0.820082211020475 -0.738920698708006 -0.660813587537383 -0.551123422522993 -0.518962032378328 -0.456696884167350 -0.421133647529241 -0.398213670707982 -0.371546928739061 -0.254131053040767 -0.219680868733079 -0.110971382351707 0.0319755393954316 0.268675378565061 0.370752872829130 0.922421088331023 0.986729367160250 1.16178442579149 0.970555528650094 1.15330134467405 1.23973847169369 1.32203460106820 1.48659710325847 1.95936834273908 1.71357596999888 1.62623673754315 1.54835785685172 1.21438119653084 1.42378584260697 0.346757029645342 0.0840657073401082 0.000433310037676646 -0.0125388282162166 -0.0985428211521969 -0.180617026973582 -0.158877556466835 -0.158973237386324 -0.168138855254625 -0.140976297068618 -0.119887681082334 -0.0880421883417934
