# Number of parameters = 1827 Objective function value = 8199.39631817734  Maximum gradient component = 0.00297589343767734
# lnR0:
 12.5175838517362 13.9054053809989 11.4449707469247 11.1541624920345
# selpar:
 1.30203344936846 0.610094756408543 -4.16189472661110
 2.29202400612105 0.848778751596402 -4.05631720259318
 0.871237209585423 -0.188016713135651 -1.94809749730638
 0.646224455377652 -0.113257333840908 -1.87994090463955
 1.81776204013122 0.283418104357196 0.0585808250199698
 -0.482614668257805 -1.24442181676023 1.71597835169007
 2.03789185034397 -2.10865966051611 -3.99517344186509
 -1.42082172255689 0.722930411833009 0.347121771534962
 1.72804757621981 2.02266368303391 0.329866234043497
 0.179940858677526 -2.07329278868503 -0.820687663296505
 -1.35838330542477 -2.27925544030357 0.847635399739843
 0.130831928327959 -0.130576132985992 1.02161866776260
 2.03241279715997 0.952556885591265 -3.78899709186387
 -1.39957063488559 -1.17077774371636
 3.27816144789440 -2.03914211093299 -3.39590626812137
 -1.31409603993599 -3.43898613523656 0.203900818748814
 2.30400579586159 0.769119485250367 -4.06894724227890
 0.544765670375785 -0.820304299435227 -1.34672954961939
# movest_p1_a1:
 1.93744958150386 -0.0917309199085876 1.88727916135182 -1.40963421592400 1.16907056931158
 -0.0855879999118407 2.62534474023365 4.31309326271092 1.46335505869174 -0.280535201028932
 3.35323531585903 1.72852119343226 2.48954637682904 -2.09713622760954 3.98735287151601
 -0.774825303722478 -2.24694327452183 -2.10632646920064 1.55069088069622 -0.484592641728245
# movest_p2_a1:
 0.543574821453225 -0.0324625662205102 -0.210784303703394 -0.162450487719396 -0.189628603468261
 -1.38014951160027 -0.670226561091011 -4.96115386379881 -1.21800098558009 -0.501661458939262
 -0.774048518992858 -1.94397744990985 0.860363590556590 -2.38635642033071 0.563099081203337
 -3.20633273868309 -2.89720258818970 -2.05541543461696 -3.76081190476168 0.541496082914362
# movest_p1_a2:
 -3.73283617490107 -5.32957774099690 -1.42640825525534 -2.29136665512438 -2.01095224363238
 -4.45749368551284 -5.22209841493661 -5.62175670242015 -2.74964730691000 0.798271115670119
 -2.56910909907212 -1.13658478240656 -0.595105693055427 -2.40891603299187 1.42096359506528
 -3.52296015122599 -4.28581611908860 1.18562963389323 -5.91308455067101 0.269580194186489
# movest_p2_a2:
 2.51296826961603 -3.64332126625374 -4.64460258441777 -4.88146539894574 -4.77102111464660
 -0.128692092658906 -4.56286481785497 -1.50542138190699 -6.66071821557485 -6.53631233257038
 1.49141720875211 -0.962592559978647 -2.54028347976008 -2.39517389852133 -1.25375573485278
 5.52757403880408 1.48807671656022 -0.528876429007041 0.181822069126564 -3.04544172146610
# movest_p1_a3:
 2.96602042448173 -0.501165769453106 3.11710983994333 0.655621042401943 2.02554895385077
 2.94001316410956 -1.91341831136676 5.63209056186689 -0.151574190163089 -4.14017611472845
 3.70971958241248 -1.16036354379072 3.42765454072523 3.81886822798769 -1.50655755716544
 5.47599412555277 0.512240914547030 0.832103990588687 7.99999990617750 -5.04352648711244
# movest_p2_a3:
 -3.79827849646736 -3.47536135850453 -3.31962473559201 -3.78585248629535 -3.62372630005917
 -1.38632966307234 -2.73559907622393 -5.92668024965704 -2.01000664994118 -2.07378148703258
 1.23317018895556 2.42640547008611 -1.83466972387427 1.19123288075479 -2.32481291432761
 -1.42936836082240 -0.168480620271592 -3.45586290412737 0.0802915201081333 -2.51891328956254
# lnqE:
 -4.12632892841907 -2.55982682478558 -1.79571149632572 -2.98873024492300 -1.03966225828472 -1.00612987610309 -0.152354577666657 -0.236417326856044 -3.75202400492395 -1.96145011217625 -3.37156787266120 -2.79842169592122 -2.47108798474545 -0.855989436970001 -1.28165807326376 -3.06246553483773 -3.64864095386402 -2.23359774270621
# Fmod:
 2.02169965972775 1.01057622944989 -4.39638414815948e-007 -2.24640135067211 1.50861005129632 -1.41262795629392 0.871461317347284 1.63290765940079 1.21472764594064 -4.08449148535185e-007 -1.43496875379743 0.433474480114840 -1.92450832396288 0.723803352882571 1.14751221029453 0.0984862959120922 -1.73365781553512 -1.53388914577263 -1.61573525310629 -1.57916031400974 0.778283898899090 1.24776503485806 0.556503247475739 2.23797576344143 -2.14075366457712 -0.0315766235363866 -0.736781314539041 0.906274516849226
# visc:
 0.888308050290987 0.686534516336248 1.00393433347271 1.56019568844413
 0.413181765929093 -0.425481772511460 -0.185901983322053 -2.99999905681928
# lnRD1:
 -0.696822679519738 -0.342686423868938 -0.147444593469004 -0.0237149097971457 0.333942947125424 -0.222826737390044 1.30655487299765 -0.00376665346618312 -0.416715621125264 1.16461779048327 -0.323853756285520 -0.627284235684510
# lnRD2:
 0.574962653972808 -0.427660046515850 -0.132839268599763 -0.204977181352153 -0.291650574846037 -0.370863287639276 0.201447408478690 -0.144678382442306 0.102695095217706 0.187485380858910 6.34863212575082e-005 0.396587151166080 0.169268750741061 0.0379052354157029 -0.104756466470375 0.00701004569354523
# lnRD3:
 0.281086906434468 -0.446574902118537 0.649502856585364 -0.392698287945104 -0.0913165729561916
# lnRD4:
 -0.231741879838259 -0.106430025774930 -0.443584611175614 -0.118534067951019 -0.448249573188043 0.115826165521154 -0.141251633816295 -0.960172447574431 -0.00104414467156594 0.179307578209438 -0.591255217814341 0.423405789441843 0.294269460463166 0.0557956089154054 0.348394270745955 -0.0975439595971595 0.328743388117481 0.0772474779190548 0.228801090552632 0.714609018315104 0.415798381481326 -0.0382861228017291 -0.00410454547917422
# FDY_1_1:
 -0.0367582234090919 -0.0367581546077300 -0.0367581790207980 -0.0367581622510560 -0.0367581953323848 -0.0367581526810561 -0.0367581608278415 -0.895606450931316 -0.921367082728048 -0.946329046282507 -0.997318806373690 -0.947284404801374 -0.826633866219234 -0.744636978502163 -0.632761667433716 -0.373633977554433 -0.269732746162510 -0.189948474506794 -0.200263677433712 -0.178953218468634 -0.164903539230927 -0.0877754998883811 -0.105721036471166 -0.0880430080029493 -0.0259983626515376 0.0731191458387874 0.0778975779517977 0.185095982973838 0.239311278283573 0.301067833154364 0.345943975494587 0.419857612359880 0.430042346515708 0.474998867931071 0.587634909503504 0.630890983312845 0.596111983552472 0.508209946002993 0.413916173552082 0.455749405565038 0.516731368049406 0.470599228501997 0.473904628869421 0.468745090341955 0.442573717923303 0.439049118412534 0.436419958545502 0.384123632860219 0.279975795689932 0.220045163796348 0.113058669629827 -0.0694335049019017 -0.227721955474838 -0.360179488457035 -0.473520374006162
# FDY_1_2:
 -0.0296892426111977 -0.484754870306935 -0.0296892331763235 -0.487745534205424 -0.513642999546013 -0.534072554172425 -0.0296892486866028 -0.542738129136117 -0.586295090045644 -0.604643886234003 -0.585852378496207 -0.535391697252929 -0.416806033065391 -0.315974346458580 -0.226398194539632 -0.0737143275182475 0.0933694111104572 0.0278440510088775 0.00885914656253067 -0.00263008004673143 0.0216675748761603 0.0194595895170839 0.00784930670601230 0.0151184029089823 0.00938152979511958 0.0909410662851910 0.167650745522509 0.280836561764756 0.281880934687070 0.305357946032162 0.275552584114093 0.342458705686345 0.330320260500620 0.327044674897158 0.413354869094361 0.385441231589648 0.277218589279789 0.261665920862875 0.261796792724012 0.293811773173564 0.327908414074369 0.318554560621874 0.312650654023992 0.360563631060968 0.376026416314817 0.352171088390854 0.319150471582676 0.268047637744617 0.189135872023604 0.0927335667958346 -0.0286090077505930 -0.171945739983651 -0.311605785052860 -0.407983054121258 -0.495952548926223
# FDY_1_3:
 -0.0208638776485314 -0.0208638782492091 -0.0208638691670021 -0.0208638697524796 -0.0208638765419916 -0.0208638706299448 -0.0208638723752331 -0.0208638735159180 -0.317553928087955 -0.297421375876194 -0.205922982127707 -0.193040181354793 -0.0858782626461382 0.0175220816437257 0.0765096380123916 0.136687503710543 0.294253731224257 0.179844898790162 0.124456401806903 0.0645417507715861 0.0724664675386825 0.0757985550565637 0.0237128004565227 -0.0380028936561668 -0.0375824367798913 0.0606941215838713 -0.0208638754818814 -0.0208638630206662 0.237595565349432 0.186410830799125 0.133462534126343 -0.0208638731346097 0.168460170025949 -0.0208638627342598 -0.0208638679438641 0.110180674867891 0.0102230435389924 0.0594498107458238 0.0714302256210969 0.0883262810750957 0.128579592215801 0.114884574784010 0.129047660220150 0.240049860722067 0.264781535239900 -0.0208638672882729 0.171078938492106 -0.0208638692090210 0.0765286643657236 -0.0411236624784491 -0.161790319120766 -0.294650910907964 -0.396444377422538 -0.444829512230489 -0.489779003402780
# FDY_1_4:
 -0.0226866402317166 -0.0226866383391105 -0.0226866385417680 -0.0226866459961562 -0.0226866474820956 -0.0226866440129621 -0.0226866344748230 -0.0226866422159560 -0.449738198071152 -0.356493666551648 -0.0226866375224900 -0.317726144985319 -0.225427369228720 -0.159284260389127 -0.0635347593199932 0.0238885904654317 0.198428859477508 0.0916527588164976 0.0376653353585451 -0.0356733874591118 0.0119533308318990 0.0336174726487332 -0.0380168924881959 -0.123007729738943 -0.0630170441568650 0.106329860437358 0.199237046671820 0.321659923073266 0.184790320980930 0.0716148464026950 -0.0226866566647245 0.154600104043053 0.196243784664320 0.321104844112250 0.260431076938802 0.00799284719773587 0.0301903591869765 0.127373705288779 0.116014048489402 0.154384035110896 0.0914390313733052 0.0760342429818578 0.147347595711899 0.237164077495945 0.206936711173367 0.121367769838995 0.149245065093940 0.166936528697127 0.0698822232917379 -0.0521389151510972 -0.211911900937940 -0.384223271940837 -0.408562348869135 -0.373186551678414 -0.426717529406771
# FDY_2_1:
 0.132227628455235 0.0468993985300652 0.0611214550323917 0.0466231224666038 0.00990544945657887 -0.0225313305831541 -0.0315655758540570 -0.0366778811456317 -0.0799003604933693 -0.100787937852206 -0.0745798529245376 -0.0394731187292856 0.0310661840739370 0.0753771618546088 0.130760751514408 0.192590237253725 0.346871945279541 0.221109975729093 0.193494429194400 0.219891173763453 0.237293042117306 -0.00909789187026757 -0.0821954954946649 0.0302258275730396 0.0481293222492245 0.0726701634243407 0.0989884604013968 -0.0146187886948961 -0.0443534191869719 0.147682443870427 0.162677306324223 0.248865078052468 -0.0995422781811253 -0.184880624944954 0.0197748941764559 0.0911117076485275 0.0336780625749280 0.0218476495895499 0.0227501175713089 0.0221273663924628 0.0304704138221674 0.0387667700342580 0.0834641986861144 0.147013441935525 0.0925466789380276 0.0612577194231662 0.0309927457566128 0.0239907634762750 -0.0642935834317116 -0.158115708240695 -0.269992834620961 -0.356801885011957 -0.470909011880109 -0.578901116895058 -0.755044390606233
# FDY_2_2:
 0.165311308141623 0.0146939934752341 0.0434493497133978 -0.00508337114841049 -0.0670547691948985 -0.121170119213858 -0.136912235120205 -0.130704731503740 -0.161094614862573 -0.561017682188866 -0.143850441002183 -0.0847260020843777 0.0101480195337641 0.0636836558771751 0.138029078284618 0.200669999841898 0.309739103032694 0.216420507782508 0.201707264564889 0.244156869318778 0.299476696863185 0.0243966010775837 -0.108857311168816 -0.0133699547410931 -0.0181295883380404 -0.0279269701479386 0.101076488898404 0.111600675273986 0.0189220358107402 0.245555305864349 0.278210194174172 0.351623194071007 0.0353041257368051 -0.100428012201998 0.0512014909179791 0.149960084418175 0.100183973119536 0.0219382003749634 0.00423952297563903 -0.00716132512759136 -0.00134683093638164 0.0238125039330807 0.0340987270059056 0.0186563371139724 0.0699150099754010 0.0886480421552892 0.0948143212790785 0.0465812010261334 0.00119446819261983 -0.0676992587887674 -0.165151012244200 -0.257075564855984 -0.388029528343442 -0.528124158760460 -0.684504867850760
# FDY_2_3:
 -0.194473894944639 -0.263489603261316 -0.227814008349432 -0.280949634184280 -0.318727559837876 -0.352355497710270 -0.307651440304413 -0.310634680134268 -0.353583780008978 -0.417251170095101 -0.248441499461318 -0.198425351736331 -0.0829558842998004 -0.0113733309081627 0.0792341327998438 0.170527258441317 0.281859526094097 0.242792288613426 0.282134332518676 0.303238976048405 0.163416791542249 -0.0165372250442706 0.00720313061369306 0.0913732465676331 0.104613119200028 0.177787945739733 0.0780701479997366 0.154651912488200 0.250790561697869 0.448163665206414 0.503463253629384 0.155667226991675 -0.00429163254950169 0.109538973943767 0.258454214790611 0.298250833683081 0.235418724478255 0.204229835788524 0.221420306639766 0.144268876260557 0.159398328513803 0.158669078642657 0.0253677486574777 -0.00116664491895844 0.113512395753584 0.118270223351711 0.106131128890433 0.0375687817009738 -0.0155728090786728 -0.0693669949016866 -0.141027888020536 -0.263896312415401 -0.386907180231072 -0.545442083394997 -0.673150861496301
# FDY_2_4:
 0.122325812934967 0.113479598114791 0.115478130384198 0.0490932448256264 0.0125125125498337 0.00554060295040941 0.0253382729011111 -0.0290912362506806 -0.127276935345784 -0.142198815679615 -0.0308136225208343 0.0111018049689972 0.0889852266290738 0.135893118922549 0.198501124104899 0.251166106708575 0.298236513082791 0.203932789040357 0.268685894397235 0.274249825854670 -0.000224020373424125 -0.169275397206715 -0.0102447872170402 0.0698352963289945 0.117860703474254 0.186184479504043 0.0658327650756387 0.0255455414382046 0.246641273747090 0.383301515281306 0.478291139156230 -0.0869990928128033 -0.269036492541975 -0.0352530849383568 0.0980827764911351 0.0854538687498091 0.0566044705078914 0.0959437534494709 0.0768780235322203 0.0793299474602315 0.0645621422668547 0.0978969874596584 0.174208332202755 0.0736110018294713 0.0309422097872387 0.00833403154345896 -0.00206261687727511 -0.116240535267156 -0.189928735758614 -0.275071806156324 -0.356944876893569 -0.480015003574027 -0.619598617727968 -0.826568576702592 -0.923016583811288
# FDY_3_1:
 0.00000000000000 0.00000000000000 0.00000000000000 0.00000000000000 0.00000000000000 0.00000000000000 0.00000000000000 0.00000000000000 0.00000000000000 0.00000000000000 0.00000000000000 0.00000000000000 0.00000000000000 0.00000000000000 0.00000000000000 0.00000000000000 0.00000000000000 0.00000000000000 0.00000000000000 0.00000000000000 0.00000000000000 0.00000000000000 0.00000000000000 0.00000000000000 0.00000000000000 0.00000000000000 0.00000000000000 0.00000000000000 0.00000000000000 0.00000000000000 0.00000000000000 0.00000000000000 0.00000000000000 0.00000000000000 0.00000000000000 0.00000000000000 0.00000000000000 0.00000000000000 0.00000000000000 0.00000000000000 0.00000000000000 0.00000000000000 0.00000000000000 0.00000000000000 0.00000000000000 0.00000000000000 0.00000000000000 0.00000000000000 0.00000000000000 0.00000000000000 0.00000000000000 0.00000000000000 0.00000000000000 0.00000000000000 0.00000000000000
# FDY_3_2:
 0.00000000000000 0.00000000000000 0.00000000000000 0.00000000000000 0.00000000000000 0.00000000000000 0.00000000000000 0.00000000000000 0.00000000000000 0.00000000000000 0.00000000000000 0.00000000000000 0.00000000000000 0.00000000000000 0.00000000000000 0.00000000000000 0.00000000000000 0.00000000000000 0.00000000000000 0.00000000000000 0.00000000000000 0.00000000000000 0.00000000000000 0.00000000000000 0.00000000000000 0.00000000000000 0.00000000000000 0.00000000000000 0.00000000000000 0.00000000000000 0.00000000000000 0.00000000000000 0.00000000000000 0.00000000000000 0.00000000000000 0.00000000000000 0.00000000000000 0.00000000000000 0.00000000000000 0.00000000000000 0.00000000000000 0.00000000000000 0.00000000000000 0.00000000000000 0.00000000000000 0.00000000000000 0.00000000000000 0.00000000000000 0.00000000000000 0.00000000000000 0.00000000000000 0.00000000000000 0.00000000000000 0.00000000000000 0.00000000000000
# FDY_3_3:
 -0.0841180003226174 -0.154110686194291 -0.153371081870476 -0.177413994331221 -0.196517927648556 -0.201886153954535 -0.173138097401497 -0.161111599981963 -0.181255317272375 -0.229332232207753 -0.166689649758132 -0.127433915769879 -0.0511106467914410 0.0393987393715734 0.154961175505340 0.232717188714378 0.211148415187989 0.138806083687730 0.191767574953994 0.178684938330088 0.286683890257355 0.400345321182890 0.251540731309931 0.184722863765169 0.214898798156559 0.246815698373735 0.320017944199876 -0.0360670136732526 -0.191007596768631 -0.0961877007688893 -0.137004185211578 -0.0457398940266482 0.104208620596225 0.187609774028636 0.281355181051717 0.316859687444123 0.315967616527544 0.236225341838719 0.283849694445982 0.131338378462347 0.0397635039752456 0.0691602925056325 0.211263508900325 0.132239001958223 0.0813383415964773 0.0290933939015423 0.00400083614871009 -0.0904432515953492 -0.134755703414626 -0.251483796794703 -0.377632616379228 -0.445897014404274 -0.520411557675640 -0.523367479581328 -0.569295422579174
# FDY_3_4:
 -0.141361159669339 -0.177334547652197 -0.188773038134300 -0.209574212026479 -0.221994348130424 -0.187455517835991 -0.160200249304872 -0.170991281602264 -0.192035185211012 -0.194151264741423 -0.181230408679345 -0.0855537940013321 -0.0320603764393715 0.0151023367104887 0.171170027233852 0.263815772469013 0.300242049968201 0.148750987696108 0.148762386980002 0.0812355864504221 0.184318744872079 0.303276643994907 0.158294341643531 0.118948809021958 0.194690921814570 0.167948817038797 0.383328999322871 -0.0424493077593427 -0.200790261540023 -0.157365011388268 -0.0886585141396113 -0.0632356297243434 0.0977333425148538 0.185317816140381 0.304190357117022 0.397650093724713 0.347189531993832 -0.0406904630546893 -0.0406905250433035 0.243286143222520 0.187428404683250 0.290826847141201 0.303975581103986 0.313548643963140 0.236375942428211 0.179305068092692 0.0180724295106539 -0.0463841141790117 -0.114476213576351 -0.238981060092961 -0.373385752678229 -0.480329875150891 -0.569411004827264 -0.570262026563105 -0.574961483707510
# FDY_4_1:
 -0.000433479475580838 -0.0593390719358326 -0.0906275229902086 -0.134903575766766 -0.159542826902716 -0.184669051986501 -0.183525863097599 -0.175721733772099 -0.160018470225404 -0.131113950682039 -0.120493921550403 -0.0892503574500673 -0.0736082338011161 -0.0233442838065538 0.0301124989838074 0.0847670371888108 0.129196815741868 0.169985376691656 0.191296624332275 0.215016211473073 0.204017564315950 0.0926829761417987 -0.0339556860591360 -0.0412606902288456 -0.0415878945915426 0.000885263461701898 0.0620158013584179 0.0426590872719593 0.0210023728034908 0.121349469035234 0.170820951477797 0.285500563164585 0.155766612922175 0.0601735444686454 0.0817146516544710 0.119867478496773 0.0995439117655564 0.0600985144518991 0.0396167983148302 0.0164830372254000 -0.00121606001326016 0.00794141909442589 0.0617545624329437 0.0838808066510491 0.107647584925627 0.118025522961719 0.124520009809724 0.124343046454225 0.0863796882970925 0.0275813898634082 -0.0655635369969711 -0.179430971838937 -0.297295346247101 -0.407011413887663 -0.542733249926048
# FDY_4_2:
 -0.0561424468196869 -0.108130693308932 -0.137504287622119 -0.185526773594901 -0.211205327324711 -0.235757830928195 -0.236784341629975 -0.225387020357668 -0.209439881853962 -0.181345997860577 -0.152531776538922 -0.118047686239895 -0.0910410941396198 -0.0365771598247763 0.0211809574480264 0.0816450919630217 0.135652247328925 0.193644789654269 0.223843841648432 0.250300953204051 0.248109068097017 0.0810359204833016 -0.0806880600169726 -0.0637815518605431 -0.0518115730918764 -0.00139175620522676 0.0817186533086703 0.0465764051607250 0.0477526999452534 0.205668348075105 0.276773643721449 0.436546606137433 0.211005526107445 0.0465446500110658 0.0858576040290689 0.132697407832442 0.106242252576463 0.0646210994708878 0.0430580250879538 0.0220604670342151 0.0163820106546049 0.0362894542429620 0.0912905679540930 0.115427248460035 0.119119924800244 0.135366334307608 0.129707443148932 0.123026841402628 0.0854870892755116 0.0239038948100770 -0.0655054665980317 -0.177402581965894 -0.298552953982526 -0.417182611153357 -0.576798194463552
# FDY_4_3:
 -0.0712144640644262 -0.118439260482712 -0.140471676167752 -0.193626251195301 -0.218591093011847 -0.248576171112087 -0.253601879733779 -0.239989112880694 -0.222611984066097 -0.169970057278034 -0.131949297128973 -0.0957353287598302 -0.0709743273050972 -0.0200471789056678 0.0358109539239219 0.108708542094912 0.156305616468186 0.217412279696470 0.250161612526475 0.278496508937078 0.187103400953644 0.0242702944150458 -0.0634110301667697 -0.0377375956750113 -0.0232301078713809 0.0600519116799660 0.0917725825543620 0.0641970391390895 0.102728543364068 0.256682597371702 0.342325180135091 0.307861857754570 0.107091539090922 0.0568424911804836 0.120799478991252 0.145193100666620 0.126156097567352 0.0912149078354691 0.0846648387002934 0.0691249957408175 0.0559804619007142 0.0830973995825108 0.160485703167624 0.103074451133503 0.102217508063299 0.0992843520125312 0.106573185924981 0.0904202304749237 0.0520116103156287 -0.0102566038773738 -0.107206225613982 -0.228302083217201 -0.346938708629708 -0.488872988824298 -0.636367847395484
# FDY_4_4:
 -0.0522948154233776 -0.0990835319358690 -0.120650637636225 -0.175408557148249 -0.197554799857983 -0.226939776130166 -0.231521065380162 -0.218189083140755 -0.199330255607537 -0.146572260691351 -0.108972338261804 -0.0730755102149914 -0.0488626528911285 0.00204407142601588 0.0585361898992582 0.119855571855241 0.163752848769388 0.222962422202522 0.254510674290871 0.280652281748239 0.176679766775435 0.0254596623897969 -0.0519586850974987 -0.0273873112036381 -0.0158223223143601 0.0672072387827444 0.0857885814197292 0.0536162165681410 0.0946692452141730 0.240116891736125 0.323774485999308 0.259872622769142 0.0773968836017280 0.0536224584349804 0.116440734645585 0.142161776591199 0.119551469448950 0.0895775636590094 0.0855697550151690 0.0694274976588529 0.0525559063867584 0.0744953601201769 0.151097607976909 0.0840688368975728 0.0829125787104940 0.0827575138227105 0.0888542472486699 0.0689366258652954 0.0377218023842589 -0.0337379453137548 -0.124684580910540 -0.243810236655423 -0.359420590373429 -0.503322263589428 -0.648048170536776
# FDY_5_1:
 -0.0274292763415765 -0.0274292856209955 -0.0274292749681000 -0.0274292780122623 -0.0274292796802214 -0.0274292802209125 -0.0274292778135350 -0.0274292797175853 0.328338643586231 -0.0274292768794023 -0.0274292820435185 -0.0274292775455316 -0.0274292716773590 -0.0274292692824126 -0.0274292837662960 -0.0274292852935756 0.479951267983105 -0.0274292791060185 -0.0274292761086410 -0.0274292796490312 -0.0274292869047340 0.0138093161237748 0.131330006053974 0.185527341676577 0.0715787364177136 0.113479701532456 0.177733494398342 0.297140248852506 0.0293959880024279 -0.116805317404495 -0.247169405213993 -0.0274292771867538 -0.0274292810259689 -0.0274292887025288 0.0420472197048984 0.0911519374517237 0.139805314739473 0.0593696020092520 -0.0274292771281686 -0.0274292756973052 -0.0145396027401819 -0.0274292770376748 -0.0805248312030070 -0.0616116781520933 -0.0504553140317206 -0.0544163156773086 -0.0274292803241383 -0.0274292762934195 -0.0274292744498844 -0.0274292825716765 -0.0274292832333481 -0.0274292699229686 -0.0274292786111948 -0.0274292730659283 -0.629970158226988
# FDY_5_2:
 0.262133703437105 0.200534883180172 -0.00788136057532274 0.173034719329891 -0.00788136527741123 -0.00788135463561357 -0.00788136842638121 -0.00788136098693393 0.187239327388949 -0.00788136576675402 0.211649476546136 0.209999752054985 -0.00788135540427604 0.149260567882248 0.0743515301422963 -0.00788136992732991 -0.0503966066883184 0.0186493553641451 -0.00788136594993105 -0.00788136080640811 -0.00788136464626366 -0.00788135154853986 -0.00788136174437071 -0.00788136432431230 -0.00788136101484316 -0.00788135936617440 -0.00788136694302821 -0.00788135925168287 -0.612558301820886 -0.00788136619886792 -0.00788135492620690 -0.00788136495632763 -0.00788135875831930 -0.00788135932334288 -0.258246251325034 -0.00788136730236211 -0.234634936256146 -0.00788135896167041 -0.00788135885927410 -0.00788136013219187 -0.00788136104611059 -0.00788137111166343 -0.00788136540140627 -0.00788136344371626 -0.00788135643742205 -0.00788136800227246 -0.00788136230390535 -0.00788135891963027 -0.00788136128715600 -0.00788136862022171 -0.00788136505378922 -0.00788136398919548 -0.00788136277405105 -0.00788136693903407 -0.00788135789182931
# FDY_5_3:
 0.0703090778443648 0.0601529381662234 -0.0354346395740518 0.0101274510492511 -0.0286153611630597 -0.0399105901384250 -0.0575853037452791 -0.0556652190928054 -0.0440592207611567 0.0536613684976955 0.0641406210592664 0.142450502569507 0.122964562498125 0.181087030514646 0.201765212526683 0.247858498338217 0.221785691084635 0.224853747823453 0.310902894151789 0.323129714333404 0.0293769943593115 -0.207042206774579 0.0293769881135174 0.0293769974798864 0.0293769865761116 0.0293769902129589 -0.00780760587171328 -0.0519621226913304 0.188038247290014 0.368015911519217 0.450693652878917 -0.245094404262597 -0.380229171358969 -0.00323729367498418 0.168625056807406 0.141627771704736 0.123053761519729 0.105010587572486 0.165885147102004 0.177908586612616 0.114262611568258 0.188785338402969 0.310954816085528 -0.0160448629354039 -0.0219237761663517 -0.210891153826957 -0.0429033552051718 -0.0799121286848984 -0.171984624229513 -0.233366698533780 -0.302025224122099 -0.427997968028553 -0.574110282374711 -0.780547901726110 -0.866584641320422
# FDY_5_4:
 0.000574107433364966 -0.0481038043724335 -0.0163101681278828 0.000574106123816940 0.000574102213331671 0.000574135765416337 0.000574113913541361 0.000574058520883789 0.000574079838466155 0.000574118311143643 0.000574097556701034 0.000574099502901568 0.000574115899641534 0.139819947004440 0.000574130150860406 0.235192550389030 0.000574130383239855 0.246967041151023 0.000574178359103137 0.400289801305148 -0.137729757429235 -0.270367722889305 0.0130893453523389 0.0830342735744865 0.152215157302919 0.259317688328236 -0.0638989564971293 -0.0529298906300111 0.352105052792434 0.529573466440174 0.814261129129867 -0.226939499641243 -0.379771305968202 0.145921809580386 0.277573655785296 0.226575285758579 0.157486128548271 0.192581287848572 0.219724588210173 0.219670025091451 0.179105379194988 0.173927233076609 0.320206948499174 -0.0391434130862211 -0.0570906943423199 -0.121544535279004 -0.120043686979103 -0.197823933735263 -0.232633540169867 -0.297550591230505 -0.351776043740485 -0.456243943721961 -0.564803317299188 -0.803060204989751 -0.908910358206897
# FDY_6_1:
 0.0256841340876855 0.0256841570621141 0.0256841388524563 0.0256841293808515 0.0256841273201985 0.0256841379058100 0.941960900005749 1.02659059676980 0.0256841168286326 1.20139913617954 0.0256841299639264 1.05090895323346 0.0256841231979386 0.0256841273720264 0.0256841222423821 0.576772192704030 0.456879163869358 0.0256841294814270 0.0256841312543715 0.204221966105869 0.0256840957440941 0.0256841285460650 0.0256841525139611 0.0256841652589289 0.176809442219869 -0.0407951272553055 -0.207389853824146 -0.235127870028311 -0.280262201970445 -0.372816979785705 -0.523167556663804 0.0256841282934635 0.0256841408364613 0.0256841241040494 0.0256841333800977 -0.0251150068888219 -0.0187614715337880 0.0256841171890741 0.0256841412494687 -0.138170329828536 -0.215981617202673 -0.254213331127600 -0.265034340690032 -0.311318774255519 -0.212075891901109 0.0256841244039508 -0.176147439877864 -0.214150437633133 -0.237405500369411 -0.280079245498385 -0.338190681487892 -0.427265764802739 -0.484326424707692 -0.520643178668033 -0.473522481556175
# FDY_6_2:
 0.871140736843433 0.729976855635599 0.815692400166947 0.789489339274089 0.733908097332562 0.850958829479486 0.946311571608772 1.05400483140687 1.09271737891979 1.16456945128126 1.00795871382927 0.994867853254368 0.861234589455316 0.695953861626184 0.503059472544596 0.336296100986492 0.235244186301122 0.213481965609819 0.150809387068160 0.00342051920298939 -0.102850477572843 0.0455692002380782 0.185513679230137 0.227352294372241 -0.0691101512608120 -0.323191601803025 -0.455528915372230 -0.437659489159566 -0.567584317724427 -0.654469986718132 -0.753781442402198 -0.888345440535067 -0.728871585119699 -0.366432403808850 -0.269670105041537 -0.256716949234616 -0.270121007876167 -0.291515700957949 -0.315099727231689 -0.369568056784434 -0.453856602062913 -0.500293450037159 -0.455734419884189 -0.527777133353314 -0.407663555943562 -0.348963145286408 -0.374902968999193 -0.413486547238317 -0.429844605057068 -0.463014865579222 -0.517278481793070 -0.600751116167012 -0.639886954385541 -0.658071486408137 -0.597488624869244
# FDY_6_3:
 0.558065441557177 0.574164429265822 0.844604276166938 0.835377481895396 0.869871384248330 0.905514880217234 0.898816549100710 0.969596978672546 0.997698224415861 1.15413709571953 1.04530281847028 0.915878560407884 0.624621349295848 0.543690829659903 0.408556696544213 0.314772400769313 0.255473213173853 0.186422549316048 0.0648923442985557 -0.0644846714586912 -0.00929305222065993 0.141638023233854 0.161374562838041 0.0468947794481854 -0.223129176257948 -0.426902340294206 -0.516800170386583 -0.507440389414649 -0.621689736993447 -0.657986059802606 -0.771833169324649 -0.670194637276124 -0.454069527367600 -0.256644990181876 -0.188410648453176 -0.156611260321829 -0.168404866596187 -0.204665808827878 -0.248230088922079 -0.335848518256869 -0.403521205718733 -0.424698944052895 -0.404694523304601 -0.430721829884082 -0.371897402743003 -0.381297954464732 -0.417116626248715 -0.425857402371407 -0.438813918720384 -0.454674469358107 -0.497788187657597 -0.556815732108800 -0.588335576736321 -0.555112926572999 -0.483379056416087
# FDY_6_4:
 0.836491200232494 0.824239349131508 0.718150819513692 0.820654402099299 0.868104180146731 0.921412836186797 1.03066607975577 1.13434067774507 1.19293733898393 1.12117807486305 1.02674051521047 0.940761389445911 0.735464967446403 0.543820002328970 0.393650673289127 0.245428465294470 0.229438691098331 0.162825793810945 -0.00332183699661812 -0.0680892707000635 -0.131559765847094 0.235513669686427 0.158846168341755 -0.107747871528099 -0.544214843696599 -0.561008607595736 -0.503691783670959 -0.502296882163428 -0.642783258205616 -0.714962808620949 -0.942543793501645 -0.614310404804825 -0.294874345339361 -0.236460581280960 -0.170552006241493 -0.160500100303768 -0.175710879143191 -0.204769065150612 -0.259151719239715 -0.338505795854677 -0.401782877682769 -0.456995301408859 -0.425426020943943 -0.430877322113440 -0.376702308842700 -0.384599393449961 -0.448145944075098 -0.451260044207715 -0.467464484232308 -0.452015928221844 -0.511740686603744 -0.573813598814106 -0.602055477613281 -0.532015077037950 -0.448715209478034
# FDY_7_1:
 -0.261763230937369 -0.308072424815490 -0.302945515634277 -0.292924833764111 -0.293058557015220 -0.300438727146185 -0.318508072541474 -0.246638073831225 -0.159336319357576 -0.0786466786316080 0.0417187119676929 0.0914352567413521 0.253723534733439 0.189776989303357 0.0672933469878518 0.0616692685483524 0.0988703048599129 0.0441648897546087 0.0186150519185213 -0.119759621489028 -0.0988493752474648 0.0847280361411709 0.206599965327494 0.231161664589119 0.0610014809936536 0.00564608649240461 0.158785669618808 0.466319117438144 0.454368571850763 0.0526222315389047 0.500462976189379 0.521020093042470 0.523237278249311 0.485612804675500 0.821711823149173 0.940651707814329 0.736289723221278 0.654846475226252 0.965825706000203 0.895128323762572 0.676539532852414 0.408110247780427 0.838606429132624 0.403753567040742 -0.256044394803856 -0.476075494299857 -0.626047027593342 -0.667790922440268 -0.742209244831194 -0.784245614151712 -0.891716436033201 -1.04406675642632 -1.16396755652149 -1.25419576577593 -1.27299622365403
# FDY_7_2:
 0.100239644929449 0.0605209701859251 0.0596662598430354 0.0360734009040614 0.0187475202062244 -0.00805471774639671 -0.00298128008337501 0.0376799642590807 0.0691207885153483 0.164086207575891 0.197786332660513 0.237560843795477 0.184402973651954 0.150978365069381 0.204966029998508 0.206354484586345 0.231746573274442 0.238431714118243 0.133131797755977 0.0930407732552106 0.164849101895313 0.160897833502529 0.153424697867780 -0.0820140782612594 -0.170960857873506 -0.0394055453159898 0.0103440107811246 0.0135941568318974 -0.0221976642946362 -0.0120633037429562 0.107191249601194 0.188249782499293 0.116984743810737 0.165045024479646 0.366970373330505 0.365315101606943 0.303822271290700 0.273204934832161 0.360901909400775 0.325602174813697 0.205372540611355 0.176888056793854 0.442762688449212 0.0247075129455266 -0.192953896196675 -0.317361446080716 -0.367164965011916 -0.398782893027190 -0.424315065125449 -0.485198098861374 -0.566509258669645 -0.674194530198760 -0.782393662263869 -0.869592666883152 -0.934518880292439
# FDY_7_3:
 -0.185698965930812 -0.211318877523521 -0.190813670649650 -0.214245598926136 -0.230867871308519 -0.263624928166213 -0.228125264089017 -0.168949405481401 -0.0815730853143203 0.0626742456195245 0.0916316534344194 0.207028393145590 0.114803240942363 0.0695557973861870 0.0403074624548697 0.127988586690000 0.0951263949326527 0.0166439718255405 -0.100935855361985 -0.127740022095971 0.0127093082615722 0.175468173907259 0.0853300553744777 0.0388246734367093 -0.0632933845128779 0.0336631271347837 0.338013887691604 0.302763558526435 -0.0705711233124437 0.0732281913495759 0.189613948953181 0.399122404127836 0.271624310678743 0.460005291263286 0.825777137031896 0.793392300820129 0.757103586914955 1.03115168202036 1.29950477472847 1.02883059171433 0.694943608037256 0.539450384646860 0.938737047782909 -0.0937777607560945 -0.349072207757821 -0.570246057668695 -0.637628209603805 -0.673261889270160 -0.690879469354017 -0.748936011298568 -0.862711556329644 -0.995168344779699 -1.10078662204969 -1.12363127952758 -1.13116032976514
# FDY_7_4:
 -0.364186375642871 -0.362159617550707 -0.322564437783610 -0.345231364113395 -0.353190494981187 -0.406462558287011 -0.351010635498432 -0.277601539760185 -0.202373569896619 -0.0164543449665288 0.0322158184152012 0.236496061898460 0.106436940370139 -0.0247160850219111 -0.0687027899246476 0.0142494197011381 -0.0260352166105032 -0.0132839658255374 -0.185216482148873 -0.169749695305149 0.0212283498754883 0.222359577498086 0.218950003302973 0.130079570575935 -0.0390273638815116 0.103616748577699 0.461074622800532 0.633005106171754 0.0403099384224025 0.494313479687137 0.480469690405322 0.760990493214914 0.587814702351868 0.972673927341287 1.17664169417352 1.01181782720287 0.936631781889934 1.69910680009619 1.71415210009719 1.29529381980093 0.762457602534945 0.408968078866406 0.721863911291122 -0.345067648300552 -0.605576211463804 -0.794952925111628 -0.884033450868457 -0.887851660171901 -0.921431211494670 -0.986085264726501 -1.07658585800728 -1.20714954489533 -1.31018963169819 -1.34742724995226 -1.34890087267419
