# Number of parameters = 1827 Objective function value = 29245.8681245330  Maximum gradient component = 0.00223457713200814
# lnR0:
 13.7316306908570 11.6243764527234
# selpar:
 0.490230621823725 -1.35393243921057 -2.99111477928288
 0.929141658158306 -1.30754803230410 -2.85601882677076
 -0.830584733771755 -2.29257507617773 -0.967449012962537
 1.05300411437813 -1.21179381418218 0.375138658353130
 1.60570290116246 -1.00491787612897 -3.43227485599855
 -0.0391086441490627 -1.70169324543469 1.42791405949893
 0.999144451590084 -1.80949011787377 -2.99698521935764
 0.984520031036191 -1.39944652265977 -2.65327053148516
 0.253296631069590 -1.59234704332912 0.404377353699589
 1.32753446240185 -0.881770618290204 -2.00941372824470
 -0.177158545065144 -2.58433599912757 -0.482374509090410
 1.04728558219020 -1.38337938509607 -2.60260006231495
 0.597759927489219 -2.03557911706765 -2.51714388912601
 -1.11568148347460 -0.739398801204690
 0.878325893901244 -1.70297629912683 -1.45614705898315
 -0.220146347632943 -2.18394462722664 -1.20693973087672
 0.955833752447920 -1.27125228804636 -2.88616082799492
 0.661152929433277 -1.64424059247184 -1.76691180833791
# movest_p1_a1:
 -0.0630144502891863 -0.949816150400794 2.37189531494049 1.49794598784811 -1.06248887454578
 -0.845592333292827 -1.64197600259133 1.20815943770785 2.56284508989247 2.87051315983701
 -0.458011362594284 1.62390797561803 0.413406856089445 -4.98765143313465 2.93841657205759
 -5.94469881398351 -1.74831336001480 -7.90764638971295 -2.69381661886612 -7.92179252036948
# movest_p2_a1:
 1.17175585302346 -0.000215637233344168 -0.0992406810078519 -0.0532623445600562 -0.0637781803377511
 -3.46788083531039 -3.79687193711800 -6.36537104585780 -1.63105098593877 -0.536526130088979
 -2.23011779298934 -0.651042833001804 -0.236940860830817 -3.22439770751873 -0.669789599669737
 1.97129738445541 -0.153166955546649 -0.0148261014648234 -1.24339021315148 0.0478830624126889
# movest_p1_a2:
 1.27286033558658 -3.85322394009372 1.22590989634351 -0.317686985888350 0.246164308188787
 -5.73454324776988 -7.99999991823699 -6.89038800673383 -4.89518073703278 -2.65059077165917
 2.18096978091286 -0.277116828713619 6.86371563879645 0.559833210609087 3.96102499252250
 -0.363708757090367 -7.04419318017584 5.31832317311582 0.0266127175570574 -0.112980366496522
# movest_p2_a2:
 3.28319413770549 -3.54805219921265 -4.00420303097583 -4.61566673919640 -4.47352275853968
 2.75037420482940 2.55838800482402 0.785540400614549 -5.35012651223122 -4.75114517879660
 -0.576387770517599 -4.86840606943820 -4.25558196326909 -4.89217885635673 -3.78077863392970
 6.18604511492970 -0.545419920593614 -0.204979317828500 2.38120882927380 -3.10136101729853
# movest_p1_a3:
 -1.24362991339447 -1.87791896651829 1.75554025666817 -0.327336428008172 -0.972438915834465
 1.16748887549717 -0.122447678034417 5.54509136703896 -2.20506040162600 -2.46213217555522
 -0.290879181901287 2.20472661326854 -1.52927600664498 5.13004016468978 -1.07398325088806
 3.78604093741748 0.975588608275594 -2.93450365934310 3.61521026823970 -7.99999997018123
# movest_p2_a3:
 -4.45328812711562 -3.54903822946031 -2.89150630537608 -3.88884803583553 -3.78442118961182
 -4.44580864323699 -7.99999992240506 -7.36865823611237 -2.99725221387715 -2.86544184033444
 3.38020705236967 6.88629047222020 -0.345780146423815 3.98993715225096 0.0409168108136022
 -2.12355004308003 2.23162345068494 -2.77061842042326 -2.10324812899261 -2.57744109775736
# lnqE:
 -4.16378194525864 -2.60946051627135 -2.07840429946078 -3.36040793240907 -1.23774823940552 -1.48292874513368 -1.59948535163055 -0.210749413427610 -4.10642266407713 -2.36308489227704 -3.55881124665279 -2.77929590531214 -2.30596868414514 -1.16978517926209 -2.01484637527371 -3.24044931116158 -3.71951144707921 -2.42337300314976
# Fmod:
 1.77849512852570 0.890309301501334 9.12776894385863e-008 -2.65486599370582 0.790434036773432 -0.651768328993532 0.867418204988713 1.71741895835949 1.19513713217079 1.88994828993166e-008 -1.95222397995279 0.205796313054288 -1.42030890923727 0.730340140090936 1.47886615002257 0.380632002222177 -1.41531407706992 -2.03446526940497 -2.03772793286915 -1.06115905301647 0.772230690112155 1.74034726562992 0.673417927659067 2.39137876284307 -2.63491895633951 -0.354252272173875 -0.101898252568587 0.706680901201073
# visc:
 1.68107515176790 1.76461551595710 1.83449924787063 2.31140842791154
 0.371123611963565 -0.454775412342590 0.109145851126039 -2.99999967061145
# lnRD1:
 -0.990449345089894 -0.799503435875192 -0.430493807406224 -0.615834892347453 -0.378510436547720 -0.409310173710939 -0.341189370858597 -0.209384246909441 -0.320543165413675 0.00934195496734077 0.330793716710947 0.359693099474289 0.407081975406562 0.375285976099794 0.517916616682337 0.589815859487434 0.340385503423415 0.580754838062464 0.256110155117366 0.680796845713793 0.0216754015377156 0.588555528444072 0.283167971984900 1.36744480710290 -0.0217254422816587 -0.596748746943225 -0.777317207969539 -0.817809978861777
# lnRD2:
 0.921455872249854 -0.549584215268875 0.898774486801888 -0.307060981784839 -0.0827678574567918 -0.780265825517782 -0.608091553512662 -0.499159183952394 -0.489220064853702 -0.281719005766782 -0.284972284776638 -0.355183410557037 -0.167882216706323 0.294157178026115 0.585257959285055 -0.471887936935282 0.311367542851759 0.822775976161511 0.274325183721608 0.981571486490975 -0.348149517008076 0.902175489361783 -0.211876711581404 -0.531705236936829 0.433690798939901 0.567639966379313 -0.473205386606146 -0.550460551048199
# lnRD3:
 0.00000000000000
# lnRD4:
 0.00000000000000
# FDY_1_1:
 -0.0323362535536174 -0.0323362899501610 -0.0323363406072466 -0.0323361853781939 -0.0323361394659173 -0.0323362470194656 -0.0323362730746653 -0.575311900497774 -0.611986361883038 -0.637628116687671 -0.735601159734765 -0.705424351572415 -0.612471329311569 -0.586013006930468 -0.542217036252942 -0.386741054578361 -0.328129331686313 -0.281659310092335 -0.301022699562907 -0.284034215137646 -0.269364124871564 -0.217659557928542 -0.189052537036218 -0.168303754206616 -0.119523817105598 -0.0103362080786574 0.0298120872487392 0.117465183031900 0.169194125763658 0.268110725386823 0.320819982005051 0.400856657396012 0.451352320561750 0.469242947075699 0.520622903298885 0.522345093274163 0.493827646912926 0.412823294337273 0.318141462269495 0.365871863432357 0.447961532852796 0.455191285666470 0.504085476918653 0.425215251499677 0.345755017292859 0.341874101179563 0.358962036044217 0.225691070199598 0.111058751190404 0.119610906241363 0.127284741654660 -0.0108878526158870 -0.153384920192760 -0.185225354505644 -0.184844733216034
# FDY_1_2:
 -0.0312257809050366 -0.373486360044975 -0.0312260410186561 -0.405734439254941 -0.432742930141205 -0.452546572437181 -0.0312255347580387 -0.453655012674317 -0.489538511237320 -0.506489042542129 -0.600295781174293 -0.553007826226799 -0.434221063654341 -0.394994178333248 -0.384928796467570 -0.275117419245703 -0.147500418121269 -0.203395740327875 -0.224854954474486 -0.204031895767515 -0.159557382214543 -0.139802084347630 -0.106010280522815 -0.0761719788659042 -0.0502818558773298 0.0456048071744954 0.103947037055054 0.183073577593967 0.199670336441097 0.278066580755354 0.314107038953663 0.390524806135910 0.427921769545835 0.442018615628564 0.532354994550141 0.497146910198826 0.419208602673730 0.335665663000798 0.244413213899942 0.319292523326786 0.412091562707032 0.416559852583976 0.429791385871444 0.376753485689658 0.315214242482978 0.307667487846723 0.300533913100894 0.182776879037624 0.0863927200662814 0.106074300910113 0.124691304746530 -0.0267035271693209 -0.193945325206484 -0.205640278900986 -0.203232600065507
# FDY_1_3:
 -0.0268884004782034 -0.0268884037729608 -0.0268884623440501 -0.0268885153189208 -0.0268885500535147 -0.0268883949080315 -0.0268884001984485 -0.0268885483804361 -0.419019261630400 -0.397831530581226 -0.373152674846580 -0.350111891933792 -0.256523689213832 -0.217306262415671 -0.188683343694985 -0.117049539047513 -0.00236151374429419 -0.0755970351099279 -0.104829599502822 -0.0904968071800679 -0.0532514788592898 -0.0244453620041559 -0.0147393837299340 -0.00545308000790481 0.0162322881534692 0.0966551935405318 -0.0268884613459729 -0.0268884593509075 0.192391372878420 0.216543093780938 0.191443902808084 -0.0268884568014091 0.256674169011235 -0.0268884537253177 -0.0268884622556151 0.406835523158887 0.232976337464051 0.155826679525354 0.0449471106652709 0.121723679597095 0.235414024300722 0.166950229371057 0.126298881932093 0.236841184582248 0.313857402167883 -0.0268885502397932 0.117307409254947 -0.0268885515105341 0.170133747953309 0.175620205439025 0.184069597932119 0.0217650228972227 -0.182456678289774 -0.200200041288572 -0.203670812649105
# FDY_1_4:
 -0.0316425887863706 -0.0316424579659512 -0.0316424297030597 -0.0316429583346044 -0.0316427541454135 -0.0316427391565856 -0.0316426694989370 -0.0316423274261483 -0.581879920320025 -0.671213630981389 -0.0316430268002651 -0.598196880429729 -0.553047298297532 -0.541668767905895 -0.449877958721738 -0.343037055760493 -0.192013157190761 -0.284447073167798 -0.254366293287256 -0.244691620436275 -0.213177838981849 -0.163483689108652 -0.146925510704311 -0.131905419593169 -0.0833543497070039 0.0149770537691588 0.0601932499071819 0.154956910647379 0.197634183788273 0.323117004776166 -0.0316426457624798 0.411303826104863 0.405821381701781 0.460405362378466 0.605572597957993 0.429168439001493 0.365545218423493 0.350146496942446 0.340657656021713 0.391590556224608 0.363017555979483 0.408990171206474 0.289619333000973 0.200329775264198 0.232632792177279 0.225602943701179 0.154519994828381 0.0674690132697194 0.0618646943313904 0.0821543740673717 -0.0468480250547724 -0.175466275441902 -0.212599558179417 -0.185810191630862 -0.206853472990816
# FDY_2_1:
 0.204002475575502 0.134789789700372 0.146171434074835 0.118463091178983 0.0664116121200751 0.0195625384122273 0.00411614451389573 -0.00343691978230255 -0.0462042210047535 -0.0792101027444119 -0.00590719567944921 0.0695927973451864 0.151723535714213 0.200066151610178 0.248199550237471 0.315809766391427 0.430520768396519 0.332563126318144 0.231574979431229 0.182413837485464 0.157284388714120 0.0904341484329558 0.0708390522099647 0.0318043589817405 0.0147043895823300 -0.0727176745588567 0.0846989999294836 0.0425593016052001 -0.00892226569687794 -0.0893315612287671 -0.176357508059905 -0.198006541344433 -0.219783923123678 -0.214205996374934 -0.165705833907830 -0.128231526052956 -0.120824967022813 -0.145691970173643 -0.169026613780392 -0.236372798582901 -0.283008389130191 -0.238026535292526 -0.162306444576104 -0.154530288946334 -0.121690247748277 -0.0151933378134368 0.0625731298658589 0.0181812781061898 0.00506156471957285 0.0876630286439957 0.105167463302568 -0.0273914729091622 -0.133235321215821 -0.157700451176046 -0.253932594672899
# FDY_2_2:
 0.146921613205280 0.111758550626443 0.0955310730527785 0.0520035065880038 -0.00978129702302399 -0.0589445696874813 -0.0871674546470966 -0.0944330301990071 -0.139894628350705 -0.408668402974913 0.0150096575931411 0.0964373920537771 0.258167290921001 0.311249114325098 0.362023555136052 0.421402054071648 0.530803310107373 0.392333800319806 0.292824986421124 0.236214764106279 0.217395989079537 0.120560964549429 0.0816732692167872 0.0329210743967707 -0.0181212985654910 -0.0369439232939122 0.0422712645302188 0.0739673885947163 -0.0106439000903185 -0.0720905959720441 -0.194101581896858 -0.204705476517645 -0.209357777761735 -0.189417665739430 -0.116108606527152 -0.0736817747128462 -0.0894786102287248 -0.150880832762828 -0.192391665454906 -0.280018801881723 -0.346373609876753 -0.302678389916990 -0.258553415141518 -0.307013935825766 -0.188956481787810 -0.0435647416729619 0.0484729983800636 0.0166101338267783 0.0211087434697730 0.126850697400396 0.172235595253099 0.0389285336368046 -0.0770482706919482 -0.0775467004851664 -0.0771098811754267
# FDY_2_3:
 -0.130633380692107 -0.190302619824833 -0.165612717521537 -0.236482864474281 -0.287883277279244 -0.318343465660034 -0.313221083760341 -0.310508457124149 -0.344112038535213 -0.435930018313102 -0.237616984842940 -0.157796759086706 -0.0251775875189740 0.0445330760308639 0.124792798375482 0.238408801871109 0.386408854974338 0.311540602308730 0.252633232064477 0.210441670018398 0.207010418385611 0.126581584075249 0.0994569674441409 0.0936324429883452 0.0570845207000953 0.118987342367566 0.142659794788445 0.202300415792330 0.139791364850860 0.0972441652820654 -0.00828082858286002 -0.0189201073351234 -0.0195988878438634 0.000345474555996684 0.0686749560786365 0.118200093595045 0.106006060553210 0.0642984929068781 0.0135123296883199 -0.125175475677832 -0.170870423044198 -0.153488073539785 -0.226624851038312 -0.210746503879642 -0.0825170064522850 0.0511758343954335 0.150489046674652 0.101633088399345 0.0781464380640743 0.192617442129320 0.243821811504396 0.117941599608929 0.0120074811892713 0.00345362726187674 -0.00598841689612669
# FDY_2_4:
 0.220095501978965 0.218186986004352 0.161745426795144 0.113049505886651 0.0591602686004820 0.0436500484623983 0.0555460675404922 -0.0153144860626850 -0.135044669154418 -0.0710067008818382 0.0703758575214109 0.0693921922290220 0.147557603077478 0.194287159404124 0.250737242639427 0.275809728973326 0.373240925596429 0.254364311451058 0.212999516030412 0.169604479127346 0.145237114075033 -0.0659240959294489 -0.0234858638483774 0.0168541416880841 0.0641628086666970 0.110365391951231 0.0888673522386132 0.0507326602451095 -0.0743949935468648 -0.137885705306087 -0.174343278957177 -0.154779920923886 -0.180565038437771 -0.149877994095143 -0.0863799786113463 -0.0375655617681169 -0.0819675010325793 -0.116756677392518 -0.197912872903866 -0.239983224700846 -0.215220360668197 -0.179781971188389 -0.180797941242839 -0.125028009145456 -0.0255954737282973 0.0116158759884340 -0.0180147328732196 -0.0551942980703870 0.0568856981967836 0.130555138595790 0.0127585694382557 -0.0995775405064189 -0.134934574417432 -0.154891637273766 -0.445612469735180
# FDY_3_1:
 0.00000000000000 0.00000000000000 0.00000000000000 0.00000000000000 0.00000000000000 0.00000000000000 0.00000000000000 0.00000000000000 0.00000000000000 0.00000000000000 0.00000000000000 0.00000000000000 0.00000000000000 0.00000000000000 0.00000000000000 0.00000000000000 0.00000000000000 0.00000000000000 0.00000000000000 0.00000000000000 0.00000000000000 0.00000000000000 0.00000000000000 0.00000000000000 0.00000000000000 0.00000000000000 0.00000000000000 0.00000000000000 0.00000000000000 0.00000000000000 0.00000000000000 0.00000000000000 0.00000000000000 0.00000000000000 0.00000000000000 0.00000000000000 0.00000000000000 0.00000000000000 0.00000000000000 0.00000000000000 0.00000000000000 0.00000000000000 0.00000000000000 0.00000000000000 0.00000000000000 0.00000000000000 0.00000000000000 0.00000000000000 0.00000000000000 0.00000000000000 0.00000000000000 0.00000000000000 0.00000000000000 0.00000000000000 0.00000000000000
# FDY_3_2:
 0.00000000000000 0.00000000000000 0.00000000000000 0.00000000000000 0.00000000000000 0.00000000000000 0.00000000000000 0.00000000000000 0.00000000000000 0.00000000000000 0.00000000000000 0.00000000000000 0.00000000000000 0.00000000000000 0.00000000000000 0.00000000000000 0.00000000000000 0.00000000000000 0.00000000000000 0.00000000000000 0.00000000000000 0.00000000000000 0.00000000000000 0.00000000000000 0.00000000000000 0.00000000000000 0.00000000000000 0.00000000000000 0.00000000000000 0.00000000000000 0.00000000000000 0.00000000000000 0.00000000000000 0.00000000000000 0.00000000000000 0.00000000000000 0.00000000000000 0.00000000000000 0.00000000000000 0.00000000000000 0.00000000000000 0.00000000000000 0.00000000000000 0.00000000000000 0.00000000000000 0.00000000000000 0.00000000000000 0.00000000000000 0.00000000000000 0.00000000000000 0.00000000000000 0.00000000000000 0.00000000000000 0.00000000000000 0.00000000000000
# FDY_3_3:
 -0.470411395712934 -0.535950695408329 -0.545237091250978 -0.576717657988281 -0.600261848350919 -0.620741740420929 -0.606760964975561 -0.616732996410150 -0.643107143118952 -0.742137857503724 -0.662318458845247 -0.618490342632775 -0.581846586975002 -0.518700418725360 -0.398972892168177 -0.326545875942119 -0.189731967782051 -0.159526653291641 -0.111949408773461 -0.0734409231354900 -0.0451815025188167 -0.0313238778819476 -0.0332943502890389 -0.0238046454437435 -0.0135710677472889 0.107891907072724 0.164428087845072 0.239893913285870 0.285956894916087 0.367926276382591 0.406929398821924 0.512820459642553 0.532181450647746 0.538040518699753 0.586358775436313 0.590338802296932 0.530296400761310 0.404399757913931 0.492138255631199 0.522056523326110 0.428851550223358 0.434392740797763 0.449808681484414 0.324515238825195 0.330679819677430 0.359695528508078 0.274907940997972 0.169461143575293 0.246588040507073 0.291828261527913 0.131013059964155 0.0198167713625614 0.0194298474428698 0.0368833211627026 -0.0527710054439754
# FDY_3_4:
 -0.425242130056956 -0.474682275510112 -0.496130564937270 -0.523262692194500 -0.539814322633860 -0.528020429781301 -0.519790398150433 -0.542153882095072 -0.566571312090432 -0.625070033272594 -0.591535479973460 -0.498760357165965 -0.469757259236741 -0.461012835293507 -0.346389060700337 -0.251942183213574 -0.105933556924589 -0.161997722070805 -0.150343099537439 -0.154887453921567 -0.138098185004295 -0.139739419018462 -0.138944426585272 -0.0894571012001535 -0.0373936986037169 0.00877029401173067 0.107537047997537 0.153852377846577 0.255716017309648 0.260138652742308 0.433912815012961 0.441764140787721 0.485706556801995 0.483091129879235 0.580828342323562 0.652481641838130 0.552506513039225 -0.0434795234133576 -0.0434796106745408 0.554893993307586 0.546678709817293 0.639292019374533 0.544195470430682 0.488572554975757 0.474011515560141 0.510658146988607 0.278651922962955 0.166758256825830 0.213340720527842 0.273289835129916 0.125078105006834 -0.0282441415274013 -0.0416847520413164 -0.00877209564390393 -0.0891367780256767
# FDY_4_1:
 -0.205338086663684 -0.266867656807126 -0.315767359467952 -0.383536395774263 -0.426192126197963 -0.468173449809868 -0.472810304404362 -0.478417944095559 -0.461485620715053 -0.439900363515091 -0.465645806537268 -0.470401586015770 -0.487950275930699 -0.460702275990632 -0.412073331502532 -0.351030363746022 -0.291649851007419 -0.236561659475721 -0.211598995729479 -0.195981614376032 -0.216666544874547 -0.217955596828214 -0.219707695398982 -0.195937040882282 -0.197058588323691 -0.147649501712223 -0.0852468531131399 -0.0249448682442770 0.0154382391622709 0.0888556212943428 0.0880549261396384 0.149423920392171 0.153797787696067 0.209026569869862 0.254463420528501 0.283893556559111 0.277213556540782 0.259231868202837 0.240095480587470 0.213889252557611 0.190978247049958 0.188945405837792 0.250251417838725 0.275696907661162 0.381099518091799 0.464995237164953 0.545817720961488 0.620595585209720 0.661067652346479 0.653420035556109 0.608934845564487 0.541067908277754 0.468831179297508 0.393723812569456 0.328442084181799
# FDY_4_2:
 -0.248863172697322 -0.297659805260525 -0.349338026039910 -0.422628135926583 -0.461536834795139 -0.500761591451810 -0.501473496924780 -0.496322750032073 -0.489788112195564 -0.473239996979659 -0.483118888716851 -0.480976066728540 -0.487383614820533 -0.450554245663075 -0.396879834836534 -0.328307326444314 -0.264465436654351 -0.202144376677011 -0.183703243728522 -0.168550368898781 -0.188527827514720 -0.187291302446700 -0.187205558749399 -0.174195989811593 -0.176696795076213 -0.127821950442519 -0.0425716603572194 0.0232704701786648 0.0620618674768714 0.133318314513526 0.126118385627686 0.176709778484000 0.175499986334140 0.221843093286411 0.266548672318297 0.283205672491293 0.288263866782247 0.272846871267115 0.255010405470023 0.212139687609248 0.182569195653976 0.184939097697239 0.211940992169058 0.226344093272622 0.261656925527397 0.457229158400000 0.538296033018210 0.607645450922873 0.632122802473989 0.636524009671231 0.608687630046325 0.540283177860807 0.467097409489294 0.389778387178978 0.330054974648719
# FDY_4_3:
 -0.243696171964896 -0.299961152559432 -0.345144227542885 -0.414712372308201 -0.454047122400204 -0.495109788418881 -0.502405658560405 -0.493550537306484 -0.481204906941631 -0.457035411857339 -0.458321621239114 -0.455923842306338 -0.461235183433698 -0.429793319829725 -0.381562001596860 -0.304893524118315 -0.239626998879498 -0.179204371856267 -0.161806555799403 -0.149765872238550 -0.163343372824435 -0.181632380699927 -0.185125485925491 -0.165962000210034 -0.172543389758881 -0.132569291197241 -0.0685719321756651 -0.0164367888181679 0.0194591967657497 0.0958773888967483 0.0972824778680996 0.157458651324212 0.169804005401247 0.216639735012195 0.279366970738723 0.296697902943746 0.306114309065292 0.282747981968817 0.261070129464116 0.228779611567323 0.199506699003115 0.221248354115216 0.297018517055090 0.281496561462115 0.355090016758520 0.432791341444270 0.515361066827960 0.574967606779031 0.586525670070849 0.597702855549880 0.545847520884625 0.466590473479943 0.398198756172079 0.320852951661166 0.290688530487839
# FDY_4_4:
 -0.233575644257952 -0.293867495260906 -0.338070321429003 -0.411312536067110 -0.442781856593551 -0.485359366914921 -0.493355289378055 -0.486641291713923 -0.467616929924820 -0.446715629103627 -0.449088503659192 -0.448251888657686 -0.452865459035197 -0.419853361999420 -0.370726246845436 -0.308094218493193 -0.243345752324431 -0.180508881726203 -0.166254078302444 -0.156020110657648 -0.174729044588900 -0.184989124246003 -0.195569503155815 -0.166748571650569 -0.187076609560336 -0.131832174317593 -0.0734363377036621 -0.0193165324996218 0.0187911617610682 0.0895674517998553 0.0890826097923248 0.150572591001543 0.160926990646275 0.209749426898539 0.269168885688260 0.302935329362447 0.306553282540782 0.272126900525026 0.256805203289618 0.231805903608177 0.211875034508348 0.217988038520695 0.290643759498000 0.278244683833725 0.361447654646927 0.435942965479657 0.512048446490102 0.567610065507904 0.601913539024721 0.581363627518641 0.539755982208057 0.480220895144454 0.400192078152289 0.310792696542413 0.279877556077368
# FDY_5_1:
 -0.0143714752152518 -0.0143714585012297 -0.0143715495501030 -0.0143714974095223 -0.0143715153018756 -0.0143715094451294 -0.0143714810250791 -0.0143715086740192 -0.634478040003633 -0.0143715087669706 -0.0143715642673065 -0.0143714129875391 -0.0143715483086436 -0.0143715948596129 -0.0143715378382795 -0.0143715916244870 0.0501396316871449 -0.0143716298044919 -0.0143715234319172 -0.0143715605825819 -0.0143714915780119 -0.0721755766055133 -0.0950123708304896 -0.167277891173709 -0.198845739553302 -0.121126745259645 -0.0275498499345456 -0.0187721035247473 -0.0435975764391890 -0.110100409900235 -0.163395019746520 -0.0143714404588887 -0.0143714752908802 -0.0143714948791037 0.148008638143183 0.252219734997825 0.342799283294694 0.212524519688315 -0.0143714858102434 -0.0143714149662585 0.0606015225867659 -0.0143714595888441 0.259383935815413 0.243415635963258 0.249155468870444 0.344953297730637 -0.0143715386050564 -0.0143714564519827 -0.0143715518244721 -0.0143714790415502 -0.0143715911652801 -0.0143716005355118 -0.0143715198269235 -0.0143714616250358 -0.0366104165640674
# FDY_5_2:
 -0.134278507359441 -0.202006687346780 -0.00374186014098647 -0.265424474058911 -0.00374175661301184 -0.00374151449540765 -0.00374180358885816 -0.00374179156875147 -0.276616041868176 -0.00374181183254656 -0.0431981868759948 0.0675109234608231 -0.00374172896562879 0.160998613141897 0.172214388012584 -0.00374174187005565 0.234858878864318 0.191437860139114 -0.00374172271560340 -0.00374169395302975 -0.00374175402747827 -0.00374186787422630 -0.00374174318283842 -0.00374178913150018 -0.00374179920706990 -0.00374176232527184 -0.00374160547999818 -0.00374186875501596 -0.0946722714424791 -0.00374182490437907 -0.00374174422944034 -0.00374184775838398 -0.00374173575233687 -0.00374166274029690 0.0941112981122984 -0.00374172138684674 0.252217798288032 -0.00374177516533773 -0.00374175387141733 -0.00374169987234190 -0.00374175131300607 -0.00374179407420776 -0.00374172508290265 -0.00374180832068998 -0.00374178600904500 -0.00374188921516776 -0.00374175254026525 -0.00374169375924964 -0.00374181028225689 -0.00374180967005060 -0.00374162307501873 -0.00374171446825748 -0.00374177266158764 -0.00374166378257517 -0.00374161540494526
# FDY_5_3:
 -0.547730832748887 -0.473932834509119 -0.642309531259933 -0.540257422860489 -0.571729708892242 -0.558820771554734 -0.612252292879012 -0.623889838750486 -0.626208839560644 -0.572305645423296 -0.465789203311818 -0.219659473769421 -0.242649256136318 -0.0972335496294905 -0.0571135532978611 -0.0338494072349098 0.0132180861100908 -0.00367619523242624 0.0537841900077431 -0.0232658833911170 0.0370495481493140 -0.0267988110444923 0.0370495409233360 0.0370494694094772 0.0370495912345428 0.0370495972101077 0.0538944087956308 0.0547128673536497 0.0224312484129570 0.0439182530974094 0.0425724412125756 0.100153419917532 0.153612227876978 0.250479445033178 0.413325926396235 0.520800185138659 0.571745466690166 0.456968488222244 0.494555212192655 0.470297660379932 0.444744794603011 0.609422901903715 0.769778384466122 0.472249363937312 0.448619256823644 0.226709434582561 0.249552170727292 0.114823665825289 0.101352118860351 0.199210567073091 0.0934312701814193 -0.0771070661675770 -0.142361965506883 -0.125832808336820 -0.346836311250241
# FDY_5_4:
 0.00644092705942054 -0.458855443249598 -0.469857071001341 0.00644105343345356 0.00644094671222526 0.00644087888754783 0.00644093333934646 0.00644092535001726 0.00644090681771890 0.00644094676952254 0.00644105961111994 0.00644100965014325 0.00644101231665382 -0.0272865828767783 0.00644113353923779 0.0346019181189525 0.00644096046535368 0.0592933638399138 0.00644070666548455 0.0217403407007717 0.0206153554190285 -0.0174255724943875 -0.114597608303514 -0.125568069286724 -0.109900445858897 -0.0533201566822916 -0.107102411826972 -0.0771465022830509 -0.188540284759598 -0.151427676743020 -0.120237361134652 0.00821165204674987 0.0159252718924596 0.115704352499012 0.224179877684975 0.327033389416545 0.269142352734274 0.206678425197180 0.159747130547768 0.111337072788473 0.193897443444360 0.261114955522452 0.279193499465574 0.136917119490777 0.258570131665305 0.177507328805419 -0.0255423607214358 -0.102072834809009 0.0721171564863556 0.157100385546368 -0.0524426779631704 -0.172521443200340 -0.129168753633126 -0.103335356287749 -0.594453310814302
# FDY_6_1:
 0.0118503266641287 0.0118503978795250 0.0118503035442023 0.0118504596114015 0.0118503825056415 0.0118502244776437 0.199971056433463 0.351180431074797 0.0118503185358893 0.905999000268747 0.0118504314546428 0.721861097413421 0.0118502391114703 0.0118502976877110 0.0118503898809996 0.511971171748543 0.443524785809751 0.0118503541852865 0.0118503763276660 0.298425092093848 0.0118504166905026 0.0118503665738434 0.0118503146147859 0.0118504947308688 -0.0643268956975829 -0.159498286973974 -0.262762160989790 -0.307537028101405 -0.369212506649576 -0.303297740216849 -0.321432666423370 0.0118504411124249 0.0118504571163937 0.0118501619204318 0.0118502720304036 -0.148477833841612 -0.211382338460066 0.0118502147224035 0.0118501311935459 -0.266808199172463 -0.260656548009213 -0.272579155794626 -0.235575485535089 -0.207345190260398 -0.0454167288933538 0.0118502659692645 0.0356330046686157 0.164422405811991 0.259458466305466 0.163640166149852 0.0116574516612379 -0.109121487243547 -0.181273003879113 -0.283574916315116 -0.341873995523667
# FDY_6_2:
 0.244865466144492 0.0917601494583484 0.160655364748122 0.135819685423002 0.0977807866287381 0.245748485273255 0.325449116664335 0.492768112625215 0.565947488461825 0.759035120344432 0.639806127339568 0.659439744640287 0.501628581390202 0.498338989631986 0.464418354062187 0.335133822551703 0.297086381801759 0.336990468112477 0.296997015990534 0.181051319130334 0.131253264118839 -0.0535668019020952 -0.191338939288896 -0.0491107693962739 -0.250799310347386 -0.364710737064500 -0.389193145613974 -0.335777380152239 -0.424369228694672 -0.393153325558957 -0.392428592900514 -0.452694524440376 -0.459663180445764 -0.364194343551478 -0.260200932980734 -0.266528180306148 -0.320902062506384 -0.340841682141911 -0.313138355202890 -0.312099773307365 -0.346012499530085 -0.365185958750259 -0.247753455975393 -0.236259722829602 -0.0561940757922595 -0.00490273044073970 0.0395867544725027 0.131747849379145 0.181296005201702 0.0757121245846909 -0.0719009550961699 -0.127010909683435 -0.137498646117690 -0.174540053753030 -0.188346304408459
# FDY_6_3:
 -0.0484553981187623 -0.0546294179487112 0.169031467841719 0.189494555573862 0.278095227449282 0.358279558094721 0.242629964404260 0.300999439651755 0.435409904378296 0.835684297163106 0.696426632374840 0.529363556826868 0.308274511508067 0.412497206006613 0.395527270690529 0.386567715629977 0.344382286625647 0.212076166466397 0.219122784751700 0.126156253641331 0.0623392044709672 -0.0557485475778276 -0.215019978268144 -0.233999966449074 -0.322481865761674 -0.413766788268195 -0.462422078423671 -0.410823582581590 -0.480517839337169 -0.339084309720271 -0.389548150251995 -0.392082445375566 -0.392384872564296 -0.278506202638341 -0.198785412096586 -0.183321664632576 -0.234577164750972 -0.251338192120511 -0.228070346835750 -0.284067973357201 -0.295751687701973 -0.237994440628713 -0.177391983108760 -0.126277426949123 -0.00592275868233089 0.0267308592446976 0.0651120570688575 0.172853510285728 0.205346480865386 0.0974486190995648 -0.0220444216223067 -0.0573507742421994 -0.0551820983509789 -0.109096722188459 -0.113205019560445
# FDY_6_4:
 0.149980200028510 0.110665512383487 -0.0305481628445443 0.124866732351985 0.218722161708697 0.329607569684604 0.373209969592714 0.539501380545758 0.696813046623040 0.679455459781752 0.601304652880393 0.515914097794320 0.417064238075439 0.381810706412845 0.339775616443980 0.297468999541209 0.292417100834387 0.228956367045978 0.153733032661012 0.124445506712721 -0.0706757706817818 -0.105482371322138 -0.245528234061478 -0.475323146242028 -0.786760301941274 -0.554831988283667 -0.463599792142084 -0.499925625997609 -0.482744450518981 -0.402454253530727 -0.507491987110784 -0.364252988314881 -0.265064478901988 -0.201369798940388 -0.0915880841419818 -0.211966255253045 -0.270751065698609 -0.234750427760448 -0.172314614464001 -0.184826666930894 -0.245836881440426 -0.259871658331925 -0.0863840671918206 -0.0421204901005632 0.0156704228113356 0.0547661732115021 0.152218645096345 0.256591717101984 0.183439905827571 0.125412333578524 0.0366509947510789 -0.0218281058013747 -0.107387485991765 -0.167733157848477 0.152949768308510
# FDY_7_1:
 -0.722947847679703 -0.773950526244283 -0.798230258864215 -0.825455697524070 -0.833835281697946 -0.846790004033439 -0.867932222181596 -0.831848686941120 -0.780538222835827 -0.711402328336794 -0.570954327170508 -0.427130869378937 -0.236334550193709 -0.164921650413434 -0.177994821773743 -0.167979473897759 -0.137149434694230 -0.103558224256425 -0.000558934662792929 -0.0313350391810034 0.0223714886325895 0.0305625623165027 -0.0614135996273119 -0.0810464160240840 -0.105009840949059 -0.118955712276881 -0.0914887576645983 -0.0668982872160730 0.0774859857776778 0.0894875431660885 0.504506050975792 0.550542246610111 0.699234678070264 0.731836749288208 0.907244601466964 0.942746505078208 0.884021953001919 0.895454903498787 1.14845088329503 1.02282173981386 0.965623833517907 0.871461959270125 1.31232660957398 1.13938784875867 0.387762177655645 0.156092123927788 0.0187952185325833 -0.101183605714173 -0.194867031086267 -0.224970649276706 -0.270795919494202 -0.366325454990461 -0.487692445039592 -0.574569772374276 -0.602151768533490
# FDY_7_2:
 -0.363138915428462 -0.367868903307815 -0.392639747914136 -0.424731272657883 -0.442969370160196 -0.456672098159879 -0.428818279583851 -0.373601513896109 -0.297290158453545 -0.165187299055940 -0.0688103624199067 0.0107775942263410 0.0856576769377701 0.0926207455165499 0.103307412307326 0.0856843358736058 0.0845385717643009 0.123826968821196 0.130625090633476 0.107000394482174 0.0810458611446697 0.0359023494204073 -0.0342241718350947 -0.0734682322827434 -0.135325567231024 -0.168580819277524 -0.169535976249703 -0.175156110685726 -0.172429326874846 -0.102730196653648 -0.00875897724648941 0.0941407572833190 0.133900198245961 0.185302242074246 0.305305953693900 0.390444717907068 0.392990770211479 0.353537251707480 0.366417358059446 0.362651002943956 0.301377189702930 0.357031081302822 0.660181781778543 0.412606018986623 0.292062118194963 0.202604416654895 0.119162998998571 0.0541634050451617 0.0393730743487159 0.0154624164585070 -0.0420627001134505 -0.174001898387855 -0.276494537411359 -0.327651662844561 -0.337553656594658
# FDY_7_3:
 -0.629570606831051 -0.618321577726963 -0.630168907380262 -0.668236586889769 -0.690788407582334 -0.725380050548634 -0.711676013825491 -0.670800988990066 -0.603182820648127 -0.432371333660788 -0.299258258900373 -0.147967977425818 -0.106947317868368 -0.0838291744566164 -0.0870136737401554 -0.0430933777804169 -0.0116704475305708 0.0447713396551115 0.0292247291135222 0.0327321811094135 0.0256711424980423 -0.0153170781287585 -0.108465822948739 -0.0793796945884603 -0.133436429834940 -0.143790478842348 -0.128985875709584 -0.0905476563947913 -0.0931265698307348 0.0974210629350237 0.190609035360628 0.370304670905095 0.363397830199549 0.480716173577768 0.662083274412372 0.729865513650006 0.776561415263295 0.844099040171565 0.892525305681263 0.859343868470148 0.806701296181463 0.886257249933240 1.33463918353341 0.472489639932559 0.251345686873511 0.0878540497854466 -0.0261967611465396 -0.125130515570808 -0.125503342114959 -0.100687948508921 -0.192732786723097 -0.329820102335921 -0.432846394356855 -0.450480189345888 -0.501888521075285
# FDY_7_4:
 -0.684512620733000 -0.706645965936412 -0.710228460761321 -0.748725476714897 -0.761907163116095 -0.809597564981675 -0.792136180507065 -0.753432735062491 -0.685800231840617 -0.497696824136274 -0.357896654683554 -0.169942818086255 -0.139980985688577 -0.146125153436157 -0.155031106779459 -0.106649093059449 -0.0750369059262724 0.0382135852851438 0.0103050102690504 0.0577550419611842 0.0530910664199037 -0.0135031986140905 -0.0874516175142385 -0.0546009771327069 -0.125682371607650 -0.112749562649703 -0.0947360642399574 0.0277615248434700 2.84879730481888e-006 0.374555371916030 0.399874204805425 0.625603638623952 0.585192002528044 0.731340571574626 0.821545111873606 0.855018258031101 0.890662276425890 1.12903137188323 1.06351029804994 1.00814731535561 0.903331444357907 0.831131022393079 1.22147365062291 0.352230792673995 0.116108649662066 -0.0362272127288720 -0.157637822230745 -0.239080009785975 -0.239054131523801 -0.247467371480128 -0.309984658748956 -0.431201943013709 -0.518691181726983 -0.533452614143446 -0.593018379762940
