# Number of parameters = 1827 Objective function value = 28071.7638202033  Maximum gradient component = 8.94150905622251e-005
# lnR0:
 12.8339174280579 14.5018219346642 11.9552101935954 11.3865951553774
# selpar:
 1.26144224079646 -1.17187502212859 -4.11551955906718
 2.23756624753672 -1.13697369265544 -4.05717973351810
 0.732004251397188 1.83379206001320 -1.84747101125157
 0.0847384167642007 -1.30972641821010 -1.60626413638866
 3.31207817146783 -1.00890794974252 -4.99999585815773
 4.95011344877703 -1.28547054716341 0.0136167720838012
 1.95681725769643 -1.51769232411649 -3.76689675805936
 2.28388457682987 -1.28716661367206 -2.97785926241496
 0.00107864017638093 -1.57225781375121 1.59387100579949
 -1.44386993170535 -2.41913138277817 -0.129101794455195
 0.491194669252405 -1.98583323853581 0.277608512392550
 0.356669764215387 -1.70231302538641 1.77704460502003
 2.06418918946139 -1.68796477563208 -3.69652474381004
 -0.0303819882779841 -0.242208883472647
 1.44713163475668 -1.62096633703989 -1.95528362290519
 -0.992136714932244 -2.99530948394813 0.412913220917024
 2.30467604525296 -1.12056758363685 -4.21511411447865
 0.423190078484462 -1.89383023517903 -1.28684437205116
# movest_p1_a1:
 1.07639342830047 -1.56645871449945 0.577771955675590 0.00629358774382105 0.836638795634439
 0.463238788386096 -0.688678114340188 0.925354072456910 -0.643712346510382 1.34854190063515
 -0.361751020998062 2.56217720915190 0.995983567691530 -3.79842303303155 -0.848383916800783
 -2.31658131271327 -2.57960168666837 -3.05671568885913 -0.418746873911230 -0.535474222964480
# movest_p2_a1:
 -1.03127952836738 5.79435662138294 -0.249946836376215 -0.132320203550654 -0.166824685614944
 1.53212636244994 0.00796425811043555 -2.05420018747517 -0.166992862042289 5.68496424761868
 -2.80128984687457 1.02942798003632 -0.601352010338552 -3.52958270668218 -2.13942749447722
 0.773011365899370 2.85532084314390 0.952978783317644 -2.27037616635394 0.309374998152713
# movest_p1_a2:
 -4.10870798398587 -2.24068067529698 -1.13351392014638 -3.31703350924306 -2.79809128190717
 -6.24394938233972 -6.54911971107196 -2.78194624692741 -1.44749993148303 -2.53337779762943
 -1.56057162061118 -5.19076299426349 1.67781221514985 -1.54175728089539 3.78987241475132
 -3.16277097303177 -5.37880048736039 1.28305214681235 -2.53928454400849 -0.168930195896276
# movest_p2_a2:
 2.94677414579406 -1.64024471031110 -4.25039260420830 -4.75342823086596 -4.59809496193815
 -0.423749080565820 -4.75300141769841 -2.15537071041363 -6.52484698386669 -5.82759258214747
 1.78530615387874 -2.87723379953972 -2.05580964989858 -3.71217729930700 -1.21505001278952
 6.01285374172058 0.750512024738828 0.0468900331117421 2.42859578789058 -3.18993066165653
# movest_p1_a3:
 2.82688292929755 1.40962374433610 2.26608472051652 1.44304019646797 2.50956139655994
 4.34780242873082 0.492172152717774 2.35232744027079 -2.08106615325958 -2.02276374470429
 2.50000417582527 3.74196111405698 0.635411960567765 2.16350144610616 -4.47891814234477
 5.15380225476305 1.37058011861682 1.24696589398791 4.81062271216899 -4.13225825817006
# movest_p2_a3:
 -4.22750313644406 -5.08843477604011 -2.99781196497071 -3.82993542891636 -3.73970739621835
 -1.09677831636895 -2.61637995710722 -3.82180354217226 -2.10302128418174 -2.76826151177929
 0.822440720802540 4.18670059567129 -2.02475961901818 2.34131680820056 -2.21684160304123
 -1.93660774043863 0.563868143387978 -3.28889077266120 -2.30001741669184 -2.94575366808055
# lnqE:
 -4.31402357902680 -2.75522795583930 -2.74830449214486 -3.81462385712812 -1.29458592074306 -1.15546937282998 -1.83983529009224 -0.343384428672284 -4.35806106231767 -2.33856900038002 -3.71989727876518 -3.14681893346511 -2.32337787137725 -1.21405579958974 -1.71155671533629 -3.53004476055670 -3.85722800979794 -2.55146855533045
# Fmod:
 1.14519374642122 0.992459470558549 -1.04950802334461e-008 -2.08509502097425 1.86589417204704 -0.534458609151732 0.193939325268643 1.09987433969626 1.24220868313665 -1.59486946823709e-008 -1.20257001085183 0.0636908679405722 0.106309088598549 0.133810927860033 1.03193643747139 -0.209129574630559 -2.08854384980258 -1.38512663090877 -1.60543033812555 -0.723858892860045 0.148682649875619 1.11150931915133 0.307851019885563 2.10890320395075 -1.99873267675783 -0.0153627576341842 0.0991997634143830 0.196845372864546
# visc:
 0.686654411328528 0.559204461362468 0.947916347294600 1.59042435995252
 0.408342674188329 -0.478843914694203 -0.265235999519593 -2.99999918035342
# lnRD1:
 -0.747060990511508 -0.428855708056858 -0.212912095869963 -0.105473217074746 0.106524564177723 0.0984510313369402 0.0729647442810255 0.195693933189994 0.0755724101287298 0.899114265377535 0.687093096881238 -0.641112033860110
# lnRD2:
 0.0295064358391532 -0.214425250908933 -0.515976596180452 -0.237320154927407 -0.407734585834249 -0.456504927714133 -0.455947078716596 -0.292778968863052 -0.160492542028117 0.118807182063958 0.439792788807059 0.180739000843494 1.26106562373629 0.332676340947656 0.422138430049084 -0.0435456971137565
# lnRD3:
 0.401036903873841 -0.428746318314514 0.427994232969438 -0.0749665494924865 -0.325318269036278
# lnRD4:
 -0.110010075707294 -0.109938851056921 -0.258147514456555 -0.282948936832954 -0.422657986240666 -0.326699442536658 -0.252286261602065 -0.603647591127013 -0.540548378199359 -0.0720367551620906 -0.410069792874434 -0.153928924967107 0.0682353829565494 0.0588875260563750 0.357720662742247 -0.0679355593019166 0.301195094504209 0.334843273984906 0.456016552722754 0.857553977230084 0.886801185790797 0.238659034422133 0.0509433796549801
# FDY_1_1:
 -0.0208217086567493 -0.0208216939579534 -0.0208217049187190 -0.0208217045814679 -0.0208217058632452 -0.0208217042083290 -0.0208217147438055 -0.263471529945123 -0.312818380693628 -0.350788047933240 -0.409159821031313 -0.408939318842410 -0.370940991986051 -0.354259142328686 -0.319946826870635 -0.267940385143709 -0.306433229786072 -0.340883965237716 -0.366618648019258 -0.390256138206378 -0.410221918318668 -0.393510026967431 -0.393755545582162 -0.377927366828469 -0.345982670352257 -0.277980779161866 -0.251580612507188 -0.193873547967799 -0.144754223383407 -0.0523833388712112 0.0148491053253001 0.0847797997087871 0.126937686714241 0.188099844981318 0.284366240337598 0.360737911171121 0.414118526858655 0.420435004175866 0.383095727327952 0.381256454330065 0.403159758538360 0.421253761631027 0.465294952960169 0.494867659261437 0.499120641368161 0.483399302169721 0.480404367476752 0.415738969196903 0.360528438110034 0.322280792414902 0.267411573010147 0.177127634797492 0.0894720251357836 -0.00392521514206151 -0.0846325689647840
# FDY_1_2:
 -0.0199976981584428 9.79877549796206e-006 -0.0199977182624013 -0.0431947917153931 -0.0761971014434023 -0.106376103767281 -0.0199977195339291 -0.163031767365951 -0.201522623374763 -0.241841976034824 -0.284840201991037 -0.278941256693810 -0.233934317893565 -0.203962602094138 -0.195374287706532 -0.199532620221903 -0.183182320959764 -0.287019609272685 -0.309130500358208 -0.334215225459564 -0.333675643661010 -0.342001515792012 -0.330292714803633 -0.309187439979858 -0.291928183201720 -0.237484776725878 -0.203277749445028 -0.143256751020526 -0.101978782584499 -0.0158180451488705 0.0389604138208440 0.106398170435373 0.145270625850178 0.190684602065933 0.282825430554859 0.334340351149455 0.345529260249981 0.353986317237299 0.328493670835912 0.328016710675961 0.338786013356062 0.358315202969015 0.381372047308717 0.406063164646932 0.398816978125265 0.386173624471244 0.378311510308685 0.316467638724696 0.262003834838669 0.209902078453818 0.140711445489189 0.0583360085768948 -0.0311375520343168 -0.127078188964775 -0.220367113250758
# FDY_1_3:
 -0.0187624813358835 -0.0187624821496095 -0.0187624816173428 -0.0187624759849114 -0.0187624811241125 -0.0187624849937797 -0.0187624832166946 -0.0187624811270648 -0.139192317889882 -0.173014476609331 -0.192096620241151 -0.202143149178092 -0.166074901081560 -0.147659029854227 -0.144311218784978 -0.143498772975260 -0.129135659985190 -0.228190805022133 -0.253601751647781 -0.279793471809189 -0.278195518045566 -0.281317348854825 -0.271308313697519 -0.256064610130026 -0.238305001763619 -0.184406717349241 -0.0187624849807031 -0.0187624780045172 -0.0522704073187412 0.0293469236264967 0.0849052520749905 -0.0187624776585069 0.186653831354468 -0.0187624834606879 -0.0187624715144838 0.323572528559184 0.328110918126442 0.349749870220271 0.320373482928268 0.309037921767756 0.321896690254459 0.324648200840861 0.341823155082244 0.372485830147778 0.363485602170461 -0.0187624830870205 0.348385123700162 -0.0187624753498736 0.235569632338528 0.168470796543072 0.0998916787680566 0.0163109181158874 -0.0601112920557216 -0.162565024676352 -0.260024742043810
# FDY_1_4:
 -0.0202092623169413 -0.0202092567426012 -0.0202092613404024 -0.0202092582509289 -0.0202092594069695 -0.0202092603065388 -0.0202092676584907 -0.0202092596900523 -0.289008922807686 -0.340934080807346 -0.0202092567540143 -0.333769847761046 -0.303397285887060 -0.295893270297863 -0.272095775639466 -0.266032278694667 -0.230613510820504 -0.338939161669823 -0.346088169180041 -0.373632622420654 -0.371957287023262 -0.381179971857884 -0.363862431424122 -0.338769012816395 -0.315139151981260 -0.258361382946657 -0.222474211850081 -0.155625779760033 -0.103217829629938 0.00266547582000214 -0.0202092583534069 0.113796898543433 0.158411583391537 0.230479518280431 0.376991951704067 0.384750549481001 0.387332209851947 0.403507906307109 0.362574543274993 0.355262651493838 0.347785249431052 0.381021289121450 0.374332810191929 0.388546716633420 0.400951125517842 0.383216833578461 0.359693231606227 0.311825355764946 0.275018750385209 0.238401979407274 0.148680661328285 0.0615664655784804 -0.0324317933562369 -0.103731799444635 -0.207565577795927
# FDY_2_1:
 0.287480798404931 0.206912092070899 0.188676789177355 0.159162451233859 0.125537145962696 0.0926317116918839 0.0698489689080447 0.0524333415394914 0.0196044274134069 -0.00673743988604704 -0.0327851701344458 -0.0281802855364603 -0.00273781625256588 0.00971196036447784 0.0359666449432668 0.0613319880492565 0.197416108550964 0.0355691005227337 0.0161476615808230 0.00436802762327724 0.00868441474421187 -0.0351290980720515 -0.0203172353217421 -0.00874588911353071 -0.0127591912146273 -0.0578729615465835 0.0617993043800345 0.0878850772967733 0.0914555014765933 0.150385322066228 0.152040814904025 0.232317291054419 0.173319808687307 0.148086664505945 0.171187221588543 0.164175269780928 0.135315342725062 0.114189283189082 0.0516161248409020 0.00864330967779190 -0.0227339291839989 -0.0356637926691345 -0.0176123043552538 0.00404852075764759 0.0131113346122892 -0.0351358431874581 -0.100179096724006 -0.0434939664558761 -0.0954363076837855 -0.150854830681524 -0.273498235886020 -0.388519633403339 -0.519284124258880 -0.639054002555929 -0.804328670201890
# FDY_2_2:
 0.297711542822082 0.206850943752832 0.163163988885028 0.131081138434476 0.0945067034217719 0.0453949874221684 0.0183393764927957 0.0171692827130276 -0.00790381085984976 -0.291726442159166 -0.00797588696563306 0.00998312856800470 0.0406030882117129 0.0761477988383218 0.108680183580228 0.131686010003350 0.182709315333597 0.128433226855569 0.124402131099590 0.109919130783580 0.121908507012439 0.0884882123757288 0.0729551803033747 0.0822651319470257 0.0628079983857170 0.0516585389525139 0.142870093918557 0.221353950419363 0.170037420708509 0.267278561848937 0.243504196069150 0.342168427727645 0.252245495432571 0.174094235006951 0.177256251528573 0.157274576185986 0.104471172228168 0.0580995842239526 -0.0109352124358196 -0.0945816654900341 -0.147650338703750 -0.179141783352773 -0.198980372697690 -0.244885153768733 -0.149676117317550 -0.106892925084752 -0.110434614508210 -0.127270661418816 -0.137714187056973 -0.188846545425899 -0.298950511848659 -0.415267630425752 -0.547753053852014 -0.670039017636466 -0.740893580484759
# FDY_2_3:
 0.0769344176519653 0.0132051860505718 0.00191072074843413 -0.0416745163673224 -0.0767277228501857 -0.127230172087296 -0.0951761103146616 -0.101441303728966 -0.147352917733479 -0.194928815273588 -0.0855717864802557 -0.0737780883913357 -0.0246913120088148 0.0100367067880118 0.0498370843381777 0.0891800447743301 0.139900672793287 0.125424827747914 0.125243260496809 0.111758700303375 0.110995898897934 0.0753848762816232 0.0579361922874251 0.0890627821061571 0.0898487911345065 0.136387795542229 0.136686699936905 0.209109609856247 0.224708572576538 0.318378513502606 0.374885113385603 0.307692787995294 0.235099107800032 0.231502883554944 0.255105297074643 0.278155085964719 0.229548575510000 0.146821692331274 0.0965382253433618 -0.00162351832267559 -0.0337615653279062 -0.0699611012234687 -0.176392059435858 -0.168069116730484 -0.0583947198465917 -0.0562575317726199 -0.0643003888084450 -0.0841180570128353 -0.104106251045319 -0.157695187748270 -0.244847938680490 -0.391324886142718 -0.521180037594147 -0.587782023468908 -0.658892994378275
# FDY_2_4:
 0.387877921811702 0.351092852888875 0.322608054475685 0.263367300560290 0.226040755803836 0.211366938641098 0.214365393799592 0.147325767338350 0.0544715945106316 0.0338314134894947 0.106372508023690 0.0694216427364885 0.103005245868790 0.120917477961198 0.126914945162455 0.105614734839653 0.125952426407268 0.0739717931183067 0.0718234334480077 0.0505080333680355 0.0104247535866622 -0.108715334339518 -0.0144445297380630 0.0279772448780141 0.0625368889111029 0.0991598546263631 0.126948128358724 0.118732411273101 0.148920213689426 0.206951572994443 0.297440629442423 0.213962736191249 0.113847387834918 0.103123914441415 0.104947124780982 0.134675512100072 0.112207344449662 0.0599554210496119 -0.0166454074676784 -0.0619734498174657 -0.0996095731501520 -0.109984462049028 -0.0861919362544980 -0.0526749337362761 -0.0749778400153677 -0.145205894547575 -0.147470470554227 -0.207074439166643 -0.251177352427034 -0.335330882193645 -0.431906817761565 -0.577027507351260 -0.717004663246768 -0.812421343469418 -0.858824535575434
# FDY_3_1:
 0.00000000000000 0.00000000000000 0.00000000000000 0.00000000000000 0.00000000000000 0.00000000000000 0.00000000000000 0.00000000000000 0.00000000000000 0.00000000000000 0.00000000000000 0.00000000000000 0.00000000000000 0.00000000000000 0.00000000000000 0.00000000000000 0.00000000000000 0.00000000000000 0.00000000000000 0.00000000000000 0.00000000000000 0.00000000000000 0.00000000000000 0.00000000000000 0.00000000000000 0.00000000000000 0.00000000000000 0.00000000000000 0.00000000000000 0.00000000000000 0.00000000000000 0.00000000000000 0.00000000000000 0.00000000000000 0.00000000000000 0.00000000000000 0.00000000000000 0.00000000000000 0.00000000000000 0.00000000000000 0.00000000000000 0.00000000000000 0.00000000000000 0.00000000000000 0.00000000000000 0.00000000000000 0.00000000000000 0.00000000000000 0.00000000000000 0.00000000000000 0.00000000000000 0.00000000000000 0.00000000000000 0.00000000000000 0.00000000000000
# FDY_3_2:
 0.00000000000000 0.00000000000000 0.00000000000000 0.00000000000000 0.00000000000000 0.00000000000000 0.00000000000000 0.00000000000000 0.00000000000000 0.00000000000000 0.00000000000000 0.00000000000000 0.00000000000000 0.00000000000000 0.00000000000000 0.00000000000000 0.00000000000000 0.00000000000000 0.00000000000000 0.00000000000000 0.00000000000000 0.00000000000000 0.00000000000000 0.00000000000000 0.00000000000000 0.00000000000000 0.00000000000000 0.00000000000000 0.00000000000000 0.00000000000000 0.00000000000000 0.00000000000000 0.00000000000000 0.00000000000000 0.00000000000000 0.00000000000000 0.00000000000000 0.00000000000000 0.00000000000000 0.00000000000000 0.00000000000000 0.00000000000000 0.00000000000000 0.00000000000000 0.00000000000000 0.00000000000000 0.00000000000000 0.00000000000000 0.00000000000000 0.00000000000000 0.00000000000000 0.00000000000000 0.00000000000000 0.00000000000000 0.00000000000000
# FDY_3_3:
 0.166534796969094 0.0930408259141696 0.0721183716474035 0.0223640518670039 -0.00901881094906073 -0.0336193642696025 -0.0382361028054176 -0.0759462119297305 -0.117199123501682 -0.180155450543982 -0.145295715498636 -0.149656276013589 -0.123946852620351 -0.0720417678445348 -0.0381922123718865 -0.0715071410259706 -0.0404415733905494 -0.0324761611824342 -0.0192392241388741 -0.0127928894562943 -0.0129724569682110 -0.0282193460809778 -0.0284955561191260 -0.0234358948987345 -0.0282250370380026 0.0614997151410120 0.0757979206532744 0.101441086845896 0.151893477838950 0.215080720927732 0.264762562834484 0.247192608203930 0.214525500366489 0.199432214493595 0.245960745166763 0.250226137143492 0.260389601809725 0.133996492712603 0.0899729205888476 0.0182196359749514 -0.0321565926851696 -0.0509874125533460 0.0848270458331222 0.101328605756536 0.0890990743425973 0.0929145782854841 0.0941724038717420 0.0234638009133266 0.000619632046739130 -0.0586498002845352 -0.165067290392762 -0.291238370724730 -0.405117849799680 -0.480401317463531 -0.606142725597562
# FDY_3_4:
 -0.0196382564143536 -0.0735804297164749 -0.104579342992583 -0.140158090563432 -0.165294739795040 -0.167402156993292 -0.174380338343774 -0.208671081336510 -0.242414374986610 -0.276698085817549 -0.286915178559712 -0.249169679245431 -0.228905159668557 -0.216883711962963 -0.171399783063084 -0.170737598312160 -0.113170134018944 -0.179889428783624 -0.200320238684863 -0.231918433401827 -0.238392402432592 -0.261818781828918 -0.249588288792741 -0.206900907014314 -0.176782920301564 -0.137643565914486 -0.0661277471090725 -0.0194289127302583 0.0794247720157456 0.122398332845538 0.242471178866671 0.227226231720523 0.257007062821721 0.278447090840731 0.379848469757999 0.452340931639204 0.423606998298882 -0.0383436933188500 -0.0383436937362334 0.296363014866529 0.281260097009297 0.321942279547675 0.323617318997151 0.375034446562775 0.358496896708807 0.367855481270831 0.278150220580082 0.241155710209923 0.213698749567893 0.177774084588153 0.0880376715964865 -0.0385490510875697 -0.148462504393811 -0.225961813649812 -0.317686515341612
# FDY_4_1:
 0.218274844955995 0.166362535781931 0.133975182585024 0.0893808443285534 0.0611103446987581 0.0289728565085218 0.0346640009011118 0.0320213490690117 0.0569595234504469 0.0768960956534381 0.0768303336801685 0.0942496072000306 0.0922556733004564 0.121735369483788 0.160056555587313 0.196232850428210 0.231717096955446 0.255921288828257 0.262553328059630 0.259065098133603 0.221253118346033 0.204172198290478 0.177643963984378 0.171970128416157 0.156819022335293 0.177369996365118 0.213697557929268 0.219180496840984 0.195587735613580 0.224367252287573 0.184310541201257 0.232451681938185 0.190539972839754 0.167069002844765 0.144741642280256 0.115533722633420 0.0593920731993366 -0.00294436827906406 -0.0747460301609376 -0.150453615356914 -0.214801873436820 -0.259624184278521 -0.247306594233235 -0.273828535516196 -0.239521679111516 -0.215224939751067 -0.204335519957107 -0.198387443403501 -0.221011316617860 -0.268940467790714 -0.367228103693739 -0.500241819297338 -0.636599658064901 -0.760764208565299 -0.869374529420799
# FDY_4_2:
 0.191772490413442 0.138955619395574 0.108771107986126 0.0529774616971606 0.0251904771494161 -0.00199107628321842 -0.00419251880002863 0.00660054559760931 0.0198898539214250 0.0397882040844689 0.0557204006387718 0.0760584939930301 0.0835705134950898 0.122398650017683 0.162865579989673 0.206803398079075 0.245259990191171 0.272723858298295 0.269989571646018 0.264424502808359 0.232574212328744 0.206225880770249 0.181650748334543 0.178301585298746 0.168303625056425 0.200057329023772 0.252945537080962 0.235946037532366 0.214962584307106 0.257696737735511 0.241390954295947 0.345146997288697 0.243558702271592 0.169042418919015 0.137648829534469 0.0985794655112649 0.0509291599444442 -0.00307727897966819 -0.0776886019185420 -0.165090022397370 -0.236840124257034 -0.273629404673104 -0.263237092051739 -0.292006834642250 -0.257369247582249 -0.204050721769488 -0.210070226317232 -0.200444144552228 -0.215949945480013 -0.258206879173860 -0.357314464694327 -0.492077708965214 -0.629295069837194 -0.756213036896043 -0.859977125365438
# FDY_4_3:
 0.191052338684983 0.144530374311923 0.121154652759013 0.0655311755171692 0.0395246361250180 0.00422320384178612 -0.00276693202603138 0.00834907960815503 0.0212899349448804 0.0607159179593507 0.0888996255258125 0.105815419965649 0.111417756254561 0.141361327665131 0.174025238524773 0.226320540396863 0.260238465133662 0.303296463293576 0.301380639106681 0.291533710712643 0.250753659086394 0.217684704759617 0.189892195449174 0.200078991704971 0.175947597792960 0.215090301429640 0.214729653416402 0.212712968919190 0.206487190833184 0.257188109756552 0.273119275438033 0.293306350827454 0.192639749320835 0.144845719638143 0.135565611265636 0.109438157327265 0.0690371508840929 -0.00665447768179348 -0.0760264546942878 -0.154300797238520 -0.224157696574773 -0.253111062461903 -0.232489008792190 -0.291594520544981 -0.263795625336515 -0.251882415097906 -0.244552986317512 -0.230479936824640 -0.242853591922496 -0.296702873637912 -0.399319256022541 -0.535071111448595 -0.660505379236625 -0.775760473568937 -0.877153288753018
# FDY_4_4:
 0.192207099548775 0.146750312437109 0.123714352718680 0.0627956455439220 0.0479314000808666 0.0126191281025545 0.00541702860346513 0.0157971099789711 0.0307125380595130 0.0713508130048013 0.0967827307398698 0.108329440936604 0.115422245429446 0.145340551852789 0.180840653389249 0.221354358644717 0.258078359632317 0.302528677221648 0.301650048818263 0.290364219838003 0.251067053474150 0.217212715448399 0.186235076603568 0.204972842662477 0.172143539505060 0.213599654031076 0.209328441277367 0.214664791462881 0.207707913630962 0.257617052610465 0.266412108182844 0.282653375365279 0.191146843174606 0.144172023389405 0.135058552103330 0.123507919494706 0.0767716352911602 -0.00393824407210167 -0.0753886571859235 -0.151242232586965 -0.223959007978538 -0.252021905214223 -0.231436126717876 -0.292547231701515 -0.271373245938941 -0.257544413552634 -0.251489124245924 -0.235354169641508 -0.247655236258864 -0.303224781207102 -0.402816578790631 -0.540925518252710 -0.672925816995660 -0.784059380738974 -0.886356581209212
# FDY_5_1:
 -0.0339253481638376 -0.0339253495936050 -0.0339253513901501 -0.0339253493628411 -0.0339253499361487 -0.0339253498338421 -0.0339253511025526 -0.0339253493729939 0.309472773767197 -0.0339253494806580 -0.0339253408565299 -0.0339253480637114 -0.0339253470974532 -0.0339253516253087 -0.0339253476713142 -0.0339253495397734 0.421075705961563 -0.0339253468691869 -0.0339253505964925 -0.0339253468515646 -0.0339253509622169 0.342189366731450 0.313515357974471 0.260843338374815 0.210922826588334 0.202164685351790 0.203632361078155 0.260438378922307 0.182304917664417 0.167722524680164 0.0579716543571729 -0.0339253487562286 -0.0339253507661763 -0.0339253478252870 0.0800745048735256 0.0891809856629179 0.105956975620270 -0.0162988898819345 -0.0339253496970165 -0.0339253470707004 -0.183731550844490 -0.0339253471507839 -0.211936173748817 -0.229193382017120 -0.219472004104557 -0.257730476432296 -0.0339253475426065 -0.0339253506163584 -0.0339253508223607 -0.0339253477195707 -0.0339253461010858 -0.0339253470708852 -0.0339253463131038 -0.0339253462379434 -0.969567378519048
# FDY_5_2:
 0.328270719187686 0.264400580415784 -0.00115801705365711 0.200359098108376 -0.00115802192702637 -0.00115801885505614 -0.00115802339594558 -0.00115801582721416 0.392610538946776 -0.00115801437945492 0.430950380028853 0.363712260067304 -0.00115801541098000 0.201922667698282 0.153070316188954 -0.00115801559432401 0.0615582813578624 0.0474854160370992 -0.00115801892701547 -0.00115801723327610 -0.00115801174292126 -0.00115801817430202 -0.00115801508787579 -0.00115801745519902 -0.00115801724302918 -0.00115801427480973 -0.00115801447762972 -0.00115801520137345 -0.755100512077509 -0.00115801057839945 -0.00115801427482039 -0.00115801847278148 -0.00115801493987685 -0.00115800990083300 -0.807254870253027 -0.00115801582144544 -0.833348207542766 -0.00115801750283469 -0.00115801739384987 -0.00115801766509068 -0.00115801565422454 -0.00115801236781695 -0.00115801792544686 -0.00115801528558609 -0.00115801630278574 -0.00115801440968584 -0.00115801685628965 -0.00115801796359501 -0.00115801715920379 -0.00115800477603730 -0.00115801682863711 -0.00115801845290050 -0.00115801285367453 -0.00115801448797877 -0.00115801802878997
# FDY_5_3:
 0.335386696055056 0.320944193285278 0.217806527175821 0.248762391382072 0.209153961242898 0.182379315878419 0.168077208607880 0.168388464626588 0.171229048919674 0.250348761819778 0.248261997639979 0.277374470403679 0.248944441812358 0.269586989444904 0.284078053373506 0.310113698528451 0.290891004415466 0.318711813921860 0.369447927432690 0.305129063106588 0.0291896433843618 0.281222470778001 0.0291896403664701 0.0291896437770015 0.0291896388804961 0.0291896461436897 0.201006843291382 0.198246898522964 0.245040539760136 0.297245616658392 0.453698255613707 -0.0686830037893827 -0.118195740052561 0.00485269857282091 0.0399564496434687 0.121641987690254 0.0901152885457023 -0.0580835759997843 -0.100780608380965 -0.114897835948614 -0.190978675505982 -0.168334630992846 -0.139411091271648 -0.229012842137537 -0.205321868880084 -0.519686543173310 -0.299998041067828 -0.252820129341442 -0.358394441309910 -0.440685112413099 -0.524151164168044 -0.710859292082340 -0.890972005471006 -0.930824897843318 -0.951899790872091
# FDY_5_4:
 0.000279318543272744 0.244452603573096 0.267102171810403 0.000279321242868846 0.000279322099387258 0.000279324518120916 0.000279313938662717 0.000279323508569362 0.000279323368487638 0.000279322310958463 0.000279323042844126 0.000279323124760822 0.000279328638368170 0.278681704245085 0.000279328342142904 0.303567744089741 0.000279323705375489 0.385931968259223 0.000279320670018635 0.372205978475091 0.366959047699394 0.341853392436039 0.288825206868891 0.309412233663340 0.311696497307458 0.362071822462832 0.244198442635212 0.258378771639039 0.307898956845096 0.386467881317368 0.654894364987983 0.197245937909947 0.0864942944667135 0.193350803210959 0.186481080755850 0.271866418746831 0.210515421835569 0.0797457051419112 0.00240478830664088 -0.0434917268675806 -0.104046900815105 -0.139594772039935 -0.0951808957627376 -0.190029678716416 -0.192869528157594 -0.398085083186663 -0.397751209453807 -0.408615835010198 -0.417839798932721 -0.516572415363407 -0.598600203850411 -0.737677416597582 -0.844691883305112 -0.880256486681187 -0.951309921003097
# FDY_6_1:
 0.00971742616814610 0.00971743050009157 0.00971743184936782 0.00971742791126553 0.00971743574680397 0.00971743154324736 0.743331454680586 0.794345069373696 0.00971742862813920 0.931196933551719 0.00971742890881424 0.868217339416723 0.00971743014848572 0.00971742629527463 0.00971742750427731 0.745346431803837 0.727133022384572 0.00971743113872649 0.00971742738960193 0.678007436816317 0.00971742590286852 0.00971742278993284 0.00971742853893411 0.00971742848090142 0.296862748141867 0.208644614854240 0.114285721240915 0.129136897822847 0.0678144265450509 0.0216375779633020 -0.0999763013510171 0.00971742479624440 0.00971742363843899 0.00971744393413389 0.00971742876009232 0.0748882580939039 0.0156294482612578 0.00971742882326045 0.00971742716702530 -0.104861726755471 -0.153725315902710 -0.178547805890788 -0.175062445470589 -0.221981157110344 -0.232303682089063 0.00971742615674012 -0.313322819591186 -0.339843885794111 -0.389941580824925 -0.478396723414895 -0.564950319670407 -0.690744171330951 -0.789405940246537 -0.901867690002032 -1.01476410822662
# FDY_6_2:
 1.05021644151622 0.898233224998316 1.00153601374851 0.977527772235690 0.918340330861343 1.06858653774011 1.08621925161919 1.15440220293339 1.13200138951111 1.18370016085953 1.04004947828231 1.03455763878212 0.881389865345180 0.836811446517958 0.783969249843129 0.661095802243377 0.637449967025145 0.673237797926503 0.631808410947353 0.509043116959541 0.417996140077930 0.117200963513369 -0.0539622337609083 0.137341829702001 -0.0514894824862497 -0.236143999228605 -0.361920363147133 -0.403738137894969 -0.535251012648447 -0.497259787938809 -0.540064381745681 -0.684016073372767 -0.653936352028249 -0.491346276499215 -0.360984199681026 -0.320979366660282 -0.375369641296655 -0.417317046924898 -0.412279978181159 -0.437676300839631 -0.500113878280801 -0.572284132985004 -0.515632788993614 -0.655434449547044 -0.642503299284613 -0.695391604140601 -0.718281237891914 -0.713562582115464 -0.730235627840969 -0.824342953258082 -0.962886593568947 -1.15063400788706 -1.12662550522671 -1.05841373143652 -1.13263800639730
# FDY_6_3:
 0.732464708497058 0.735124954925006 0.999585337696214 0.971882611828229 0.979124619887183 1.03080682563225 0.965452260639205 1.03642648505937 1.12829296333562 1.25847726263699 1.13393283025057 0.955568309590853 0.727397518586280 0.776616339291759 0.726466059635307 0.676776668265984 0.679470903752220 0.572460348158338 0.572716347137218 0.460887150115424 0.391630067211117 0.262320219625796 0.0845288112774784 0.00613927086529894 -0.168150683450767 -0.330868555969737 -0.309307130847529 -0.339243022883138 -0.493893721879763 -0.491496650832418 -0.676723921724128 -0.593818463355641 -0.490810814707783 -0.349096574517921 -0.239679956223031 -0.252140167113134 -0.315837024578197 -0.328228025466453 -0.300138055485140 -0.377758528425611 -0.428142354515789 -0.424097702604208 -0.425285110159479 -0.558455409181691 -0.606504401573049 -0.667274344535929 -0.709719217645887 -0.733124801401875 -0.788609709619846 -0.824595072576317 -0.904830617124544 -1.03763229663858 -1.11814092916737 -1.24595153221817 -1.33499407747763
# FDY_6_4:
 0.999307261925689 0.987350777482910 0.811666466776285 0.950643476019130 0.967250994706253 1.03141278791523 1.07625969148877 1.19986749902112 1.30442635621688 1.21530448809874 1.12715222613469 1.00317869317533 0.871184277411237 0.786441450765680 0.724369300126159 0.676338094450061 0.643263575999776 0.646499922804384 0.543664088866036 0.489918953086047 0.278617659996482 0.231996921084659 0.0876671711361079 -0.193380594040327 -0.553441978849865 -0.449307456402225 -0.300926325251983 -0.367488092379832 -0.495527585955846 -0.526513587234925 -0.842664857253109 -0.605275526072265 -0.404894076753797 -0.313069150949037 -0.176748173191041 -0.275114228058238 -0.371591864808598 -0.335639225793238 -0.283506765810120 -0.337311240974373 -0.395524045050361 -0.442749608082336 -0.395267018561814 -0.568781207032477 -0.599860292468032 -0.626433887092716 -0.714773227901420 -0.756992604469052 -0.806271049766662 -0.794381377188816 -0.903612875320554 -1.03249089597600 -1.14170140175194 -1.26324318693756 -1.37929872730908
# FDY_7_1:
 0.260586122703462 0.210667134225677 0.190438863411866 0.166438112534220 0.151019731585668 0.134391102173031 0.115064295124877 0.145123687176928 0.177019960225677 0.213125062410948 0.264895418738316 0.276494479420914 0.314854955558321 0.310044572221397 0.294613300339701 0.310925110681308 0.333133777079639 0.363820545391948 0.413306106679813 0.381681204707463 0.386778969210005 0.361409460821102 0.276278969243365 0.269580255054564 0.218991541409701 0.185648806247342 0.181944048811416 0.133709801392820 0.155406640019093 0.168921676882969 0.213576927254453 0.193121963232642 0.0758289139872933 0.0639112103812679 0.121056644748545 0.108976039813130 0.0558944992115816 -0.0226703778450022 -0.0546891389794278 -0.140058067365613 -0.205839261960971 -0.256964221810294 -0.242041926039453 -0.316035178845176 -0.385933964768076 -0.405980048023990 -0.419693956096915 -0.430934946061858 -0.465313193087054 -0.526392553080057 -0.629123747803036 -0.763446617126173 -0.880508889313959 -0.978586084368010 -1.07446773753740
# FDY_7_2:
 0.460387825356236 0.407123345249662 0.388119247754314 0.347960301364054 0.325195557316455 0.301995093760831 0.306527658480464 0.335602064683292 0.345725345290361 0.417660860835276 0.400891154639227 0.377183052586661 0.392635062303640 0.368402526521563 0.392340775928157 0.364375084218609 0.363142071325941 0.416027958476221 0.419175896918890 0.405360697347456 0.374454315942421 0.324279866746827 0.276039261183765 0.211336320979040 0.129559928721047 0.0890123475958580 0.0648136466018519 0.0574476058401696 0.00849519529504297 0.00408246798194847 -0.0445682680992816 -0.0760761989228593 -0.0894863697055490 -0.0403225442549193 0.0103043738664306 0.0201830579633258 -0.0329442729980640 -0.102470386367500 -0.162826459644780 -0.209341370649737 -0.282688957036243 -0.335417152136411 -0.314101173032754 -0.407297158582594 -0.385643756832883 -0.400871261347796 -0.415026101447279 -0.443234348913310 -0.482107698593208 -0.546389432023523 -0.636398855664323 -0.761243467625569 -0.879092512013822 -0.983603873301373 -1.07468834988126
# FDY_7_3:
 0.231220867882022 0.207668051259166 0.200846083959377 0.162632784865486 0.139558939249887 0.0995726611989747 0.106702503204605 0.123589150566756 0.156638898984784 0.263457852120137 0.270138693096601 0.318975496852571 0.277827017999147 0.281113639603134 0.279004702782043 0.325696273663679 0.352560793842176 0.402056060927260 0.386922673598042 0.388714183793373 0.372761805115591 0.323035901224139 0.256913553410619 0.266437739859296 0.207011497197157 0.198869345799260 0.151990924540998 0.167077079720965 0.158396409017268 0.232042861267820 0.240972082128110 0.101892789829646 0.0175280515849676 0.0762382442321845 0.124999271231850 0.142165363385879 0.0988801225895519 0.0236223565655791 -0.0232184805784181 -0.0788139612126513 -0.157480724125093 -0.189905940456072 -0.162240479743934 -0.377414119196397 -0.398073456576188 -0.451234422058212 -0.435323732699653 -0.469856316654919 -0.493978117574903 -0.549479009550295 -0.655782455815911 -0.775797649558480 -0.906691734173408 -0.971134057791948 -1.03930807038362
# FDY_7_4:
 0.212024931026490 0.194067289263017 0.197439598877700 0.157635778784440 0.139374236451272 0.0873406917897296 0.102206440638235 0.124436802188566 0.152754388754070 0.275579659303267 0.290715235106490 0.366537113616170 0.314476694510366 0.287089009815141 0.280747104252740 0.324014011067132 0.353470870175198 0.454539946047037 0.419301830426442 0.446935318422860 0.434013780115879 0.365039395340664 0.319248968669465 0.330964811632573 0.246754101939115 0.240487829655232 0.167481662585875 0.237171337748983 0.203812639835789 0.350946155169022 0.295545743482376 0.163297884076666 0.0653145350243091 0.135694464655425 0.151780169870181 0.148812713362062 0.100368799765661 0.0684369639406030 -0.00837734750760794 -0.0807378002474782 -0.177249540361189 -0.248677924131116 -0.227557716334533 -0.442510733941872 -0.479510005913626 -0.510952614507081 -0.521730364968155 -0.547996898998612 -0.568379043091851 -0.636711036955008 -0.738919708133456 -0.868398007785134 -0.974623009654144 -1.04881675821801 -1.12471039663736
