# Number of parameters = 1827 Objective function value = 16726.0547825972  Maximum gradient component = 0.000211226442747617
# lnR0:
 13.7095906064685 12.1090702186473
# selpar:
 1.81020316691959 4.56332147434865 -4.36607765888824
 -1.55500407463876 -2.70559740840325 2.38701856060022
 -2.62512700834458 -3.58315771891562 -1.81496191995926
 0.301122298085865 2.98053897268573 -1.94633148071217
 -2.08004047898822 -2.32411516657157 2.41464402506969
 1.13389569485071 -1.63553302315856 -1.25460982528243
 1.28358298757458 -0.780149540445787 -2.56108110579820
 -0.733943473760211 -2.04713855383068 -1.14376793666563
 -1.79647184062841 0.332571953702359 1.74192650031547
 0.346957399493022 -2.28905854651836 -0.200737563616079
 -1.59142510818955 -2.99465043789298 -0.0593127074687150
 -1.96382059449356 -1.42348290413179 0.559833650754559
 -0.403966075745233 -0.152041794614092 0.260890177120546
 -3.17588237079284 -0.707092180826377
 2.81234989711495 -1.72880604945213 0.141437817757886
 -2.15795446545008 -3.42761132404333 0.138934595176416
 -1.41786462211213 -1.22757147638163 0.450757083401725
 -3.51206005510950 0.532577336000707 0.0953292635445351
# movest_p1_a1:
 0.00000000000000 0.00000000000000 -7.99999999840372 -7.99999999923574 -7.99999999860216
 0.00000000000000 0.00000000000000 6.66816536947153 1.74238857640471 2.40240975244219
 0.00000000000000 0.00000000000000 -0.604219524944076 -6.31654778900277 7.96570863373171
 0.00000000000000 0.00000000000000 -4.63887322968810 1.78624414896416 3.04198188888227
# movest_p2_a1:
 0.0175329624126448 3.47848500426725 -0.139150225984770 -0.179265310589743 -0.0375836780888612
 1.30323161577140 0.000417391359315289 -1.20395119930265 -0.00253553331378864 0.000466517329956062
 -3.41363659395936 1.59730096713446 3.91603689091573 -0.630395126007048 3.27035651932188
 -2.76006445392941 7.06767235750747 1.14487118430328 -3.03651202785021 0.143648627952556
# movest_p1_a2:
 0.00000000000000 0.00000000000000 -7.99999999946953 -7.99999999967288 -7.99999999956931
 0.00000000000000 0.00000000000000 -6.98381162335409 -2.98108899492103 -2.39805846658989
 0.00000000000000 0.00000000000000 -0.721573276595313 1.50309253548903 -4.45254909097311
 0.00000000000000 0.00000000000000 2.78212248678754 -6.76753431191576 -3.84939492136172
# movest_p2_a2:
 -7.99999999465007 1.24971511713521 -4.96822260278365 -4.01930130990904 -5.72846717284886
 3.53108981837655 -3.73954349914706 2.19905777787859 -3.91441809185044 -4.09681985950548
 4.19516997798631 3.58617495354607 -0.580605224075762 -0.288853818133536 0.286844970072712
 6.72067436474562 -0.838253699351632 -2.01710108806343 1.98402961854226 -3.28532023863367
# movest_p1_a3:
 0.00000000000000 0.00000000000000 -7.99999999932751 -7.99999999942527 -7.99999999937269
 0.00000000000000 0.00000000000000 4.97689080787174 -1.01121311151726 0.174285230573227
 0.00000000000000 0.00000000000000 -0.908999252182877 -6.81548089595124 5.76388708643311
 0.00000000000000 0.00000000000000 -4.97451479166294 5.06498682974159 1.77600200831730
# movest_p2_a3:
 7.26548504907641 -7.15141525929507 -0.594089021132524 -4.14023556941248 -2.80254940589007
 -5.91696372589043 -3.42618208605541 -7.99999995415522 -3.67224077763635 -3.96907016086843
 -1.16538015228966 1.22338534857625 0.520062361295556 5.07484373876854 -1.10961701635016
 -2.70071610022760 0.420462953112681 -0.293579276645501 -3.55262387495477 -2.00407396473494
# lnqE:
 -4.83778860629540 -3.29191806118794 0.999999915069870 -2.76328280844604 -1.77684466493510 -1.38458570937824 -2.43481211807591 -0.527288832864835 -4.17910969581419 -2.66556026031976 -3.94478256670762 -3.40991297459472 -3.16877886574073 -1.51620507801469 -3.16698344075648 -3.74562057630453 -4.32871804838098 -2.87689030128201
# Fmod:
 0.982132917525007 2.07257868895133 -0.0381984012637809 -1.19656443760987 -0.711699363565289 -1.10644101837678 -1.46698106656884 1.35307748480902 3.30578948652797 -0.0381978905138372 -0.225093020628730 -0.602289192893734 -1.36320161864776 -0.973017173222454 1.22866834014434 2.44623352370762 -3.00572278942868 0.837209315197665 -3.01758721646126 -2.40579288366328 -0.896967900617190 1.20658403554547 1.36059226570925 3.92388250384886 -0.934918802524484 1.94937965121855 -1.60038871880165 -1.08306671839745
# visc:
 -2.99999997504806 0.413167998457063 -0.341725493321673 1.79203582923888
 -0.0255069465725324 -0.682358868312069 1.12519045354847 -2.99999981726974
# lnRD1:
 -0.396473670345375 -0.210809198800024 -0.155117207375584 0.142815972547290 0.0441011029880764 -0.0282022713956494 -0.282547287412137 -0.0692174479392804 -0.155479518896997 -0.00264251819990193 0.202416136793519 0.292197983853556 0.113439278005822 0.125563303303967 0.0385473703051193 0.343356918697828 0.0642910614254815 -0.0675375165910117 -0.0629337466798175 -0.347378789548698 -0.0519822474912370 1.50792082089906 0.717767087523101 0.537950397885494 -0.314487263913436 -0.524022878180371 -0.685872126547938 -0.775663744910861
# lnRD2:
 0.00878493193943319 0.278918400580434 0.557219656833140 -0.418469158809050 -0.0952784613399059 -0.420780862874364 -0.299745261342972 -0.232412608997992 -0.131759896684632 -0.0764387645739343 0.327775422113747 -0.0326157026073902 0.0643341876006746 0.272940028086834 0.121372777217203 -0.0569757099434017 0.326113079429833 0.104012009225499 0.326861840342713 0.319559436603524 0.0787654984623877 0.550832778207184 0.165742581113271 0.256421016685971 0.231878433621415 -0.651135386443276 -0.786539331938144 -0.789380932508201
# lnRD3:
 0.00000000000000
# lnRD4:
 0.00000000000000
# FDY_1_1:
 -0.0185514832262535 -0.0185514716767313 -0.0185514811787260 -0.0185514975946462 -0.0185514776605590 -0.0185514793627707 -0.0185514842258486 0.202104629844252 0.138879454938978 0.0776658933719260 0.0127733455986953 -0.0149692736382712 -0.0148786449794865 -0.0309747262901630 -0.0401228079719627 -0.0316569568811576 -0.0620384973795763 -0.109609985386247 -0.158681251987979 -0.193187163402781 -0.224908210981514 -0.241584991457784 -0.254432196457406 -0.269310009297135 -0.269598906164895 -0.258481800892309 -0.265416797779725 -0.242954601689155 -0.222353286345392 -0.185993154415467 -0.174903538511545 -0.160394654784981 -0.152971484849052 -0.126946453669262 -0.0595246665732704 -0.0172613118227870 0.0167917650535975 0.0534599400124810 0.0765424233129914 0.112333286863402 0.171211125719973 0.210959043383163 0.256963852692044 0.296846271963435 0.294209666751462 0.282076391826335 0.271568195027640 0.277792875524542 0.296974374805724 0.284935500374450 0.257600524573829 0.166806238992090 0.0887554155707019 0.0450493048341786 0.0207162274989467
# FDY_1_2:
 -0.0252959265494989 0.124555945535058 -0.0252959220774779 0.144164624240331 0.119045687436456 0.0990777637138421 -0.0252959294118315 0.0903010470462873 0.00802700943509854 0.0186158730991937 -0.0403119906765947 -0.0559001864638630 -0.0110335425955738 -0.0199801431543213 -0.0903816487562616 -0.0607252529814405 0.0131009656393746 -0.102439838921408 -0.158227647290953 -0.179648743409998 -0.170949115683187 -0.219913920617443 -0.213662665346796 -0.211887406338314 -0.224295884629387 -0.195848689556698 -0.203600300615358 -0.175197855592450 -0.149117167506784 -0.134455502433249 -0.165471963823078 -0.146740048955725 -0.142219466066569 -0.119752124291105 -0.0220230941852086 0.00415888138724646 -0.0117668260532270 0.0341150003926035 0.0607570757315064 0.135198268662676 0.210268384630499 0.249137027284121 0.249471681453345 0.272700984158183 0.283218200794388 0.261494906632322 0.250960711311749 0.207225136995188 0.188528346973065 0.176745322813712 0.160319816050025 0.0688779118548093 -0.0196115948179726 -0.0473359206857100 -0.0616802537835974
# FDY_1_3:
 -0.0230339399837804 -0.0230339490874023 -0.0230339398497952 -0.0230339390375640 -0.0230339446573708 -0.0230339419556005 -0.0230339407605102 -0.0230339431156272 0.0538540051009351 0.0240338567901697 0.00744031878964350 -0.0147776833209336 0.00963027071104608 -0.0177825909238160 -0.0856901770949347 -0.0600902046124023 0.0190019159833650 -0.0923809342873181 -0.148071336641875 -0.168859060776086 -0.158418315665225 -0.199043747080296 -0.195592559844166 -0.200910142928109 -0.212107388643520 -0.185314079114071 -0.0230339422836083 -0.0230339458669783 -0.136306039776056 -0.120954041275480 -0.147292066954117 -0.0230339393971785 -0.127879082712668 -0.0230339416364362 -0.0230339370963994 0.0258973659748447 0.00735125280449637 0.0620710890451166 0.0837853271367513 0.155532693777738 0.229816424982212 0.264161656080206 0.266502846727819 0.294070525166987 0.304257250064690 -0.0230339394273429 0.263561427310790 -0.0230339413818567 0.204984777298372 0.193564563583807 0.170246855494745 0.0796813709389293 -0.0104644427734648 -0.0380032183950831 -0.0539995554055901
# FDY_1_4:
 -0.0226324111656536 -0.0226324098234597 -0.0226324072359615 -0.0226324083326167 -0.0226324076732819 -0.0226324085388917 -0.0226324085152946 -0.0226324090344997 0.0415622629571187 -0.000356953412320106 -0.0226324058685726 -0.0507686319756070 -0.0467927076309932 -0.0923636209360467 -0.0637566923087561 -0.0429965257379882 0.0180815465563088 -0.109356323172303 -0.124623452857662 -0.153825520060186 -0.158945375520133 -0.202689609414570 -0.210706497990551 -0.203745885919936 -0.209123756017010 -0.174873155745685 -0.176236834744505 -0.142034886700531 -0.149900981280791 -0.122165406725671 -0.0226324046278806 -0.0993266542597503 -0.0944085662532344 -0.0581133674854483 0.0302424191772005 0.0339120562772269 0.0594113809662252 0.139558253432253 0.150232380255742 0.179774111936995 0.186825754137037 0.205144442722344 0.206265283049839 0.224804356920455 0.237234321284710 0.218149792616135 0.222047963120948 0.205936827981120 0.210322892930073 0.201116414168559 0.124017671040889 0.0414363189819517 0.00421871658341523 -0.00229290944468140 -0.0245667706860771
# FDY_2_1:
 -0.0389106897148980 -0.0964257636663505 -0.0784007640213655 -0.0894016546507474 -0.120691515690965 -0.144421338576692 -0.143950726856696 -0.134497921577524 -0.160359536411402 -0.167904639534338 -0.232021976855878 -0.243381679707851 -0.220092876420643 -0.239096527690853 -0.248928927418897 -0.194888543569386 -0.0436277059915743 -0.162863395983041 -0.212858666850676 -0.229917422401229 -0.222574164520361 -0.284820730764184 -0.281975595320968 -0.284144884311926 -0.291526791039445 -0.255228020689382 -0.231334214211245 -0.176496429888061 -0.135514964170787 -0.0876691948382939 -0.0961373911361951 -0.0470714246253063 -0.0280032119813799 0.0109500984543179 0.0926075826121285 0.137182151303335 0.150520425123848 0.173447306125755 0.191602810009720 0.234996824509940 0.280960659689008 0.291815164251483 0.327724152209093 0.329539024007227 0.362514617575817 0.301723118373355 0.262975961323823 0.373468705701446 0.424745423674577 0.446119141520533 0.442564771889178 0.307662716041108 0.203337518265378 0.159016821056508 0.119664297370962
# FDY_2_2:
 1.08885428666865 0.213604929491062 0.160498506593277 0.0307601713654157 -0.0794174955712602 -0.143376077843550 -0.112143446699481 -0.159202772345236 -0.222740761025136 -0.689025662446907 -0.314216491511955 -0.310019746886481 -0.147311509288411 -0.0753433140888967 -0.00162944215812760 -0.0189530758793890 0.0772859085044232 -0.00948794396643154 -0.0230872979231614 -0.0652768016935819 -0.0498820749132663 -0.120784953967954 -0.170857962367310 -0.208909489037050 -0.264641763157787 -0.335248460490550 -0.322890764004795 -0.106842265623141 -0.169550986453753 -0.0804743778667956 -0.0980942709518671 -0.0781198807726702 -0.102453589394697 -0.0290766156944511 0.0535540296636642 0.143124667444219 0.139758179286094 0.166868887038315 0.0797775336169228 0.0518670689360296 0.0617586361123965 0.0204145511569382 -0.0568333473902725 -0.133626292148415 0.0164387875142375 0.126497172307502 0.195051427252575 0.202014592136494 0.244749248935769 0.268089936884821 0.267403504191170 0.267374799124786 0.285476817507759 0.272880679118023 0.265414612712235
# FDY_2_3:
 -0.0604838846632041 0.0258240291032652 -0.0729459309550307 -0.248562216655363 -0.299184273392491 -0.223298129958194 -0.0375285491059852 -0.236924408550982 -0.344699798050526 -0.462897210255516 -0.371685275434657 -0.399174444693747 -0.240946047887879 -0.174864639644701 -0.118580031656717 -0.0894439563186578 0.0547680990627026 -0.0298366326527489 -0.00224513672572217 -0.0572987841171809 -0.0515166709339865 -0.160735558468869 -0.177569760541075 -0.127216878013906 -0.138352874397814 -0.0991190419490491 -0.159646415441689 -0.0358471902918427 -0.0102223825107691 0.0678138139928088 0.0644535860424668 0.0737865320007569 0.0783935544318219 0.125161209537361 0.183033196982645 0.271802099462443 0.404412667607524 0.593068249114307 0.370443022292703 0.119398173458622 0.0980722828351736 0.00304300879548288 -0.245249228191919 -0.129402952476581 0.0898921707470852 0.159401856969309 0.239581415885978 0.198679008786609 0.162773833361416 0.192309121418587 0.246477698592618 0.253410148937510 0.237392511787579 0.231243832996079 0.260843179733948
# FDY_2_4:
 0.172624438354395 0.171135777409058 0.167815698468226 0.107377374477130 0.0628962957021173 0.0618722277244865 0.0805183084527803 -0.00687715508337838 -0.104588191469534 -0.246212019757432 -0.154426459498689 -0.133682100786142 -0.0780950069611945 -0.0675412380923452 -0.0324141684146904 0.0258771906314390 0.0614862822204918 -0.0300665948523777 -0.0547345333908336 -0.0980928271019907 -0.154798252201134 -0.193112443204698 -0.209777487749620 -0.189264150569108 -0.232000067312224 -0.243694372242937 -0.205007089323640 -0.130830044652756 -0.135308915650893 -0.0866633547753812 -0.102812912779886 -0.0782210591054113 -0.0771192712710258 -0.0423957916338527 0.0400172789435755 0.101535377527743 0.103452398199835 0.127173828918662 0.0888290324488850 0.0855567058800739 0.0480035002818582 0.0163872281814408 -0.000282133309368326 0.0672852686338610 0.0962419643953414 0.131821567802005 0.158579196627879 0.134190781627752 0.151476189523081 0.160588060149585 0.150303140024887 0.137387117726779 0.114782792847088 0.0980589027481829 0.164743715261905
# FDY_3_1:
 0.00000000000000 0.00000000000000 0.00000000000000 0.00000000000000 0.00000000000000 0.00000000000000 0.00000000000000 0.00000000000000 0.00000000000000 0.00000000000000 0.00000000000000 0.00000000000000 0.00000000000000 0.00000000000000 0.00000000000000 0.00000000000000 0.00000000000000 0.00000000000000 0.00000000000000 0.00000000000000 0.00000000000000 0.00000000000000 0.00000000000000 0.00000000000000 0.00000000000000 0.00000000000000 0.00000000000000 0.00000000000000 0.00000000000000 0.00000000000000 0.00000000000000 0.00000000000000 0.00000000000000 0.00000000000000 0.00000000000000 0.00000000000000 0.00000000000000 0.00000000000000 0.00000000000000 0.00000000000000 0.00000000000000 0.00000000000000 0.00000000000000 0.00000000000000 0.00000000000000 0.00000000000000 0.00000000000000 0.00000000000000 0.00000000000000 0.00000000000000 0.00000000000000 0.00000000000000 0.00000000000000 0.00000000000000 0.00000000000000
# FDY_3_2:
 0.00000000000000 0.00000000000000 0.00000000000000 0.00000000000000 0.00000000000000 0.00000000000000 0.00000000000000 0.00000000000000 0.00000000000000 0.00000000000000 0.00000000000000 0.00000000000000 0.00000000000000 0.00000000000000 0.00000000000000 0.00000000000000 0.00000000000000 0.00000000000000 0.00000000000000 0.00000000000000 0.00000000000000 0.00000000000000 0.00000000000000 0.00000000000000 0.00000000000000 0.00000000000000 0.00000000000000 0.00000000000000 0.00000000000000 0.00000000000000 0.00000000000000 0.00000000000000 0.00000000000000 0.00000000000000 0.00000000000000 0.00000000000000 0.00000000000000 0.00000000000000 0.00000000000000 0.00000000000000 0.00000000000000 0.00000000000000 0.00000000000000 0.00000000000000 0.00000000000000 0.00000000000000 0.00000000000000 0.00000000000000 0.00000000000000 0.00000000000000 0.00000000000000 0.00000000000000 0.00000000000000 0.00000000000000 0.00000000000000
# FDY_3_3:
 0.0937121136748479 0.0322970491053451 0.0638637958626994 0.0388702926188233 -0.000179286346406600 -0.0371730334114483 -0.0338532845405156 -0.0542826050463721 -0.121961176757151 -0.224372623699167 -0.198749716917585 -0.232215151598357 -0.208077142382344 -0.144528484398343 -0.0983209660613603 -0.122812663147254 -0.0507745077302507 -0.0212817469586598 -0.0300346346871384 -0.0357280548009665 -0.0511804844127702 -0.0979779012892349 -0.115016100136520 -0.131898078750252 -0.181093931183267 -0.124424344364181 -0.110743246450663 -0.0739950390835208 -0.0479259600306830 -0.0205710905516104 -0.0774489701785622 -0.0383115695268937 0.00282087881478313 -0.000833071252587332 0.0735201843559767 0.0779602373112619 0.104490774068642 0.0295893264529564 0.0591000209305236 0.0152098671819291 -0.0360401301066412 -0.0837973908350932 0.0330375096291743 0.0681912237692505 0.0999426208945261 0.191361782414005 0.118045829121706 0.223802739782241 0.246552071167828 0.250612136951489 0.210891856400037 0.208245286272890 0.203993469864153 0.200428444420191 0.159062875570520
# FDY_3_4:
 0.0391092169651738 0.0120459374098464 0.00477570999321675 -0.0107153183931236 -0.0261153819192160 -0.0504115478365640 -0.0481200880110232 -0.121791397458856 -0.156578744684080 -0.0204117778233382 -0.114115529470896 -0.0818671243107011 -0.126544387733666 -0.136521819205172 -0.0325937503183898 -0.119777725082971 -0.0153565127846703 -0.0743710724068859 -0.132108134533911 -0.206203763282104 -0.225361240151376 -0.290846928171125 -0.304681664552608 -0.361381050648645 -0.340429768230530 -0.276931470023551 -0.157195613668539 -0.197477825287557 -0.0553814699361385 -0.251303553157979 -0.114079534263445 -0.136932017159909 -0.0587770833333251 -0.0395286182710998 0.0685929955846386 0.00338803107201280 0.000703379547991936 -0.0720378280261319 -0.0720378312629134 -0.0163034844694357 -0.0106544736762036 0.0802020240810998 0.103595588088389 0.476454997191696 0.391245751206896 0.295214887814265 0.111970183237599 0.294932786779429 0.307741813701946 0.383117618614372 0.370915544492433 0.228160580846167 0.237043137434800 0.580943162910263 0.464792182573847
# FDY_4_1:
 -0.0170257946671223 -0.0843598419062947 -0.129242796543200 -0.198836891221486 -0.233834805939401 -0.266934740291138 -0.292475315415162 -0.291963522082668 -0.306394515515109 -0.285986349036256 -0.315944723339772 -0.332399218501383 -0.365176887339807 -0.363133468093440 -0.343647338915183 -0.324327059912289 -0.311703567099410 -0.306999948135447 -0.345550584145623 -0.370297141965316 -0.416903109690825 -0.444880218900272 -0.469130519913794 -0.483582258647240 -0.492177043418104 -0.447802029637379 -0.377856373035229 -0.304958043505808 -0.251775066227071 -0.152749786606058 -0.122587608242580 -0.0407445993106081 -0.00837709083071628 0.0721975250220840 0.149212083405092 0.221709365796806 0.244839039395230 0.261666475022800 0.276987606595014 0.284371800784441 0.302476886254527 0.359415461560452 0.464356054150187 0.469683873922793 0.454249642555215 0.386005823713215 0.346841695175931 0.553861913799474 0.804994786390644 0.876816551107539 0.925144375726459 0.698840737151409 0.519463310366392 0.441196930866575 0.385426319268910
# FDY_4_2:
 -0.00494206974854724 -0.0389787729496423 -0.0703432610852986 -0.162430402662177 -0.170600816364780 -0.205504601719563 -0.215868987088954 -0.209347952068177 -0.225248364115335 -0.212269626484100 -0.228793794329522 -0.248574691355024 -0.275012016789731 -0.275175629749723 -0.244831066672202 -0.223595835558318 -0.214753842610801 -0.200492575530412 -0.248260790034731 -0.279606114550395 -0.347007891438704 -0.365680446886103 -0.399610395818518 -0.423785292938091 -0.469685342496726 -0.426354964373749 -0.341588958731486 -0.256220951605755 -0.204199326790177 -0.102963799625836 -0.0748174717078172 0.000247976227381405 0.0334613078945391 0.108153139199220 0.184400483070740 0.228307555146713 0.275427504384734 0.288095695374231 0.304042384202220 0.289216992907760 0.310583525133444 0.365092409398685 0.411863595346983 0.245622517700075 -0.195800797500770 -0.196795406102038 -0.106070871232975 0.324617028396634 0.636271697975833 0.745024284007634 0.837925053289929 0.689960177301221 0.580628837537166 0.521750409281754 0.484520554939284
# FDY_4_3:
 -0.0102729583289567 -0.0611002491552841 -0.102605655774953 -0.168070534797244 -0.201440203286174 -0.212546304586749 -0.213723804143889 -0.196047941831649 -0.175853062376078 -0.152323468281329 -0.178331813087292 -0.217453473771178 -0.265225033905538 -0.285163575394197 -0.277083050605132 -0.271947990466910 -0.245948045722094 -0.207182435177010 -0.234676366422292 -0.265354209641130 -0.358389200049464 -0.355234086945340 -0.384969466279321 -0.393386550871969 -0.436756225040415 -0.380550687043555 -0.347839454718953 -0.295795008735889 -0.239250920434874 -0.144481451740356 -0.104031912688507 -0.00573124602766437 0.0401990872868337 0.125854956991156 0.207281182970621 0.282042760332355 0.306296097901857 0.292899105371256 0.328580954453897 0.340006922750298 0.341376241986047 0.380089884796024 0.495161673059182 0.491546492612441 0.545537212649684 0.588756691493186 0.306510390063627 0.211843267050064 0.239301944808589 0.207493582199926 0.282469177855476 0.313282859312892 0.328190010658699 0.349281778267777 0.384764112459496
# FDY_4_4:
 0.108228981995162 0.0570406363059698 0.0231975563391988 -0.0333480477902702 -0.0558591675634826 -0.0106693436295787 0.0432116260730315 0.119547344442858 0.193917969603088 0.184925323366929 0.102512510316593 0.00393454477495542 -0.0923314246026928 -0.170504887967270 -0.157480306014645 -0.134270459552421 -0.0781332596633742 -0.00282152609770631 -0.0273795228555743 -0.0424079542179619 -0.132586580585481 -0.210345343679971 -0.241091658685053 -0.233196626859476 -0.312848535560617 -0.340797991060739 -0.358132874935481 -0.363406997349541 -0.304447011969799 -0.210181836987017 -0.156740842881800 -0.0341010645584015 0.0218811980728186 0.111715668765821 0.185890899896897 0.258168048742496 0.274927329881985 0.224678723713034 0.253389929003829 0.258914414401542 0.217783504125298 0.245371770891206 0.380755716149614 0.407682940291165 0.494405996115910 0.509278711947196 -0.139991814079956 -0.414684111112598 -0.456466936723873 -0.519070153964514 -0.281648357207131 -0.00157603415062951 0.104224655658262 0.268825193222834 0.462109478209361
# FDY_5_1:
 0.0122454732219986 0.0122454635355683 0.0122454722295694 0.0122454706121254 0.0122454706155058 0.0122454713652741 0.0122454715799433 0.0122454786940170 -0.300563139059541 0.0122454750640238 0.0122454697910986 0.0122454733972895 0.0122454711742491 0.0122454738544723 0.0122454724827109 0.0122454739047449 -0.301498967275683 0.0122454674189863 0.0122454683569232 0.0122454724650379 0.0122454732285454 -0.430841648414179 -0.449456780023445 -0.452612485702428 -0.474920208572246 -0.428601712172082 -0.363262331968359 -0.289047793626660 -0.228443412695250 -0.137810190677939 -0.110714820038508 0.0122454723127571 0.0122454682588985 0.0122454728375364 0.166115303535378 0.239201060176617 0.235745666872232 0.279050075197079 0.0122454756000928 0.0122454785704101 0.318428440677348 0.0122454724676145 0.487181386204985 0.533690767986794 0.534659285686866 0.378069526194350 0.0122454705017124 0.0122454714267902 0.0122454739594390 0.0122454732304372 0.0122454673266025 0.0122454706723741 0.0122454724830342 0.0122454694509689 0.391531405603921
# FDY_5_2:
 0.158921494584336 0.0934730081688556 0.0102561958323374 0.0490153587604553 0.0102561931569237 0.0102561929083537 0.0102561956788593 0.0102561981869934 -0.0573117109425093 0.0102562001976597 -0.136248867472970 -0.152940758415987 0.0102561980715587 -0.183357653782877 -0.143515667117189 0.0102561998783383 -0.0943346276125410 -0.120903491691957 0.0102561918852281 0.0102561950875954 0.0102561959533357 0.0102561977729158 0.0102561952867259 0.0102561972141539 0.0102561944337815 0.0102561961061317 0.0102561955077038 0.0102561969588692 -0.226790098906640 0.0102561896558843 0.0102561935414499 0.0102561955333597 0.0102561978574606 0.0102561970331298 0.132374011494400 0.0102562008461685 0.250858771882201 0.0102561956787492 0.0102561970148413 0.0102561949390404 0.0102561987541442 0.0102561999188730 0.0102561987255431 0.0102561996823688 0.0102561940803087 0.0102561959151263 0.0102561893088268 0.0102561985117870 0.0102561954923223 0.0102561968622958 0.0102561886270761 0.0102561980412149 0.0102561937402234 0.0102561951476726 0.0102561960270901
# FDY_5_3:
 0.248145286791537 0.223705165688045 -0.207296547565605 0.0819655809022169 0.0572890843868180 0.142841783795786 0.226833816218681 0.315040092283955 0.456819044137804 0.310221597372558 0.208562095271748 0.111095296981063 -0.0540333803093590 -0.138026915164364 -0.114637613832267 -0.105686885518084 -0.0669990857200563 0.0227744635279535 0.0377491700373126 0.0302229800870558 0.0541707068964371 -0.203300286474299 0.0541707036065887 0.0541707061963784 0.0541707060645096 0.0541707081251378 -0.419220578200840 -0.407441839863499 -0.350565875153119 -0.254000618084439 -0.245731977903444 -0.190420767500357 -0.107965202261081 0.0335134807208762 0.115275204455521 0.172610431190135 0.197555473482881 0.145521918597662 0.206580823682563 0.222794740957856 0.137946045121788 0.204305680426793 0.332106821698456 0.381043882277129 0.446453015225511 0.388385226383844 -0.356630029779661 -0.646687057707398 -0.755256497209638 -0.780811017453150 -0.520990089060523 -0.195381357248055 -0.115172525395267 0.126756678567990 0.381287736243914
# FDY_5_4:
 -0.0361377823040512 -0.135446282355817 -0.172495952217218 -0.0361377814415145 -0.0361377843240167 -0.0361377813799060 -0.0361377843638577 -0.0361377815495383 -0.0361377845283013 -0.0361377822700144 -0.0361377856447469 -0.0361377785964738 -0.0361377878698106 -0.374319439333704 -0.0361377857460241 -0.275257059038179 -0.0361377805693677 -0.261410671571794 -0.0361377807115606 -0.232381260870499 -0.370042732131098 -0.421922640569073 -0.454091395728918 -0.443657437811113 -0.486862012962919 -0.445054585016251 -0.327425855796155 -0.369553730010227 -0.306065466898271 -0.230435751499502 -0.0289770066361437 0.0810868901335586 0.0387879821184425 0.199465242159359 0.358420283002025 0.502459636216266 0.282792113446390 0.329915846406150 0.425840997144718 0.361393883975330 0.433086547496174 0.272697207907836 0.456139473801430 0.759336789962452 0.782222380075780 0.416848436058487 -0.0357060155240971 -0.270476641637812 -0.293966582941260 -0.343648554329299 -0.167722713670009 0.0872234287755960 0.224848375256776 0.377226210681820 0.563057025229950
# FDY_6_1:
 0.0194225989484392 0.0194225960610555 0.0194225861040905 0.0194225933638752 0.0194225921361569 0.0194225920875362 -0.425928265210872 -0.435116293507425 0.0194225915652038 -0.432524673733722 0.0194225936569892 -0.468560775586524 0.0194225944433948 0.0194225931126922 0.0194225892821891 -0.465222517933790 -0.451317027788461 0.0194225912552802 0.0194225925258007 -0.508850692021617 0.0194225924072858 0.0194225961624011 0.0194225885171948 0.0194225960727857 -0.625756276781430 -0.579572273056040 -0.514162334167608 -0.437736805207928 -0.377891906229361 -0.287844604313784 -0.264082685691697 0.0194226011552366 0.0194225961218655 0.0194225935298189 0.0194225924960237 0.0801542677321401 0.0996996558336083 0.0194225883620478 0.0194225948913787 0.141029985375196 0.159494295274026 0.222390374119126 0.317601836097388 0.320962728990293 0.251943439179443 0.0194225975828586 0.198878274667907 0.405977132367399 0.656665917189687 0.729104930181284 0.775649519534893 0.547700973696696 0.371773027324770 0.291628810361232 0.237769721463569
# FDY_6_2:
 0.201626597123323 -0.0853639825975629 0.246969894957397 0.216496064072766 0.0343414340460524 0.144110978552236 0.124562119995398 0.0401050761865114 -0.0987571094108328 -0.133073464547470 -0.277146090978473 -0.0327988548310869 -0.148231618770729 -0.0195594463944633 -0.00693741353144838 -0.188866487034250 -0.166530346348864 -0.0618119334011360 -0.0435329529923485 -0.203807883221742 -0.180213311284299 -0.546905999626789 -0.669869791743196 -0.139484337229772 -0.454369629691337 -0.496038939823851 -0.328748885439928 0.00706752025184310 -0.182486385590443 -0.169979208885712 -0.120218837012114 -0.440125256176145 -0.476409410142274 -0.135206686373953 0.0493184906681639 0.0630583185452367 0.0328196515614949 0.0369042516779063 0.141496849361848 0.229130795711111 0.292114702226020 0.241597963721502 0.501735700448686 -0.518206293303860 -0.255028466489310 -0.474602884789995 -0.585174375143411 0.0516802949766011 0.727929424369381 0.852653172827037 0.751677537226772 0.606564801144942 0.640760823493454 0.720858233083011 0.683905586578101
# FDY_6_3:
 -0.0562780527145345 -0.0250327781700804 0.351505915048250 0.339666820398267 0.267917209597955 0.180202627359064 -0.158582276093906 -0.268898025538934 -0.263115446732344 -0.183770664604949 -0.188188872562714 -0.289649023472506 -0.349223419756158 -0.00874831140888389 -0.0115741303866704 -0.0390395689229847 -0.390725702589994 -0.264440390213526 -0.196486975189833 -0.344645716427107 -0.426874672050749 -0.530701477601346 -0.695789543704670 -0.645691574740110 -0.633211200151792 -0.587441526366259 -0.512061585345494 -0.384240935772592 -0.387650394755216 -0.181994943566619 -0.276831181359882 -0.233836773389431 -0.175674069613580 -0.0222012281433669 0.111287445895676 0.165929409512458 0.160737774127304 0.191397829596738 0.262032228315606 0.232800092916992 0.242466024129618 0.359917758856520 0.437038099753877 0.201112081861229 0.151099166371817 0.00800973028904594 0.207470803118848 0.626229398903280 0.825486254822162 0.954008699112473 0.695522484849416 0.419890202635639 0.465215165142803 0.439874765760815 0.435782472970378
# FDY_6_4:
 0.104460286730156 0.255948366790637 -0.0527770699631863 0.343656970651191 0.285147976926559 0.219405002736372 -0.157106917223195 -0.228687528492346 -0.0963613423168247 -0.293191961711098 -0.0742308003976221 -0.289265877388822 -0.0713258416002295 0.0343946965727299 0.0189323900189979 -0.0505468776828445 -0.272236027858980 -0.0976214662401161 -0.180409098496242 -0.180251247433153 -0.543821709183897 -0.517060928381183 -0.653318269192210 -0.877571509704178 -1.01159446231742 -0.724906685664599 -0.523794902258959 -0.462820241603750 -0.377553486018165 -0.278584922385502 -0.442004734390491 -0.236209527461688 -0.104151567663724 0.00249430584654489 0.204465191726520 0.128828126060202 0.0896754482508494 0.164105307105435 0.299820139966269 0.301234816206600 0.264568490689467 0.289034278988454 0.542122946544465 0.0740384580256998 0.212348438659337 0.0883886991499256 0.255271324075514 0.598558095910901 0.799291924111122 0.906355459235122 0.673199616003132 0.346627149584850 0.451625527100495 0.421619320260832 0.421786249102046
# FDY_7_1:
 0.00518353765834954 -0.0562518299756558 -0.100881029572006 -0.165996095373772 -0.205273422751365 -0.240833182320542 -0.229061532096821 -0.204024888824506 -0.173623684849935 -0.135194100570630 -0.157005658869818 -0.195106583215903 -0.251962536765420 -0.277338866510045 -0.294632904898512 -0.277588912195304 -0.260569201235310 -0.233805153059265 -0.233315666821056 -0.255468065121519 -0.296241684791265 -0.340676056568515 -0.374619927975694 -0.367686070746087 -0.377157103805964 -0.353155376123829 -0.314568424572663 -0.298406669215830 -0.269779177699250 -0.154139172971053 -0.106883796650149 -0.0100793574734430 0.0460331160307916 0.129960791258523 0.217852307795734 0.263911330858979 0.288653279992142 0.264151765892946 0.317352245727105 0.314705648543343 0.321231193050095 0.351917032171684 0.389956370119369 0.442020087948694 0.576789355477929 0.661273514391314 0.728436040935362 0.461267616929004 0.233249998417680 0.167917828400257 0.0864099925740875 0.144606712886357 0.225204551819552 0.262611849941835 0.310629964799996
# FDY_7_2:
 0.0622971952835100 0.00456256166812147 -0.0377779243430417 -0.106771177015299 -0.146703062228511 -0.188784453268760 -0.193074790170053 -0.176857254593949 -0.191141240793457 -0.135444640288385 -0.188928318225704 -0.255186176202222 -0.260059423302681 -0.313940695923998 -0.275741438132229 -0.331018174185896 -0.339916820067619 -0.261862185705327 -0.258764574483738 -0.264251674615165 -0.306437947907394 -0.342970278937534 -0.336361435787652 -0.347753605835206 -0.370499198393530 -0.341672174468797 -0.268179143803147 -0.212362796806776 -0.209326576991205 -0.0797379678128823 -0.0453408911766442 0.0433230503282391 0.0557381974629087 0.0843893501538299 0.145880562303073 0.224183017043204 0.246176465801344 0.259464705572610 0.167289018279230 0.147613249088271 0.173128639154059 0.132477266130075 0.170814543957860 0.298099775467919 0.497367899032032 0.599814619486024 0.668011907354398 0.522050457367356 0.419522560865112 0.358511547773785 0.317774006223032 0.310614922181026 0.285164073768706 0.290158214993498 0.302438234727577
# FDY_7_3:
 -0.0560955243639285 -0.104295141288700 -0.146736175694625 -0.216040430097636 -0.256166254816976 -0.293801348840422 -0.295831313623269 -0.286357004043152 -0.269821849606556 -0.232559541925756 -0.249628605369175 -0.273254106254000 -0.319647035352065 -0.331967663772388 -0.332331562086314 -0.313630562364979 -0.295813327107376 -0.271002460531744 -0.292468448440408 -0.316425966930949 -0.360020236124415 -0.395020750782227 -0.424727763974889 -0.412677111728938 -0.430546673261973 -0.395396294684379 -0.339024354754741 -0.281566585108540 -0.237630946868380 -0.138155107578436 -0.105235606720460 -0.0105417827040661 0.0380766096110470 0.120790158546219 0.215025117686958 0.276599113724884 0.304932586400047 0.308809805881020 0.329182497668612 0.338314414682606 0.347288480810286 0.397786779019529 0.525600177924796 0.503970043029761 0.595114616656379 0.636826546292765 0.630568769013866 0.532533064925252 0.491192918213370 0.481512032150005 0.390985727078474 0.348552364619395 0.294222442310685 0.318150413993488 0.258382856562417
# FDY_7_4:
 -0.0651720462515923 -0.119255807632983 -0.159766279301431 -0.230022198891883 -0.268989702081220 -0.306903570962730 -0.309409703708116 -0.299080657863024 -0.282490872165206 -0.243981280293500 -0.260404019345607 -0.281675907737788 -0.330952548514142 -0.346100306532700 -0.346940216806326 -0.326372287658101 -0.307310476841889 -0.276647898852638 -0.301106873700978 -0.322593749008990 -0.365020642208899 -0.398426671593149 -0.425154901443139 -0.406850505114627 -0.425324306979944 -0.384509410820669 -0.327519150749760 -0.263097867244838 -0.219691264587351 -0.0950930032655517 -0.0718211409591704 0.0296984607374187 0.0686713449182497 0.157753778406216 0.243145596497361 0.297182646694969 0.328260113895589 0.361399706280247 0.363756003658623 0.393400057967660 0.349395063914634 0.427525398880371 0.527153038838396 0.490551191251189 0.574666687470567 0.639884465087582 0.596320724669198 0.499394128328779 0.473161653138626 0.451398187821165 0.367917782002439 0.302541325090252 0.277873846330394 0.302678213155959 0.243955854082056
