# Number of parameters = 1827 Objective function value = 28393.7200956947  Maximum gradient component = 0.00249913925022388
# lnR0:
 12.7743240822087 14.2575720727477 11.5957192648046 11.0000000131291
# selpar:
 1.26413416607584 -1.23677785742750 -4.12596047573658
 2.24899821983456 -1.19844513870470 -4.06773225129475
 0.901871594275000 1.20350345328468 -1.93288743701979
 0.193977813097540 -1.31419546945866 -1.67200420801737
 4.35513137655705 -1.07552846212957 0.00298893266055256
 4.99999876000208 -1.31866820051751 0.0167553215069107
 2.00636781784391 -1.55429265734966 -3.82504002474149
 2.38456740971628 -1.33090153575186 -3.04491679145140
 1.24053317344742 -1.25335768952541 0.684750353450462
 0.723825372518475 -1.02689919353209 -0.408610402463237
 0.692432018255963 -1.91306192987541 0.895764141906631
 0.537100434291697 -1.65274564416480 1.69475178455587
 2.02191714577172 -1.74116282660653 -3.66129651942187
 -0.103339873220683 -0.00899040228058290
 1.01687576226487 -1.74141540994169 -1.64190838698212
 -0.882810905200531 -2.91148803745065 1.80290674928324
 2.32882271371748 -1.18251304344379 -4.25767983218513
 0.486033075183784 -1.87229921758942 -1.29177363927677
# movest_p1_a1:
 1.20841311412186 -0.766701317280827 0.627234769136351 0.140385186183321 0.857722560307369
 0.271848068393489 -0.776338437293037 0.910818923044660 -0.764529873981475 1.29813377441634
 -0.569819702873861 3.14689829811824 1.03495614782882 -3.80894545787898 -0.974727561130697
 -2.25331753193686 -2.92278916547013 -3.21535737707832 0.832956800425128 -0.555124395398889
# movest_p2_a1:
 -0.743678430424072 5.55951682187474 -0.136802403810733 -0.0989210014220259 -0.115027394901774
 0.639522923979195 -0.0346544673049145 -2.65827642154959 -0.223484302221890 4.35713246601717
 -1.68220456196428 0.171056406632111 0.874363910668526 -3.16983611519812 -1.25889482892633
 0.958551339200561 4.27847032151317 0.0152875355787234 -2.11777970698230 0.0918912038734927
# movest_p1_a2:
 -4.58704199641887 -3.92845004012203 -1.13594740835433 -3.49186104879680 -2.83531425338679
 -6.16324998167438 -7.27906922040176 -2.75102121930334 -1.56343491897946 -2.54235704665821
 -1.42649559195510 -4.51221871951241 1.96087450097455 -1.44335809882340 4.17277749358437
 -3.52850031103175 -5.32404105321839 1.52073112568942 -3.35350430103878 -0.0453498590246397
# movest_p2_a2:
 3.28450182464025 -0.689387529803695 -4.33877006129171 -4.65934018704719 -4.49518387355064
 1.18356605318678 -3.40662635424103 -0.868882007017904 -5.73870985268559 -5.01718478789598
 0.594547546366904 -2.53161474570853 -3.27402078508936 -4.07646002825568 -2.35723981353438
 6.18851848058494 1.09734492205789 -0.486205184672769 2.39768664595027 -3.10428001227585
# movest_p1_a3:
 3.01511051984249 -1.45925648217065 2.36682689350671 1.53679685733425 2.51140764410783
 4.42489113505646 4.11265827162440 2.52140686774466 -1.84968521815238 -1.95945128669637
 2.34242713211927 2.95145697815501 0.604149833372137 2.21760289138351 -4.62920068663140
 5.26796743543115 2.63187945961534 0.977753510237592 5.64263417661056 -4.58327474498887
# movest_p2_a3:
 -4.46913630725332 -5.82551969017441 -3.47433141169615 -3.87414399493308 -3.76362047467487
 -2.77760295826462 -3.68806704458993 -5.97632523895419 -2.67139562415380 -3.20376564011809
 2.56916032920099 5.04841288369112 -0.793638166086093 4.05309460625195 0.0126707146487224
 -2.10379995962344 0.464812905736151 -3.35926290589399 -2.09979034037724 -2.58767615889307
# lnqE:
 -3.78760761231229 -2.23461278768961 -2.33900204033337 -3.37508464904983 -0.753378959523635 -0.671872981998927 -1.29018816677677 0.179090506657131 -3.75054800627249 -2.00922378920499 -3.20158852941119 -2.62794470549610 -1.76221813355373 -0.656711431901943 -1.39006890001165 -3.07776662275044 -3.33747907446714 -2.09910854686412
# Fmod:
 1.97158235809337 1.29197418037081 1.97521905720421e-007 -2.41379548418954 1.78197344991027 -0.727019248439698 0.00677942526679343 1.86618317577256 1.15986306207972 -5.42210745191340e-008 -1.54830065624943 -0.207329306439013 -0.139746583872596 -0.0742161114315738 1.73790214408929 -0.0138478366519326 -2.03628821616171 -1.71406347915345 -1.72897238497275 -0.998772480604859 -0.0301326828825708 1.95964941550729 0.517227856120864 1.91094211017024 -2.32298520721149 -0.0871905377552948 -0.175650324269960 0.0142332196038375
# visc:
 0.704052591295767 0.529098557836951 1.04427342460878 1.62138552617925
 0.380858993095885 -0.451213646963844 0.409811567039281 -2.99999957178715
# lnRD1:
 -0.764387919033899 -0.448671868430254 -0.210895369241529 -0.0867298079737021 0.194381447104558 0.198045886616347 0.248615141784915 0.305750211231134 0.000777914412219841 1.07857979112379 0.170104288948411 -0.685569716541994
# lnRD2:
 0.298885813813794 -0.150270151436046 -0.391706730561908 -0.130476153054834 -0.301577726673856 -0.447224294784538 -0.458479913811472 -0.327293280534659 -0.277862273196087 -0.0106958759508164 0.359634674885432 0.0663626582003467 1.28580246544282 0.127424230236085 0.368596584562108 -0.0111200271363683
# lnRD3:
 0.281976669329106 -0.369021425465942 0.504418609986541 -0.0207329870326320 -0.396640866817073
# lnRD4:
 -0.171259090441747 -0.229671663367122 -0.264526886731261 -0.317933202689936 -0.293901540711195 -0.383510685943525 0.0903137040880353 -0.539858426897613 -0.485063405102605 0.242723759869643 -0.670610796295627 0.0541437378255308 0.209071673228169 0.140719466055678 0.306648869225619 -0.223834814130860 0.280081083656804 0.0250767394272851 0.173390292893581 0.669771166057173 0.823635298292061 0.379466348149679 0.185128373542232
# FDY_1_1:
 -0.0358469688609035 -0.0358469712567222 -0.0358469591781885 -0.0358469927868252 -0.0358469747401260 -0.0358469413163787 -0.0358469650257616 -1.03946757813597 -1.07242126379512 -1.09013892457688 -1.12371716652457 -1.07834304630043 -0.962045277068531 -0.849433745445460 -0.694634281499299 -0.436824780258704 -0.356679576218301 -0.240510122184296 -0.271970843320680 -0.286495364075173 -0.309184462538754 -0.231785162129153 -0.229538323793916 -0.206114995567391 -0.142121690375131 -0.00383290458307050 0.0329206493916836 0.120503599481201 0.166728788078524 0.273887135843464 0.358393802968634 0.430831196597334 0.447923323565948 0.479594198739689 0.566132525114069 0.697835475765046 0.775449629414240 0.680141628327985 0.562714397595757 0.577868461116651 0.623477698191849 0.581821210387625 0.598292895967575 0.569346454467708 0.535186027015432 0.496454830397490 0.467866029761662 0.413011787921397 0.337642294237894 0.303581684459443 0.233290777838294 0.0764318349463429 -0.0647502706040519 -0.185982261804533 -0.280407523628622
# FDY_1_2:
 -0.0339305932066854 -0.841358329332849 -0.0339306038712560 -0.845524611532324 -0.865758492402406 -0.877429159384169 -0.0339306011609982 -0.870329313540418 -0.889493924938989 -0.901564642807212 -0.919716040813857 -0.857044105545100 -0.714308241755601 -0.585115721839963 -0.459612185197642 -0.276059727364372 -0.0823400515666047 -0.144603305650287 -0.172091459286333 -0.188786069358983 -0.161465461672712 -0.148143573915490 -0.125545127831684 -0.0788456655958455 -0.0530162992488084 0.0611155730406718 0.127939290214776 0.222771388185737 0.234376119521430 0.337957810329413 0.396356533503525 0.482037455788121 0.475421456887748 0.494322431726589 0.608851888079320 0.719659802667969 0.736760456411109 0.651870056181696 0.557995946985687 0.585180728303594 0.603710237242735 0.585294422280052 0.579894829108477 0.555500100426455 0.521719966175922 0.492552538497785 0.467563030071562 0.402323618731271 0.320770952897487 0.271536312258684 0.198476073780461 0.0613636357289388 -0.0875897918985649 -0.199784120331239 -0.306005433976818
# FDY_1_3:
 -0.0315982127515534 -0.0315981904531174 -0.0315982535896961 -0.0315981928561854 -0.0315982532272669 -0.0315982295572258 -0.0315982612121880 -0.0315982339950697 -0.785988434931338 -0.800216845573463 -0.772715854253095 -0.730488538730779 -0.601548432857224 -0.480351886646220 -0.365000508119104 -0.224230181730320 -0.0212249271818243 -0.112221606925879 -0.146215251300827 -0.163144236550375 -0.134931441319531 -0.0896341718360331 -0.0859603793813694 -0.0744016903195831 -0.0504621972221283 0.0450959081892389 -0.0315982171066981 -0.0315982109563441 0.211538579160954 0.288964825215192 0.366449905792419 -0.0315982029460957 0.457080478314768 -0.0315982315399465 -0.0315981866654051 0.540625541944361 0.558546634351682 0.567649725807955 0.465872076606434 0.437197276279860 0.470109051821359 0.428961497124720 0.409238425121090 0.422794403199816 0.417035669905912 -0.0315982235401697 0.387353755433175 -0.0315982299729031 0.227896866277137 0.147905812054009 0.0884556261479702 -0.0131487272462078 -0.141927640217330 -0.273671029414728 -0.397314746620827
# FDY_1_4:
 -0.0356299944054589 -0.0356299557520585 -0.0356300088538765 -0.0356299936899611 -0.0356300177588724 -0.0356299865779425 -0.0356300120907229 -0.0356299967185100 -1.05376514984912 -1.07987644135743 -0.0356299516716629 -0.970638273021542 -0.847889138024560 -0.745370688997307 -0.594178769986040 -0.435155051321556 -0.176671366487202 -0.291081445416480 -0.292074784787947 -0.316887515104993 -0.283988310066754 -0.214996513746313 -0.204571838313876 -0.197398296703078 -0.148544061945135 -0.0294722537099816 0.0109503699097978 0.128682789041112 0.173451081117114 0.346148718276279 -0.0356300529558191 0.384363060660511 0.407790056850749 0.525888169841799 0.969632212569942 0.666369287820888 0.603910395851468 0.577381199766133 0.517988030800806 0.552704347176031 0.469261608296454 0.517773681941596 0.418407729756109 0.361760819443489 0.373805126021312 0.332273997385363 0.306224103505229 0.289924761401756 0.220237913461977 0.180259354671302 0.0199180647826852 -0.121272308864278 -0.246293039019650 -0.290612660872766 -0.458069002279006
# FDY_2_1:
 -0.107157286985912 -0.179779131202493 -0.169441269663403 -0.186293718514588 -0.216320136919991 -0.240975481304965 -0.240468872164887 -0.233771737568126 -0.258852050068026 -0.269721705174323 -0.288974657498944 -0.241281005160216 -0.156518376546185 -0.104882552773373 -0.0290636000167302 0.0719766623248159 0.310772557430627 0.149560501207847 0.112295043060087 0.111749279321804 0.135541540446457 0.0632627182700613 0.0843627012992336 0.0887768990066207 0.0873669101290881 0.0394663656837120 0.161612686941891 0.168247301184369 0.139534541132068 0.218591958821080 0.218523078350113 0.315004178583677 0.212406355177448 0.156398701242191 0.185815195761673 0.189633869083340 0.168154628206921 0.165635914674528 0.113138156956415 0.0907006752637749 0.0659150048863541 0.0695267651682763 0.110776448011341 0.161410179291615 0.195170922546549 0.168027103570470 0.104810462541538 0.145684878637634 0.0927350882440117 0.0206867498667347 -0.114879623339002 -0.249255566759133 -0.395115238788099 -0.532097105543482 -0.678422906332486
# FDY_2_2:
 0.122059559733599 0.0262088597105497 0.00963188712949435 -0.0189008095152176 -0.0575168779313012 -0.106986561500638 -0.134300433605074 -0.135007498878215 -0.157665693705862 -0.496065598008698 -0.130866549465494 -0.105641730236942 -0.0388729212257456 0.0225797499880013 0.0776538360280255 0.123355240145978 0.217713392652404 0.140216419539962 0.130653053888973 0.113181377202778 0.137691509577257 0.0814841652461359 0.0590345526939998 0.0538741563176236 0.0214936394228337 0.0209152088125378 0.127026377314836 0.177984166920116 0.0718283749879859 0.219480926409172 0.220563354627825 0.339897489309061 0.233027728237104 0.110997034010574 0.117514186595425 0.139332210626724 0.111812341137884 0.0554911359445945 0.0134873286737406 -0.0489117725569971 -0.0892310792602148 -0.0976827214746466 -0.0969509737308819 -0.0904100419115160 0.0322693113021207 0.0987779951617694 0.102301161868773 0.0657372227934129 0.0540042694499160 0.00379672571612343 -0.110402448886326 -0.228602115358595 -0.371715370091173 -0.522556076860069 -0.614788674973705
# FDY_2_3:
 -0.144875896599639 -0.200041948534260 -0.194991730170191 -0.239766822575701 -0.268973594287592 -0.296321453211359 -0.257195282814353 -0.275435886678880 -0.321241447203094 -0.355754016879363 -0.209806995904555 -0.179039836074439 -0.0918486316098804 -0.0238657682641204 0.0548876547789467 0.122181427088858 0.213851114737983 0.176445067925419 0.180948424804631 0.163777546151887 0.172315195812350 0.114466947112807 0.0873509950510664 0.112429233098022 0.114850956698497 0.169825015591911 0.120441120074721 0.166344749478522 0.209999646610499 0.337214242449586 0.404763366584788 0.281693977182824 0.165477879766547 0.170680285189279 0.218078868695947 0.252824086017678 0.216419862379149 0.152070530663622 0.116843603741605 0.0361316783421854 0.0176153556297358 0.0129575749571666 -0.0456130389666878 -0.00649302408345312 0.110877253009166 0.114494762450267 0.0995603351668921 0.0727827435947639 0.0527117082729671 -0.00818485682534290 -0.108011471108550 -0.274277316851158 -0.423740628801182 -0.501764218817127 -0.586069342849360
# FDY_2_4:
 0.101180029445441 0.0960193651954824 0.0709252826323117 0.0154513617572492 -0.0164793867944408 -0.0122481053274366 0.0115352375230882 -0.0729789443119064 -0.167997625422538 -0.150132725045165 -0.0507559163687969 -0.0677159816584800 0.00703969987771160 0.0627897860400606 0.110606328415167 0.116411948365947 0.194431601935018 0.123734482645199 0.132003165219367 0.105704699817888 0.0748723310706203 -0.0773868551664178 0.0147885136876647 0.0664984315555102 0.117899281891145 0.160635619205582 0.141645489218305 0.108204321248088 0.176582889889344 0.269527953510156 0.379550324218207 0.211633456079162 0.0643308150227218 0.0754336152057298 0.100740742111938 0.139881274139854 0.130590752077211 0.0908750708493016 0.0207962034176102 -0.0103623556583652 -0.0342097403175763 -0.0132671869691907 0.0540843989469138 0.0984871915652499 0.110278737670919 0.0341595001665165 0.0216701263006845 -0.0378194226075616 -0.0842775483136475 -0.174041541183110 -0.280032706740696 -0.447594189912077 -0.612307232379493 -0.719305873810382 -0.782086689931084
# FDY_3_1:
 0.00000000000000 0.00000000000000 0.00000000000000 0.00000000000000 0.00000000000000 0.00000000000000 0.00000000000000 0.00000000000000 0.00000000000000 0.00000000000000 0.00000000000000 0.00000000000000 0.00000000000000 0.00000000000000 0.00000000000000 0.00000000000000 0.00000000000000 0.00000000000000 0.00000000000000 0.00000000000000 0.00000000000000 0.00000000000000 0.00000000000000 0.00000000000000 0.00000000000000 0.00000000000000 0.00000000000000 0.00000000000000 0.00000000000000 0.00000000000000 0.00000000000000 0.00000000000000 0.00000000000000 0.00000000000000 0.00000000000000 0.00000000000000 0.00000000000000 0.00000000000000 0.00000000000000 0.00000000000000 0.00000000000000 0.00000000000000 0.00000000000000 0.00000000000000 0.00000000000000 0.00000000000000 0.00000000000000 0.00000000000000 0.00000000000000 0.00000000000000 0.00000000000000 0.00000000000000 0.00000000000000 0.00000000000000 0.00000000000000
# FDY_3_2:
 0.00000000000000 0.00000000000000 0.00000000000000 0.00000000000000 0.00000000000000 0.00000000000000 0.00000000000000 0.00000000000000 0.00000000000000 0.00000000000000 0.00000000000000 0.00000000000000 0.00000000000000 0.00000000000000 0.00000000000000 0.00000000000000 0.00000000000000 0.00000000000000 0.00000000000000 0.00000000000000 0.00000000000000 0.00000000000000 0.00000000000000 0.00000000000000 0.00000000000000 0.00000000000000 0.00000000000000 0.00000000000000 0.00000000000000 0.00000000000000 0.00000000000000 0.00000000000000 0.00000000000000 0.00000000000000 0.00000000000000 0.00000000000000 0.00000000000000 0.00000000000000 0.00000000000000 0.00000000000000 0.00000000000000 0.00000000000000 0.00000000000000 0.00000000000000 0.00000000000000 0.00000000000000 0.00000000000000 0.00000000000000 0.00000000000000 0.00000000000000 0.00000000000000 0.00000000000000 0.00000000000000 0.00000000000000 0.00000000000000
# FDY_3_3:
 -0.389280235341622 -0.453565609578420 -0.456770444337907 -0.483474465717323 -0.503317310648253 -0.516447954482338 -0.497518714520156 -0.503696306450909 -0.526623914919529 -0.562309907549888 -0.506307835158168 -0.466660890175792 -0.364668474676174 -0.234814755568981 -0.117822844156181 -0.0471282188306954 0.0961929747159494 0.102910450280654 0.112187522935718 0.115280634804751 0.124045262620197 0.119323261542609 0.113121962548062 0.120951937377099 0.121918389848503 0.223139605883212 0.233392255815116 0.242319594004382 0.300397104571237 0.391256612770298 0.448028690068430 0.414751934995032 0.327193693424461 0.294531623944940 0.349240912997060 0.360475872526975 0.365105105867824 0.237196293062349 0.211893988791515 0.173209792802456 0.121753110593201 0.131968968129163 0.274346456144742 0.288147233139848 0.289432163477722 0.290630685654537 0.279425250468561 0.240183191650173 0.214270517736911 0.145039019302375 0.0145582815052079 -0.126914865397482 -0.267078192290330 -0.362172761207210 -0.501246654993911
# FDY_3_4:
 -0.318656853065758 -0.362247560764248 -0.377193486642515 -0.397004235443574 -0.410970382119186 -0.395973558095629 -0.384841050722992 -0.404263506000425 -0.425331658491902 -0.427467338503704 -0.415272943938580 -0.327966783565192 -0.245156477168825 -0.171922464062075 -0.0519132600164301 0.0317520603781828 0.189722487955641 0.112537378150939 0.0764665142808786 0.0314613543570065 0.0294101407591278 0.00973503512761414 0.00823693462138170 0.0537629032233310 0.0957736430743119 0.115966283161201 0.162505097271166 0.153805138379149 0.268887594989475 0.303183408409288 0.496750550740114 0.331493200716591 0.237339131840531 0.218956595304560 0.299823884926205 0.375551246764228 0.314641374288052 -0.0347442854496785 -0.0347445074547204 0.226949799896020 0.223298856906804 0.316195139191469 0.325473897644610 0.392785510795331 0.376885926535327 0.372771723680431 0.253367196485954 0.215826341478295 0.164921264891073 0.0922633906018526 -0.0389198444399841 -0.225941038521278 -0.378979377575136 -0.476948214576821 -0.572042180207488
# FDY_4_1:
 0.0687160495290422 0.0178700998771057 -0.0121265530351951 -0.0545501258859071 -0.0820202889764199 -0.110083320393566 -0.103833629774417 -0.100865628896804 -0.0768356507512922 -0.0546446683443673 -0.0530548345844040 -0.0301712079795629 -0.0263982222842405 0.00912847575636433 0.0521470719363337 0.0911523262716931 0.129399781637409 0.154361006573125 0.160300647012850 0.154725838395531 0.113097935055707 0.0912866487201078 0.0579843757938716 0.0483886091246866 0.0343471069208971 0.0595958994399053 0.103225511361096 0.110212989632962 0.0875804957948831 0.131992036034586 0.121232536595366 0.189319763865613 0.154560386502992 0.135394314050105 0.126132574860098 0.117905777495969 0.0832869534973744 0.0423565973545548 -0.00592478240629136 -0.0571221894306204 -0.0958324897304117 -0.112103038650958 -0.0653341151644515 -0.0468653345465404 0.0163943962085857 0.0610365194296756 0.0800861514822662 0.0872446858639708 0.0631510670160578 0.0115320604365878 -0.0944357569193583 -0.237188871551923 -0.385757496416537 -0.521040589121738 -0.638957894682366
# FDY_4_2:
 0.0395663732188490 -0.00818034148605434 -0.0354180794320817 -0.0913058521512124 -0.117166362209061 -0.142666102731572 -0.142798586628164 -0.128616083391330 -0.113715812743802 -0.0897733019521837 -0.0711185806478726 -0.0463278119948298 -0.0320470495273474 0.0127630893735860 0.0576862550933375 0.105244381852602 0.147106127746655 0.172898822504271 0.168856875781749 0.160867965220912 0.126180802828003 0.0901995119782471 0.0558094188026082 0.0478380854789911 0.0397300375425318 0.0754854448947087 0.134876183540114 0.109173067167844 0.0803761500431493 0.163034583798114 0.192450297307192 0.318703854126867 0.210392290131740 0.127490342316123 0.117189409387355 0.104079773966611 0.0781722271951951 0.0460458282009868 -0.00555104600575923 -0.0690900679186054 -0.116386870802918 -0.124392254766645 -0.0759207700895765 -0.0602524064954237 0.00322114036302829 0.0837365128131649 0.0773533339209247 0.0753309324905121 0.0610597879316735 0.0173144588634311 -0.0867323449218670 -0.228155589458414 -0.375850584616428 -0.513508988407024 -0.625258477502904
# FDY_4_3:
 0.0340156959073032 -0.0105549361428488 -0.0309601125694690 -0.0837618999721309 -0.107715660330116 -0.140057589940459 -0.143804492282020 -0.129364816386407 -0.114435061497349 -0.0725216502264570 -0.0406400047959602 -0.0187146295760193 -0.00598178307745676 0.0300957756814976 0.0671111845534732 0.120380784933620 0.157284285466792 0.201135759997545 0.197598755777107 0.184297400945419 0.137293919840392 0.0941923187123936 0.0603674918942817 0.0708818739595488 0.0474569760129035 0.0908631962469470 0.0889193003118779 0.0791656666668678 0.0907505145832565 0.181449189344870 0.226827875427742 0.258379380517369 0.152743806308487 0.109609431759661 0.124233094952612 0.119770994278667 0.102761394043608 0.0487410668710992 0.00324818668799645 -0.0507742170249926 -0.0943520418617017 -0.0893451466278824 -0.0255313658344892 -0.0497798484140336 0.00264344536961727 0.0276952314638696 0.0386257285162281 0.0440404071635797 0.0322995701094270 -0.0214818661981762 -0.134090194621371 -0.277338392738823 -0.408316914022142 -0.533388965348702 -0.641968114817051
# FDY_4_4:
 0.0389942314035395 -0.00485514578026978 -0.0249563340101658 -0.0843010424976810 -0.0988143040063331 -0.129927545534237 -0.135384344592982 -0.121947026697126 -0.105592307734776 -0.0641221362841106 -0.0344446986657251 -0.0180953387401540 -0.00363232094832987 0.0316358733970209 0.0719955885869251 0.114842879061611 0.154950038376620 0.200647109847314 0.197062313504916 0.182965947541678 0.138037211843064 0.0951896421239286 0.0584721817158646 0.0771785760083387 0.0456326137491477 0.0907652095160349 0.0847761651094387 0.0826866238111767 0.0940570914565936 0.180365713555699 0.219010623773512 0.245112224501466 0.149371434796396 0.109531028813132 0.123675249436064 0.134202169694828 0.110240728933186 0.0515775328404792 0.00414467507838258 -0.0468944603629621 -0.0933200619112081 -0.0872732779471362 -0.0234360156606047 -0.0502652900292181 -0.00613901617045630 0.0212330180227277 0.0312244093887458 0.0377972473364546 0.0288123234054821 -0.0320420291850097 -0.139019819864016 -0.282974827125953 -0.421944512683352 -0.543382681292151 -0.653423138905810
# FDY_5_1:
 -0.0323995084182790 -0.0323995274838513 -0.0323994923784349 -0.0323995022882563 -0.0323995058961676 -0.0323995209048180 -0.0323994986454227 -0.0323994692918107 0.180656422378940 -0.0323995321923888 -0.0323995484932224 -0.0323995082242423 -0.0323995094651430 -0.0323995285533016 -0.0323995382272610 -0.0323995116478592 0.300920664499252 -0.0323995047371392 -0.0323995331595636 -0.0323995194356314 -0.0323995383964314 0.189680004253488 0.164982887175134 0.110109512463888 0.0596796559955724 0.0737206015106827 0.0961742608703895 0.164639464546186 0.0989246764618528 0.111614841457890 -0.0230472756714281 -0.0323995161768844 -0.0323995226339876 -0.0323994808695557 0.0665148067283379 0.0932400698116254 0.151877309437791 0.0193518642545961 -0.0323995368592753 -0.0323995029868024 -0.0644142074721971 -0.0323995221105228 -0.0213938925666854 0.0179033433070062 0.0492984890294881 0.0367578327303855 -0.0323995452482137 -0.0323995036081197 -0.0323995489174928 -0.0323995142316022 -0.0323994971074894 -0.0323995080474628 -0.0323995365973097 -0.0323995116015593 -0.808007286366694
# FDY_5_2:
 0.279731799713856 0.216415405578147 0.00376956420578185 0.156102788090881 0.00376962212595451 0.00376964147362819 0.00376962789956632 0.00376960015694212 0.356866854553046 0.00376968223528979 0.402888267953196 0.334717789724598 0.00376961080737021 0.159511599711540 0.0953299672357516 0.00376966895159476 -0.0286228364838540 -0.0553237985262366 0.00376959091191782 0.00376959922870152 0.00376958748638063 0.00376960539945254 0.00376961013876460 0.00376970574368502 0.00376967208160657 0.00376964927051311 0.00376961429422813 0.00376956848759231 -0.635390179128648 0.00376955990530454 0.00376965371500144 0.00376958441308168 0.00376965087672871 0.00376977817105046 -0.714460077495449 0.00376962279279265 -0.726091975162808 0.00376952891224575 0.00376962294577605 0.00376963309451035 0.00376966465424562 0.00376961881868538 0.00376969184963112 0.00376970259442728 0.00376964422502819 0.00376959429403019 0.00376963298966177 0.00376959166638631 0.00376953919327156 0.00376962938310139 0.00376959132645289 0.00376958251673460 0.00376955543749175 0.00376990779324611 0.00376959176812359
# FDY_5_3:
 0.185984153419908 0.170401500017499 0.0818913617378394 0.104290429314624 0.0678796174278604 0.0378334963382265 0.0276939441346036 0.0286225863946204 0.0347076158025725 0.132369314743878 0.135055937477536 0.169424791048977 0.147003361083343 0.164238406443030 0.177690711823969 0.203908650103411 0.172181624614821 0.196588781464648 0.236343272777186 0.171017742752563 0.0314358521743774 0.119574332256668 0.0314358349505302 0.0314358733430806 0.0314358528552301 0.0314358632779746 -0.00781887955744585 -0.0145389699885259 0.218232501949206 0.309185934158181 0.419788451775629 -0.228226514152777 -0.271122335847584 -0.0358064287090709 0.0244777789568538 0.124496089732936 0.113378067692089 -0.0234157184049648 -0.0441966640531834 -0.0266229159820366 -0.0730015404397193 0.0114630335488446 0.0934924579529595 0.0207497872646982 0.0532255776949899 -0.252540196774459 -0.0480992641950228 0.00192795822211701 -0.100154939102230 -0.199024495026132 -0.292497787609578 -0.517775342372790 -0.702657778460678 -0.722462191888748 -0.752336584162537
# FDY_5_4:
 0.00158529034187711 0.0389456044976546 0.0774740807455369 0.00158526194914094 0.00158531493107800 0.00158532672943851 0.00158530979922040 0.00158527416068650 0.00158531164051107 0.00158535614407013 0.00158525587680897 0.00158526844335145 0.00158528479816051 0.130571416123774 0.00158524476778150 0.159990734083546 0.00158526808712085 0.223733888885126 0.00158524230357755 0.205083021756027 0.180408988503812 0.144707673056059 0.0893015765360765 0.107416474075181 0.145784732308297 0.210972140450381 -0.00618750582323373 0.000180168903467455 0.247629857197829 0.383379157232787 0.676509084423073 0.0168677817302889 -0.100519027573357 0.130766929246820 0.153273182176361 0.271363956826812 0.214219365689797 0.0993878791685718 0.0436467534023403 0.0253504327662446 0.000625204328485070 0.00919306693887729 0.116388488409215 0.0499665442817933 0.0510881809353236 -0.167243401863073 -0.176131543376020 -0.177111092665892 -0.188489708995730 -0.301355535545180 -0.389542041541546 -0.571319433695161 -0.683435631654251 -0.697777329652673 -0.767308122266267
# FDY_6_1:
 0.0132184997742324 0.0132185613122746 0.0132185361501062 0.0132185424565398 0.0132185259700459 0.0132185203935102 0.608391514710217 0.668143720794134 0.0132185119962327 0.823387486561740 0.0132185278765733 0.754967374573080 0.0132185764151766 0.0132185486051255 0.0132185065707326 0.579111917100638 0.541406994954368 0.0132185222993901 0.0132185330967558 0.464509274193041 0.0132185628257111 0.0132185062903649 0.0132185407507452 0.0132185518114282 0.131000610662567 0.0457510277599602 -0.0425335968419023 0.0359358900842745 0.0184149758849332 -0.101166388062144 -0.277605157456324 0.0132185187034870 0.0132184947582305 0.0132185125883928 0.0132185683045773 0.0226462297693124 -0.0213922745540818 0.0132185027699640 0.0132185543581120 -0.0658740393771118 -0.0759944760567684 -0.0568347257477942 -0.0219154031330536 -0.0226088730754115 -0.0250160733819685 0.0132185163059843 -0.114389665377035 -0.147827559579692 -0.219960339837373 -0.330494482527596 -0.435957494274770 -0.578328306990268 -0.691617513095192 -0.826163754602005 -0.955231635461466
# FDY_6_2:
 0.953163598012501 0.807794867963421 0.907805605724488 0.884549734124412 0.829216103816276 0.975689053908505 0.995671445122480 1.07285663830593 1.05991882576255 1.11659814837369 0.961767653714185 0.935069173575632 0.766674990108138 0.701166576363615 0.626655995204341 0.487650626013779 0.443076389542939 0.481150858124526 0.450568080315038 0.333749877021346 0.239888844596330 -0.0146138109549436 -0.131727215060848 0.0595346930982663 -0.0594778570494643 -0.295026209057408 -0.454864417529730 -0.464905061492923 -0.558561161395684 -0.532085361788576 -0.610627861150647 -0.754083897955059 -0.687903905980071 -0.475226531318045 -0.348926245464516 -0.298781757535081 -0.331762440215919 -0.348307578015587 -0.325905107542308 -0.322397222574690 -0.349332817278697 -0.378355970279379 -0.294349085172338 -0.384133975258775 -0.373013806837127 -0.431805807285804 -0.471150406202031 -0.483792012895909 -0.524874833788489 -0.643274968279929 -0.804049537647297 -1.00780450600371 -0.987869566588973 -0.922938407005418 -1.01828843618701
# FDY_6_3:
 0.628724734486900 0.634485299674542 0.905505282446583 0.876845842042012 0.881593454328315 0.931728509278394 0.877183679565191 0.956762579207186 1.05039216046491 1.17832957141655 1.04428626105362 0.865445150131076 0.619049267524007 0.617948566729774 0.550359936226615 0.495098886269924 0.489145510391154 0.381183548225956 0.372621137058696 0.256138404104544 0.222109741115474 0.141139985386597 -0.0130922846935648 -0.0945635499824433 -0.253794602994132 -0.396443378411534 -0.313384469078214 -0.310578608784551 -0.541893611676237 -0.588805214819591 -0.761623212682216 -0.638187977216788 -0.471134395496526 -0.329922597403712 -0.223001586224559 -0.221489030446761 -0.266925107014534 -0.260496334310532 -0.201965142988097 -0.236349172696966 -0.243707153719997 -0.210543323073660 -0.167606160792380 -0.290180392050591 -0.336407497110599 -0.404302516479287 -0.452616936283869 -0.501277913031964 -0.585206407822641 -0.643957516177685 -0.741406474710514 -0.891552548033106 -1.00053591043899 -1.14156109535370 -1.24156538512807
# FDY_6_4:
 0.902537213473723 0.892027871906721 0.719752789171845 0.854498976901285 0.869737498379309 0.934258626727496 0.990487887015386 1.12206853702847 1.23158427351492 1.14723019588681 1.03563737128509 0.909034963721869 0.745983576658254 0.632600976346343 0.553681950215581 0.486122747240448 0.453017420219874 0.446371776694741 0.327496133441145 0.285568424284400 0.105958282388630 0.123967904347377 -0.00475739715479720 -0.281387339820049 -0.634094644569876 -0.532659994804093 -0.298900309045240 -0.304060721182865 -0.537455750326983 -0.629817143652013 -0.933604433703557 -0.643909082155134 -0.381161506596391 -0.294919436050235 -0.168381964001476 -0.243293559000597 -0.315046708021512 -0.265389358103581 -0.187491277598900 -0.199209739131055 -0.209747846463805 -0.227580879207722 -0.139437988180082 -0.301066187681594 -0.334100221860627 -0.368373440585339 -0.462143680290379 -0.530975001923105 -0.607916040886419 -0.614422361564171 -0.743887618502522 -0.887753767280995 -1.02683538776409 -1.16606733051257 -1.29377727922793
# FDY_7_1:
 0.0802363787752885 0.0355300213512899 0.0224565056805541 0.00619460309182497 -0.00527152777451277 -0.0194261325679508 -0.0409056029208676 -0.00660385375523041 0.0299983074854617 0.0684317800426608 0.138726172366092 0.156341821355264 0.211167644370452 0.202038433679219 0.176986156484721 0.186578280176711 0.205865252739061 0.231923716694870 0.290434311221531 0.249593885775180 0.257541748932806 0.232251348786702 0.143200179531542 0.144146328006640 0.110412109969614 0.0853647609360431 0.0897327481118964 0.0319248882638943 0.0831291036634319 0.137437649598635 0.225558344022103 0.189638621806709 0.0364323721597939 0.0350826554372386 0.150534646950028 0.162010835190565 0.125040647410361 0.0706915883100361 0.0724782660933243 0.00847649139704011 -0.0240663530337166 -0.0449752473760461 0.0456930863266230 -0.0144989208811481 -0.123894711505140 -0.146069110364409 -0.169522264180453 -0.192268004832342 -0.231668650197872 -0.302230276788049 -0.420604031893613 -0.571268429344479 -0.704059923084149 -0.806491386525797 -0.905457265169432
# FDY_7_2:
 0.340497558005317 0.291509129377541 0.278287846795289 0.241551024814353 0.220424666110949 0.198221673780086 0.206134735199765 0.238413157550624 0.255931919715138 0.333689075447767 0.321014238206646 0.301019973852792 0.313522683566090 0.285550355467248 0.297904897977564 0.265887017824883 0.257209211222265 0.297729873172731 0.291961061188350 0.267740125091606 0.238461978790497 0.192931576463368 0.143071648758531 0.0784341911011456 0.00241461741199645 -0.0291911779985808 -0.0480741744368937 -0.0310916861297855 -0.0565108736237591 -0.0781803927990522 -0.139734239511333 -0.173146984496687 -0.158879840598735 -0.0672333352081372 0.0116338882252375 0.0422031020720611 0.00324209236832418 -0.0482324550330914 -0.0730780877980163 -0.0875619120888246 -0.131578083956199 -0.137077876778074 -0.0493074230443847 -0.149004859415965 -0.130786468672935 -0.149916424956624 -0.170038377612758 -0.208272163872608 -0.261455168685183 -0.339074730300441 -0.442460826874594 -0.582435264641178 -0.711425502763782 -0.829088190313810 -0.933756797946732
# FDY_7_3:
 0.0411828724557426 0.0433940370758610 0.0451976542296759 0.0105221951288918 -0.00990334916506776 -0.0522464108838639 -0.0439900953881016 -0.0243196012203579 0.0125825112859188 0.137792158480109 0.149335504393922 0.209948248753136 0.164800408215578 0.165632249222935 0.156744596925038 0.203808801591972 0.225161550089516 0.273667048603980 0.251280207046685 0.251601561336388 0.230908203758159 0.175399305018141 0.107487945445467 0.130763345432526 0.0871702271757952 0.0891105312143818 0.00686636231558356 0.0338859903825768 0.119224551394300 0.239810827379167 0.233835932008323 0.0272546499148725 -0.0593878951374103 0.0704540938980884 0.161249464165923 0.200729770265557 0.180671336763250 0.128939629641392 0.115942551031571 0.0975146325030434 0.0504558214099779 0.0690729096597782 0.179800499050329 -0.102965720177349 -0.130855951025400 -0.201145691472676 -0.192511185893417 -0.231175250349208 -0.261667685765061 -0.331781457196208 -0.450456620411533 -0.590868667063573 -0.727272779329059 -0.791513040309159 -0.877138783876112
# FDY_7_4:
 0.0173348011156044 0.00472918571347094 0.0174634650579865 -0.0179090757420616 -0.0331574042769326 -0.0904390778631697 -0.0720599823214775 -0.0472364825876911 -0.0167153647073018 0.129770126815909 0.151207877402487 0.248991119602996 0.188899082054032 0.153625890666220 0.138789041660273 0.184280144819107 0.208505006989981 0.317622656835880 0.272140154777916 0.304111462181987 0.287947862633178 0.214751501137603 0.174744082031674 0.209901957152948 0.138833072978864 0.147304077908059 0.0379999360468023 0.136635786208553 0.201855589919412 0.425704574518579 0.338621464836200 0.120073635796960 0.0137148291626289 0.165747047781470 0.212830800315974 0.229935312485588 0.206351321984831 0.219369577240992 0.164217630329227 0.130909587624242 0.0577645946401683 0.0235783210325303 0.114095369845231 -0.181304126688991 -0.227868457030502 -0.272969237529733 -0.295113371897782 -0.327677219879096 -0.353253558972156 -0.436698758647625 -0.553404889282764 -0.702434474087509 -0.814823085055427 -0.888158706710870 -0.979134676024474
