# Number of parameters = 305  Objective function value = -21239.9  Maximum gradient component = 689.919
# lnmuR:
 12.8471 10.5633
# selpar:
 -0.468308 -0.799570 0.500513
 -1.99989 -0.962119
 1.41197 0.604249 -0.787162
 0.304915 -0.662435 -0.514631
 0.368120 0.277031 -0.680000
 -0.349244 0.0369848 -1.19724
 0.254484 -1.51939 0.534595
 0.180837 -0.559287 1.80876
 1.98093 -0.775561 -0.863646
 -0.298298 1.98447 -1.45154
 0.645157 0.629361 -0.427436
 1.26894 0.242659 0.234485
 0.798715 -0.101991 1.14550
 0.153280 -1.07185 1.99385
# lnRD1:
 0.705453 0.0288643 -0.0753036 -0.506650 0.849537 0.0425309 -0.271810 0.0592879 -0.252930 -0.511450 -0.0675291
# lnRD2:
 0.255386 0.0925674 -0.125403 0.217372 -0.353225 -0.102645 0.0825754 -0.729685 0.349238 0.211759 0.102060
# movest:
 0.913946 0.808107 2.30642 1.19210 -0.00402622 -0.00431972 0.0640223 0.129618 -0.0270364 -0.0122789 0.0980725 0.0816068 1.21159 4.05568 1.35855 2.25786 -0.0146861 0.0746241 -0.100746 -0.00162374 -0.0286107 0.0483377 -0.0839785 -0.00147534 1.11299 -0.0921166 -4.58899 0.0207887 -0.590039 0.262807 0.645064 2.15496 -0.423116 1.57240 -2.94215 -1.57196 -2.28305 -2.95012 -1.99400 -0.508248 -0.486748 3.10782 -4.09290 0.942407 -0.301702 -1.72923 -1.10318 1.27269 0.541997 -0.150443 -0.605315 -1.86004 -0.164207 -0.796537 -2.08501 0.587681 2.50703 0.127492 -3.02786 3.90090 -0.0187739 -1.18633 -1.26021 0.246356 -0.811252 1.57446 -0.923052 -2.98705 -0.470961 -1.02466 -1.89487 -1.96144 0.579313 1.63647 -4.94618 0.416781 -0.847870 0.125448 -0.795421 2.28126 -1.44159 1.34621 -2.85808 -2.45218 -1.09603 -2.88136 -0.935242 -0.468657 -0.637000 0.109449 -3.14883 -0.706379 -0.349517 -1.11375 3.85749 4.12391 -0.793196 0.549797 0.969658 -1.57360 0.580973 -1.10494 -2.26515 -2.01868 1.79852 -0.858941 -2.60775 -0.942966 -0.565556 -0.163333 -0.136596 4.76840 -0.707884 -0.496946 -1.65755 -3.35994 -0.865385 -2.00176 -2.03916 -2.59438 1.15678 1.28833 -4.33068 -1.24520 1.36633 2.60924 0.961304 2.87175 -1.53107 2.99218 1.06364 -0.705630 0.649755 -1.54757 1.61614 -1.80707 0.805409 -1.00671 -3.17273 -0.789120 1.30064 2.84291 -1.13367 2.30357 0.314066 0.419974 0.0388161 -0.265974 1.80558 -0.956197 0.218149 0.184007 -0.726020 -0.560899 -2.55796 0.0915153 0.661121 3.31751 -1.10061 2.43000 -0.804083 -0.289928 2.61659 -1.67213 0.707453 0.463921 2.14159 0.314243 1.34478 -0.677130 -3.04385 0.557199 -0.998090 0.675482 1.71549 2.85853 -1.93611 3.25439 -0.144925 -1.35829 -0.647716 -0.100643 0.349242 -1.92110 0.251195 -1.75276 -3.71151 -1.01354 1.15206 1.21081 -0.148814 1.59348 -0.839156 2.92773 -1.05644 0.587028 1.04894 -0.139906 -1.20825 -0.936775 0.504312 0.603972 -3.60453 -1.50007 -0.483301 1.77146 -0.306901 0.940720 0.269851 -0.912976 0.557209 -1.69927 0.258311 -0.840383 -1.62387 0.576277
# lnqE:
 -4.54150 -3.76747 -1.06835 -5.03652 -5.03939 -4.21092 -4.09859 0.502548 -3.05852 0.116715 -0.122190 -3.68669 -1.31993 -2.70485
# lnqI:
 0.176090 -0.310702
# lnqCPUE:
 -0.397721 1.67717 -0.552445 0.684286 -0.474993 0.713371 -1.47358 -1.32489
