# Number of parameters = 1827 Objective function value = 29328.2454401335  Maximum gradient component = 32.2728284970612
# lnR0:
 13.1909601712199 12.1309650358101
# selpar:
 -0.0128406900585905 -1.42443437367314 -2.36263422959576
 -0.118586721198241 -1.76945864276633 -1.69224150221706
 -0.772748508161863 -2.30325373970051 -1.11812645573122
 -1.05494877032381 -2.12225752325349 -0.854341526199182
 -1.17043250044531 -1.88933446541147 -0.973115474901192
 0.261684459111410 -1.59957799943418 -1.38246966877880
 -0.107705252161486 -2.27129490933808 -1.82069229183589
 -0.776573840419425 -2.44093094534278 -1.54362132550653
 -0.823191676815656 -2.27254273014858 -0.612618520171352
 -3.12784233797430 0.0888394104872505 -0.412445483275281
 0.0251671646442482 -3.01321449546137 -1.49063783059860
 -0.167289788962140 -2.00132856014143 -1.55023581531879
 0.344669016164849 -0.550593334912671 -2.20063614207222
 -1.50742373232501 -0.936278599732278
 1.10985918383447 -1.61755788156634 -2.14319021620569
 -0.574191776558571 -2.60064682774353 -1.39260142923047
 0.0367306119310919 -1.30900205844490 -1.78325910780876
 0.372006722277082 -1.66145350234988 -1.91330086061450
# movest_p1_a1:
 1.46855619721878 -0.706500673775453 1.25735679124019 1.62479378036111 0.852355455331745
 -3.54073486993336 -6.26917367614590 2.14836735392463 -0.464283559157764 -1.13095684557816
 0.979644160044799 -0.551933808622652 7.99747695550182 -3.87848572114183 0.618879226216109
 -3.86288777312567 -1.26695361753770 -3.54435772904839 -0.785484447335249 -1.51013599339386
# movest_p2_a1:
 0.782832288834522 -0.333969292698127 -0.229587518602089 -0.0804624049579319 -0.109062459756545
 -0.967570705960671 4.41010316815421 -3.42466626058098 -0.652496571564685 2.13477821958840
 -2.29173697553999 -1.82858891649758 0.588657850967028 -5.19620036460066 -1.91475574039451
 -0.392908499304085 1.63817397758634 0.821049764507901 -1.95005420169053 3.33872770985876
# movest_p1_a2:
 -2.52049701855930 -2.25137132608791 -0.818265456528994 -3.70378929828807 -2.19863220272886
 -0.302292705831460 2.45602028471699 -2.61578669308441 -0.427150430254445 2.21207937103223
 -0.956055433289795 -7.62714584224200 -5.34426165511844 -3.42491952692418 2.12141028064095
 -2.30267091432085 -4.55216905306018 1.72182598913851 -1.94054193684520 -0.144869593201814
# movest_p2_a2:
 2.78196136923892 -3.86979658242021 -3.89309311121487 -4.75377520187670 -4.66145363840359
 0.337529585890005 -3.57340735972150 -2.07922154640816 -6.43384798347714 -5.91653094510514
 0.409573472511157 -3.36678165505846 -4.28088810484249 -4.23103983872098 -2.89522855603993
 6.16143177028929 -0.209805150678170 -0.110090523148311 1.10010474119009 -2.14331657699066
# movest_p1_a3:
 1.95855158250139 -2.42194872477495 1.59188030759802 1.44853883341201 2.07777867435336
 -3.29932856221004 -7.99999993417252 2.24819697821390 -4.24824449412565 -5.83267278654570
 -0.688734324116021 1.45325000384944 7.91905662647266 -0.653778046115590 -4.04859559248804
 3.32604998188285 0.773304062082561 0.839939585838437 4.64523442779418 -4.50721590223168
# movest_p2_a3:
 -4.09572682319093 -3.06146828639228 -1.91706381551592 -3.80640745406356 -3.78544625231273
 -1.71768504884544 -3.41298085107133 -5.04735237971113 -2.30576927570953 -2.67254908622280
 2.44738017055030 4.42439851592944 1.27654343207957 5.71622403743045 -0.542647429047136
 -2.13465760704583 1.10413352221386 -2.24055612666745 -1.78260609898313 -4.32860073327292
# lnqE:
 -4.22691447251003 -2.62967559263966 -1.68888567680375 -3.12857920411218 -1.19631626872943 -1.32440664743322 -1.89018493756434 0.0148101753025678 -3.84276048743952 -2.31002579677691 -3.28535644447031 -2.72796361192830 -2.80218940400250 -1.51002831043705 -2.12229270078247 -3.16782604773583 -3.84247988641653 -2.33747697186492
# Fmod:
 0.257479867015659 0.396262604157947 0.00143786620043488 -1.77930903729136 2.60479485210597 -0.689290251722390 0.381565551761039 0.325456722826944 1.05303592431171 0.00151919713215224 -0.392911640132589 0.514493572527279 -1.03123674642920 0.401053078981476 0.0767595216847477 -0.363867542892811 -1.90061295107294 -1.03525170967131 0.369183828751946 -1.13234255718970 0.332850101411214 0.201445179584040 0.159559166191833 1.97293421048586 -1.67389957609112 0.881408015313390 -0.284311548738430 0.351794300788214
# visc:
 0.848928467258827 -2.99209737452573 0.798800610392636 1.65011267327889
 0.451123714860364 -0.452577454981919 -0.235757840462408 -1.61197324572014
# lnRD1:
 -1.01871234144632 -0.769582261021457 -0.431766051173297 -0.547651321377625 -0.384319491289568 -0.441040414957923 -0.381054470049012 -0.356850760933150 -0.297671777656741 -0.0308337918633784 0.145450828463829 0.322427611149741 0.427411771362089 0.455518143797958 0.648810183684449 0.622753198829905 0.883707423141387 0.727380681849609 0.621324850734568 0.964702977266345 0.366862275863458 0.358193076783508 0.137887526942285 0.115292410694838 -0.0639689028066633 -0.485166779573103 -0.760077582120463 -0.829027014295271
# lnRD2:
 0.768494478103399 -0.212862320782631 0.450445622211242 0.0744310008711140 -0.0622760036154177 -0.380359620030415 -0.243530062643080 -0.388197769272469 -0.266812633608352 -0.378851450239310 -0.234185171016742 -0.139608210782905 -0.294659691434601 -0.124283682500280 0.0388697398688642 -0.488292959990497 -0.148168710693183 0.0593939541807149 0.252787651521630 0.239657373881572 0.200828793835219 0.438598466061540 0.0962769239516794 0.247313312385898 0.172940931254382 0.303372446904861 0.0698604153435962 -0.0511828237658303
# lnRD3:
 0.00000000000000
# lnRD4:
 0.00000000000000
# FDY_1_1:
 -0.00467014232209194 -0.00465992113869006 -0.00463657847062136 -0.00466605472560665 -0.00462762089776901 -0.00465081636223640 -0.00464034241942111 0.552502180598270 0.374292429329873 0.323371013599790 0.274368685404044 0.253145250208720 0.257737794962434 0.220607899025154 0.189370140707877 0.173486226843676 0.107268200596276 -0.0616885287764247 -0.0951623675452026 -0.126330318942316 -0.153406669215600 -0.178413542812226 -0.199105948192386 -0.210192668018942 -0.215090873023776 -0.203599963295960 -0.218125577599905 -0.204575661782573 -0.190727915959088 -0.155133912926037 -0.135059601037610 -0.125005356972165 -0.124943664661685 -0.100074389021982 -0.0358933303927148 -0.0239274491122440 -0.0212313611107381 -0.0330348300512205 -0.0772692634339879 -0.0555474644085417 -0.00895752595038167 0.0276391490359788 0.0780085615109830 0.123788535193843 0.143331934542645 0.127176995613352 0.117743375038067 0.0841320169985823 0.0655196965480539 0.0394457510620424 -0.00127573598470231 -0.0710101265733832 -0.135054279385991 -0.162954707004255 -0.177591327291185
# FDY_1_2:
 -0.00590407466310639 0.754793060567560 -0.00588987577522138 0.702345739289540 0.667267935643367 0.633167095919094 -0.00592364145737124 0.512613014463917 0.462272813286337 0.400384741046680 0.278997699567820 0.264609845266924 0.276817226643763 0.254780397955831 0.210103116041851 0.140442210799252 0.117658723557078 -0.0839249063893307 -0.117998188374231 -0.154834649213403 -0.176039259223279 -0.212664192163737 -0.228635880999661 -0.240169487000277 -0.254682489730781 -0.251777471493613 -0.266204249621008 -0.257316785651077 -0.251352680754386 -0.222361485286038 -0.208576342885924 -0.204864552793876 -0.207344285275358 -0.190488840396259 -0.125577446681651 -0.117136932568614 -0.122575578905212 -0.124197370068708 -0.156359927901239 -0.132751422096941 -0.0939408921896158 -0.0601710204133482 -0.0247200901274981 0.0190331322556997 0.0303317277961957 0.0166345825775350 0.00690170736546280 -0.0306064970430139 -0.0547908200237005 -0.0837298469233593 -0.125294312686172 -0.183454461791701 -0.235643208251974 -0.257736452040162 -0.273515151183055
# FDY_1_3:
 -0.00146060815565531 -0.00142126268267075 -0.00139982463689838 -0.000477988889362360 -0.00142318537561160 -0.00138570735220779 -0.00138136079871821 -0.000527029061123133 0.422896532669250 0.443789068393061 0.413814596277854 0.314893584582871 0.319326530680016 0.308924057325006 0.254730727872428 0.203581927643681 0.165432079643579 0.0576852982787531 0.00459822187549018 -0.0483852003617916 -0.0641715390650121 -0.0954206973314039 -0.119662585908990 -0.142735312116778 -0.157498663489036 -0.155239735043872 -0.00140910337056156 -0.00141655739792669 -0.168928659593562 -0.148631737731585 -0.138515666487857 -0.00143011633068725 -0.149237909041755 -0.00142784718300416 -0.00136799537257194 -0.0807606201171395 -0.0667426609849392 -0.0319486560619174 -0.0841758050509886 -0.103940969084477 -0.0831226308637011 -0.0791042029456904 -0.0597797288132681 -0.0207728022825123 0.00886057020653218 -0.00141576538264133 0.00625761725968497 -0.00138933035686674 -0.0515775243254896 -0.0853861842528517 -0.0960310591193626 -0.109221254937172 -0.161866299508955 -0.195313797606455 -0.207285228235138
# FDY_1_4:
 -0.00369449899239929 -0.00361845023927157 -0.00364401360035729 -0.00365181624787827 -0.00365776597583125 -0.00363954734025332 -0.00358939233049196 -0.00366289647386833 0.422859816140252 0.301599101345702 -0.00368813139315496 0.249945122315632 0.229394978395901 0.192000043077095 0.170591823368932 0.128852333139234 0.100909144470018 -0.0148873606393010 -0.0305001633857889 -0.0702048169582033 -0.0983299509888158 -0.141698771834268 -0.148349332380785 -0.151937810491797 -0.170690513654451 -0.167313531073360 -0.168686421755188 -0.154598431761895 -0.148833174158039 -0.107736728899047 -0.00365350735037631 -0.0942644522994649 -0.0847127044267322 -0.0587978395350359 0.00413385733113933 0.00968581174246317 -0.00722879179468230 -0.0107528558727359 -0.0219762245255750 -0.00845439292191810 0.00804827591011523 0.0434172448023120 0.0617297174453530 0.101037086115045 0.108231939559147 0.0921859232522517 0.0911319156970562 0.0667163675966997 0.0512423792310392 0.0286819572023486 -0.0325923780222026 -0.0960017306522923 -0.126315168653484 -0.143278205550807 -0.167753065957986
# FDY_2_1:
 0.493202366133749 0.364745535189446 0.272671327609116 0.233633798942226 0.241956650065505 0.226582984060353 0.228001318314885 0.193739664637643 0.148614149731734 0.112623578491163 0.159396758809816 0.144319149772525 0.132645705447659 0.105412708863164 0.101933553704099 0.0930635427526556 0.153629461681491 0.00579121509036937 -0.0170967423908200 -0.0500486973033012 -0.0811967509054799 -0.141625248955630 -0.143393262719784 -0.150193667758727 -0.188704244083680 -0.223597197000772 -0.161482594992852 -0.170992614441775 -0.169334852474906 -0.144851492099223 -0.148338461506042 -0.128282811796828 -0.112266308406473 -0.0932000931916668 -0.0624750531082143 -0.0224695144082268 -0.0529427974106818 -0.0508042963466768 -0.0740811581419139 -0.0986912392301052 -0.130471170900552 -0.175803164999888 -0.148195469244735 -0.0920554983072752 -0.0315840433376091 -0.0410086743159863 -0.0355731607629388 -0.0329602750690348 -0.0182236788992501 0.0637728651504363 0.0285850307443760 -0.0190070827081290 -0.0329776703428411 -0.0288989824520516 -0.231493395178342
# FDY_2_2:
 0.380945940843430 0.281117878851312 0.220290046233631 0.170575515538660 0.131392424076284 0.123944957658996 0.0522583952458656 0.0565845317696924 0.0283475103891419 -0.295162704747735 0.0762926555877687 0.0128389507001093 0.0607099270998203 0.0827234163072729 0.0998145099903206 0.0988080933536885 0.124691860005232 0.0698446326942693 0.0480845141417118 0.00998179421311209 -0.0297947655292140 -0.0852948325169532 -0.110930297066590 -0.129045755965417 -0.175091139176895 -0.274872791113623 -0.231411354298041 -0.111208051282691 -0.140017708000119 -0.0537916555886645 -0.0964290484050049 -0.0780484414268078 -0.0509725692062374 -0.000925085386643025 0.0328154511571183 0.0826874746833896 0.0531444246650833 0.000190685791731000 -0.0282967438102907 -0.129240752439595 -0.164425142187825 -0.197223846765682 -0.217462720663402 -0.257606860900234 -0.117552410937904 -0.0711071333414938 -0.0374262327957381 0.0311099610082232 0.0777094550243450 0.101926501854957 0.128814650535045 0.104599471866673 0.122980067125220 0.120743116415915 0.0973692287247802
# FDY_2_3:
 0.239318652699432 0.148553504853345 0.155160966488738 0.0984515623513947 0.0545767515897087 0.00760287194123431 0.0174900732188271 0.00796244700363867 -0.0311755072523913 -0.0481556538096156 0.0552038003923744 0.0368772867345665 -0.00104965604094244 -0.00130614468267599 0.0479848181958015 0.0859933358212582 0.0806308988326326 0.0732477920955931 0.0524241612804942 0.0167237035310627 -0.0691963826533558 -0.152297770238727 -0.169856095625243 -0.142111284711325 -0.160137300305099 -0.163291459932040 -0.185015501274901 -0.0923230121376263 -0.114267662096514 -0.0380651788689103 -0.0818381699507133 -0.0471048215296096 -0.0276744896817468 0.0363018611272584 0.109762738658203 0.126295321557363 0.0640103991063531 0.0199036595908463 -0.00199668151270051 -0.0881378428696323 -0.156538172571169 -0.175560858170922 -0.251051775778508 -0.212189845554095 -0.0725709399713938 -0.0291853143376287 -0.0415392493380570 0.000315570525204575 0.131302299524957 0.166102415922971 0.157411302103991 0.135865818460121 0.148236015791111 0.146387811800526 0.133538929696536
# FDY_2_4:
 0.546693984094306 0.503288553981746 0.466643739533892 0.401496466111620 0.346007977566637 0.312927327928220 0.309065255950253 0.249446380168277 0.155032343293050 0.159201969638174 0.207982054431643 0.167299332061407 0.143365871687282 0.129540375993411 0.130521078155376 0.120879876569823 0.0811539580341435 0.00314413257468565 -0.0254846529402824 -0.0664631660698559 -0.178613325586118 -0.246464311542356 -0.222253882072595 -0.199739852053568 -0.200955408118694 -0.188091075300285 -0.189833950342145 -0.166295493035175 -0.197917590888144 -0.192143174455120 -0.174688753970079 -0.107705936628942 -0.129691263648577 -0.0851361295314539 -0.0401094345905065 0.0181891686390325 -0.0439162889648440 -0.0837825984023711 -0.132023647367776 -0.131280560769465 -0.174266830449894 -0.176146267545979 -0.127384019512757 -0.0931944772797953 -0.0856126588349314 -0.169028384958593 -0.113131597249175 -0.112802578583078 0.0116118421083384 -0.0161017205971246 -0.0526153230137401 -0.0652966619599007 -0.0659910053053952 -0.103958968714867 -0.105370698237731
# FDY_3_1:
 0.00000000000000 0.00000000000000 0.00000000000000 0.00000000000000 0.00000000000000 0.00000000000000 0.00000000000000 0.00000000000000 0.00000000000000 0.00000000000000 0.00000000000000 0.00000000000000 0.00000000000000 0.00000000000000 0.00000000000000 0.00000000000000 0.00000000000000 0.00000000000000 0.00000000000000 0.00000000000000 0.00000000000000 0.00000000000000 0.00000000000000 0.00000000000000 0.00000000000000 0.00000000000000 0.00000000000000 0.00000000000000 0.00000000000000 0.00000000000000 0.00000000000000 0.00000000000000 0.00000000000000 0.00000000000000 0.00000000000000 0.00000000000000 0.00000000000000 0.00000000000000 0.00000000000000 0.00000000000000 0.00000000000000 0.00000000000000 0.00000000000000 0.00000000000000 0.00000000000000 0.00000000000000 0.00000000000000 0.00000000000000 0.00000000000000 0.00000000000000 0.00000000000000 0.00000000000000 0.00000000000000 0.00000000000000 0.00000000000000
# FDY_3_2:
 0.00000000000000 0.00000000000000 0.00000000000000 0.00000000000000 0.00000000000000 0.00000000000000 0.00000000000000 0.00000000000000 0.00000000000000 0.00000000000000 0.00000000000000 0.00000000000000 0.00000000000000 0.00000000000000 0.00000000000000 0.00000000000000 0.00000000000000 0.00000000000000 0.00000000000000 0.00000000000000 0.00000000000000 0.00000000000000 0.00000000000000 0.00000000000000 0.00000000000000 0.00000000000000 0.00000000000000 0.00000000000000 0.00000000000000 0.00000000000000 0.00000000000000 0.00000000000000 0.00000000000000 0.00000000000000 0.00000000000000 0.00000000000000 0.00000000000000 0.00000000000000 0.00000000000000 0.00000000000000 0.00000000000000 0.00000000000000 0.00000000000000 0.00000000000000 0.00000000000000 0.00000000000000 0.00000000000000 0.00000000000000 0.00000000000000 0.00000000000000 0.00000000000000 0.00000000000000 0.00000000000000 0.00000000000000 0.00000000000000
# FDY_3_3:
 0.434017737753635 0.351457907113390 0.319831589255234 0.260713126947027 0.221619175925379 0.187180552429329 0.173985789204328 0.126976601819197 0.0771999833276316 0.0361292434183108 0.0308801048416228 -0.00735013671485554 -0.0389610380526232 -0.0231791846553232 -0.0145687117120191 -0.0851131538221800 -0.103275869028387 -0.0989436146610409 -0.0861902756284708 -0.0914046903729439 -0.120217939694138 -0.153703046649102 -0.167344404412387 -0.183529923235832 -0.220989985268525 -0.163398914439429 -0.168056968170382 -0.140702178168541 -0.124722378542544 -0.0882223780508257 -0.131317602904026 -0.0806758126531383 -0.0473775131623778 -0.0247513785263530 0.0363849678630560 0.0306553504092527 0.0156610137392384 -0.0716067965555686 -0.0797570789056795 -0.131307451264047 -0.210387992977041 -0.221757983348434 -0.0610892588840327 -0.00285508131840952 0.0318701772548891 0.0836324706559562 0.0312386092753179 0.0566496337797121 0.163251281397292 0.166161889000654 0.116320757063721 0.0725676364735467 0.0740172681243939 0.0578477015561424 -0.0134918268495982
# FDY_3_4:
 0.468293013512837 0.402009795719418 0.357669033911266 0.312851029994585 0.279072926569254 0.260586531148097 0.236327491888557 0.191737520513880 0.150154959592819 0.0972801713984802 0.0605998253341239 0.0592053756261558 0.0273644361857540 -0.00654320920206041 -0.00666283704702819 -0.0447576021885544 -0.0554536957018309 -0.129524156250720 -0.149947884882283 -0.186034287221776 -0.223125815658703 -0.265012085318972 -0.273712575556885 -0.266121932015131 -0.277703689120888 -0.271604566179539 -0.245352031417539 -0.220301472192210 -0.189933216267065 -0.161298711324838 -0.129752157103344 -0.114404405862606 -0.0944546432439971 -0.0587019528847069 0.00438910141879434 0.0365483183586125 0.00270868188622354 -0.0358788065860894 -0.0358575421741257 -0.0411647588026321 -0.0621638334076474 -0.0276377985757389 0.00573255490911462 0.0644074857867251 0.0875613404761720 0.108911319975970 0.0740569154699736 0.0804530745022761 0.120861061057025 0.118678242968234 0.0689522541658588 0.00463665055173779 -0.0133760078932911 -0.0304916342345610 -0.0640758046071840
# FDY_4_1:
 -0.318933424004649 -0.383517302779008 -0.425356861956843 -0.481585876117373 -0.531749156980452 -0.562672930340572 -0.558242798073676 -0.549163629717853 -0.518677141789825 -0.488971346871602 -0.463434868585827 -0.418586407081639 -0.395864263242573 -0.348256205732198 -0.298390389272075 -0.223435126637654 -0.155968666886196 -0.156405525965351 -0.0961241048825375 -0.0817000750464998 -0.186593371211709 -0.119005047321462 -0.123823466205187 -0.113992276130309 -0.110702520346721 -0.0690351927863824 -0.00803201119738665 0.0391435671493725 0.0652872033422578 0.132322623928716 0.138998465671514 0.220931840654541 0.249735572937064 0.330667387465704 0.377830215087231 0.448050100038894 0.462949215331460 0.440832987867911 0.399668859319180 0.362646773982043 0.328122949383981 0.273897642360768 0.280825939837070 0.309835846073835 0.339979539996428 0.366095573181807 0.371728136166226 0.360512704946344 0.301609047780543 0.334617549238516 0.284972850187362 0.248905756517327 0.224816585939204 0.233010273509891 0.260224779268370
# FDY_4_2:
 -0.403859799789752 -0.454523265000939 -0.492936510819603 -0.565590644256722 -0.591811974755667 -0.622530753318876 -0.632218786163725 -0.617472210681960 -0.612620451612833 -0.578996969827556 -0.527043385902849 -0.462964673942563 -0.415220758013776 -0.367011125181241 -0.320271769173303 -0.239208001327987 -0.179019235021314 -0.139909196879304 -0.149058739212262 -0.150722063875343 -0.133251925958120 -0.136768772413900 -0.152422455219963 -0.179193720742650 -0.137626446930155 -0.0726202598740814 0.0222925817128617 0.0836138437382395 0.118838178340111 0.185099117117333 0.237210514910843 0.303651622887619 0.357105430981878 0.407482859850875 0.500698930861305 0.556424571910577 0.584931272505481 0.559472610217208 0.526773173048779 0.487971310617072 0.454939971075971 0.354785535244847 0.357517063762146 0.351493855031053 0.330375690305223 0.323811130338959 0.352343054300489 0.308446459016961 0.261462732697362 0.272653430717302 0.250835780366441 0.200658861829293 0.178914562519419 0.187929694083926 0.217140055906876
# FDY_4_3:
 -0.437309044310026 -0.488581684366739 -0.524214633915897 -0.596379778648356 -0.630960385869907 -0.675449112360726 -0.670088481919321 -0.654273724812096 -0.649206694459678 -0.580955389262671 -0.514218230273012 -0.462993392317831 -0.428523508643504 -0.377884925795681 -0.319182953870231 -0.266417274514699 -0.203501612394682 -0.136824614077992 -0.120163626462668 -0.116168395598170 -0.157178013174231 -0.154680916885363 -0.175427890909975 -0.139152426613145 -0.139778556558102 -0.0499683098973680 -0.0138627679398917 0.0487737770640706 0.0811637559135390 0.177856260220398 0.208058106198337 0.315815291331154 0.353944940973412 0.407906137214466 0.536810542689452 0.607098424353783 0.641005005244173 0.575174469557703 0.581526661029915 0.560392074187829 0.471081220197325 0.403622994418551 0.478185798023718 0.369530864453857 0.373942840068266 0.350464615081460 0.285286266729976 0.269476911992385 0.257860968814260 0.271408030348407 0.238449424410031 0.189506796615448 0.189937700042895 0.199413686462083 0.239652782215065
# FDY_4_4:
 -0.406729479209820 -0.461400965577128 -0.495684075250113 -0.591065653348846 -0.595728342509097 -0.629025902973581 -0.642301140248235 -0.636254041764862 -0.621483316365195 -0.549847594398956 -0.491985020428335 -0.440559620866295 -0.418819585229362 -0.372634277754991 -0.305123946676963 -0.215600875674201 -0.165996596300560 -0.124644584177286 -0.0857450099558786 -0.0995275164964232 -0.134781892412322 -0.164184927948016 -0.182969967028134 -0.110821674851239 -0.152498414715632 -0.0464590520433359 -0.0241827695273398 0.0577296625828300 0.0738736182955519 0.176489791891867 0.207050520719583 0.298641588448838 0.339285617132736 0.400132586399496 0.513753753075245 0.594677877623911 0.605015324968734 0.555071066319852 0.540029199772129 0.514036655295882 0.406040124542347 0.359964658052186 0.437202594681287 0.328875079156780 0.321402314023614 0.343378744817470 0.246713491152537 0.248605577737167 0.254920949022385 0.257236366862227 0.232673196123553 0.190785980252785 0.216379783675812 0.223431532587737 0.222658588517605
# FDY_5_1:
 -0.0471472387920159 -0.0473929478985899 -0.0471494755115704 -0.0471863455212886 -0.0471596166820000 -0.0483286423610331 -0.0471911053505597 -0.0471798267192748 -0.303056048777244 -0.0471248187783019 -0.0480641924820959 -0.0471377918576229 -0.0471861347832829 -0.0482902161118105 -0.0471133621615746 -0.0471151704193972 0.0347321802067671 -0.0473211337425707 -0.0471775427470537 -0.0471436678282175 -0.0471587156406918 -0.0417325581732537 -0.0626223806266137 -0.0725462981869513 -0.0769959360597220 -0.0593789529743469 0.00292573454809226 0.111995108214922 0.0658776052870603 0.0865062060022751 0.0119890970388002 -0.0483947315834291 -0.0483307944952320 -0.0471311409931673 0.274220948144824 0.314195486093236 0.476306999948785 0.146051112154725 -0.0471049260670654 -0.0471267331364086 -0.00503426528405419 -0.0476288171718779 -0.0828032059579297 0.0137309241515207 0.106239940933298 0.171481677430301 -0.0471745318666998 -0.0483616215141162 -0.0483765845909578 -0.0471457297573258 -0.0473370320958348 -0.0469320689865974 -0.0471276723295195 -0.0482837905059232 0.453940746368616
# FDY_5_2:
 0.0217399865431831 -0.0444660415822880 -0.00910121027205361 -0.118544682382863 -0.00910213562005361 -0.00909089394202959 -0.0106262287527506 -0.00907386326018792 0.171669823285483 -0.00910713311471438 0.297304475468642 0.253027098364303 -0.00984809963302017 0.164227824250851 0.182487073969746 -0.00909507609669839 0.154920653944613 0.152288079886171 -0.00909407308556912 -0.0103123686687010 -0.00912049892560710 -0.00985234924547410 -0.00907984619978678 -0.0102124885643120 -0.0101437292616596 -0.00907688741577787 -0.0103556301008008 -0.00913284861124390 -0.376823478622807 -0.00907610294105269 -0.00913415691851708 -0.00909967032706253 -0.00912905715236460 -0.00911165691215147 -0.162735343679810 -0.0103412812595887 -0.301485913295727 -0.00936354334052617 -0.00911804009221066 -0.00908431464123386 -0.00907578003258384 -0.00914836432151071 -0.00907479591281505 -0.00992625451514887 -0.0105598281950530 -0.00908862499470979 -0.00913787819770410 -0.00908999940873060 -0.00906992932863585 -0.00910991428838618 -0.00906492312540078 -0.00906908083416117 -0.00912506610733147 -0.00907395399341685 -0.00911197853875859
# FDY_5_3:
 0.277916329033533 0.0164266005274497 -0.837947937781672 -0.257601808466088 -0.149471006550180 -0.216046528857943 -0.190696060907734 -0.198675369247070 -0.177798365446736 -0.123881733358042 0.0724741425324803 0.0929459903890400 -0.0145390134986870 -0.0848581619726522 -0.0638608835311420 0.0367011226927719 -0.0326951730956674 -0.0758109486941846 0.0584016527492258 -0.00130907456839626 -0.00674033141124166 -0.174633363109918 -0.00670128874385192 -0.00490306364941464 -0.00669692628210008 -0.00670339575941306 -0.0694923434183602 -0.0538892995749224 -0.112099967939335 -0.0264058795536814 -0.0290074065771678 0.150823064383781 0.104949333530452 0.368663960514372 0.181216992229347 0.341648694049774 0.178715998612855 0.161900731306899 0.0823583318948136 -0.00402322614973496 -0.176767075598442 -0.185464836239169 -0.0929719870311482 -0.0573782778218325 0.0311457221030548 -0.0706466686910869 -0.0610987341686563 0.0480091217265942 0.231450561917232 0.260358430211933 0.203116589689735 0.145347772845363 0.182336968225730 0.197075818793044 0.146832207736190
# FDY_5_4:
 -0.0161462896464083 -0.417668563355024 -0.451722294438335 -0.0162091530785969 -0.0161974189064971 -0.0144967139554169 -0.0162366371071228 -0.0148385594939607 -0.0136337370571305 -0.0161660886262381 -0.0161523081504882 -0.0145035009634978 -0.0160974613950913 -0.264702315345316 -0.0161195614928467 -0.176220780257540 -0.0143624661881550 -0.116081084710000 -0.0153625895149406 -0.118563960184788 -0.150127097758720 -0.164403038428715 -0.188264827981858 -0.143739067534723 -0.158426992501461 -0.0756308507128357 -0.0766260631991900 -0.0338469746867763 -0.0841969543340887 0.0361749430400752 0.0743390746909531 0.234443019836471 0.128723750449650 0.337021988726789 0.396185986885494 0.534099713220776 0.263419438827108 0.288187900723527 0.271524356686849 0.165516520674817 -0.0614579571236327 -0.164310231546483 0.0204356587848355 -0.00299258150817401 0.0732929790235088 -0.00704573714150054 -0.191399494230121 -0.211664116533853 0.0580363427725360 0.0542631629698559 0.0375949691579062 0.0263638463697297 0.129368375782832 0.152342180830788 0.194279259635024
# FDY_6_1:
 0.0117782402914011 0.0119637663245409 0.0126502797511950 0.0126640994063103 0.0120339147114934 0.0118232517970607 -0.135851944577353 -0.0242120724220122 0.0126550810887305 0.368546659045386 0.0126979486236949 0.275086456796664 0.0126798905663610 0.0127650279349801 0.0127377106337901 0.191503338347206 0.169681247759532 0.0126637105204659 0.0126280039717144 0.117440498100871 0.0126243976705723 0.0126900548469516 0.0126419338228350 0.0117113670124032 -0.122663291593140 -0.164520775905373 -0.215401814093283 -0.228526293477153 -0.268148539507659 -0.220917539877796 -0.262478939812567 0.0126103414588506 0.0115823232928017 0.0126513552252399 0.0126577998349951 -0.0636587248880880 -0.134373811774075 0.0126099392995261 0.0126735094732378 -0.341588719617435 -0.419174302616320 -0.380039813151864 -0.249871094162805 -0.260960133842825 -0.132551705450060 0.0126483292913116 -0.124336705467982 0.0282372835367704 0.217033819426645 0.265272927929117 0.291748361423068 0.312718290197152 0.390628986813163 0.380136482584346 0.442399593427407
# FDY_6_2:
 0.123910055881907 -0.0498579803822622 0.0466988180248752 0.0341124542201646 -0.00747427206729812 0.183841498693755 0.220133300965405 0.373102090496316 0.403922717708690 0.567254755150772 0.430198954574065 0.502607042341093 0.363229034191659 0.371205705889342 0.340973637934922 0.214520437815790 0.211899588148850 0.277719889822751 0.256868537827508 0.135991856027534 0.105221386014597 -0.120674493078793 -0.239588180040508 -0.0252170844257925 -0.231604234152188 -0.330490670095831 -0.335992873938986 -0.214567446309687 -0.375262253460627 -0.365127489848491 -0.388120119197294 -0.462782218480058 -0.478517514812118 -0.342865328512905 -0.306673749477784 -0.351707815145705 -0.431258949269333 -0.455480184935920 -0.433606530124350 -0.464323834466719 -0.526482191650126 -0.544544449439587 -0.421659161385511 -0.424101066523339 -0.210522849364123 -0.146898912160816 -0.0377784050522866 0.143209091618022 0.347629329553214 0.399026629865562 0.425870801126317 0.443148138009436 0.531704644589567 0.600046658605657 0.669133202700668
# FDY_6_3:
 -0.157557969512804 -0.161505577699098 0.0451778146343114 0.0435905710685840 0.0974235342640122 0.201063882337170 0.136461659670644 0.248833564797392 0.449161738278749 0.692008342126879 0.538126389542453 0.351716294309827 0.160398503691232 0.316524286786619 0.297685148507416 0.208572152980216 0.238335121958237 0.144376050290680 0.186288588602703 0.0837729404007957 0.0431873076539736 -0.0482596559070098 -0.172364737529974 -0.206315884670059 -0.320614606857700 -0.394562540440656 -0.422332517171085 -0.370979111073099 -0.441120111520328 -0.309603638215735 -0.369841635109448 -0.372956448215389 -0.347600490765492 -0.257973103057024 -0.188397021783068 -0.230564709018693 -0.297953387296137 -0.333977233302990 -0.359277042618657 -0.472943793637687 -0.481442603458525 -0.340760582504286 -0.331021936800665 -0.323987194682421 -0.245789770733788 -0.204366988939430 -0.0527827133678244 0.192351136238422 0.316196821178464 0.398040878777197 0.459271594752624 0.502676398891629 0.562030026724122 0.611248299007028 0.692333958417690
# FDY_6_4:
 0.0451307295754191 0.0108105817512420 -0.171857739326017 0.000200429822821297 0.0610902892450920 0.176969215758965 0.198106860426428 0.396480071056897 0.627275058025873 0.541324467848871 0.502632825075368 0.371205517733576 0.335206794978381 0.307979749146676 0.274668152264335 0.250672554792560 0.196218569858530 0.223238998220861 0.158682955087464 0.131966929131119 -0.0793201588901695 -0.0608546918855808 -0.180549147327517 -0.429352115507507 -0.715877928989745 -0.499994281207284 -0.430434555259257 -0.463572416360715 -0.444962483252437 -0.415373198426698 -0.494607263943968 -0.367173641569151 -0.243905855991885 -0.188858392144307 -0.0794765727240678 -0.268088988162397 -0.359761383269696 -0.345957606292653 -0.340158528451144 -0.410973093189560 -0.417846059309070 -0.362069251603959 -0.272578706032515 -0.329162185601456 -0.234124951658544 -0.170575323315811 -0.0305096688570004 0.199952809522982 0.316913464760888 0.451879803851709 0.499527223344265 0.540609345252411 0.593357125916435 0.654862977704717 0.741012688396228
# FDY_7_1:
 -0.539724707439601 -0.565747330681226 -0.604928344987804 -0.652073974650785 -0.677524148032334 -0.702926653386184 -0.702514177265211 -0.678053576020685 -0.651608166112187 -0.620369770376557 -0.597078586051653 -0.559050280004808 -0.515147440102010 -0.460159027636031 -0.419030663073086 -0.361871563358381 -0.289443868586361 -0.228284885258013 -0.178721509418756 -0.191660598924832 -0.176487152117267 -0.169580542702780 -0.186339614962863 -0.161894807339562 -0.153742349341225 -0.111013126224675 -0.0390865866920922 0.0514480804463544 0.176498920722651 0.254748374605002 0.511310668470298 0.575065890489459 0.634658695549847 0.669534521062223 0.794078229171024 0.830213393843262 0.786785143915002 0.741768955742147 0.835228448471592 0.750379560453997 0.689236381734054 0.600609460605394 0.662027556754166 0.490235561919092 0.232091367818070 0.190970731590579 0.160056430679559 0.141708569706826 0.117633252935818 0.0992736369487306 0.0870232441674619 0.0200276800084327 0.0115314348927022 0.0276218508015680 0.0522974072416613
# FDY_7_2:
 -0.404533472876977 -0.456406246699532 -0.487173454742409 -0.545383559911917 -0.576792153944835 -0.606870638230562 -0.605243616148918 -0.589324581041662 -0.569259621161916 -0.528593273222757 -0.482119933431906 -0.437214222054629 -0.398284546438232 -0.362357005112003 -0.302991080476008 -0.253075955486396 -0.203347300189949 -0.138321313322956 -0.115388388289076 -0.100654360901881 -0.108559207596689 -0.132116305104254 -0.149005291016293 -0.132050449400560 -0.129833230419180 -0.0790184385373053 -0.0340813800013097 0.0203697322559447 0.0932278969972845 0.169827257740029 0.249958638614294 0.319042454984714 0.343839334870514 0.418455651323241 0.536948677020763 0.604878134931262 0.613913989862838 0.569273536362602 0.554824952171137 0.555356048478283 0.475933007073291 0.415978254455382 0.485423669658207 0.331802090051286 0.261401455346343 0.248605330646919 0.248336989677624 0.203919980889462 0.169120731616732 0.188315341008604 0.184020686014046 0.150466058217960 0.142991977841865 0.166994196321271 0.204772951328217
# FDY_7_3:
 -0.563123261596112 -0.558135180778370 -0.583817300441863 -0.634710593370201 -0.669055021833366 -0.695007004928313 -0.678361050415953 -0.661249221538862 -0.635959098547892 -0.579841811286892 -0.538105953295492 -0.465134190616930 -0.448375788399384 -0.403055364869270 -0.357962063342940 -0.280589940686181 -0.219381723957952 -0.165880080175432 -0.156329792670117 -0.147291533658222 -0.146520927745686 -0.162680802193671 -0.200459192694427 -0.145551356843355 -0.152665753487161 -0.112441135075148 -0.0202163348187059 0.0594808392850552 0.109307271355110 0.298127471310256 0.359744519915590 0.477219289029177 0.462423345303085 0.567734125351825 0.713259813156347 0.767636941888653 0.777151330389527 0.770614765453015 0.806060124484251 0.773038772778979 0.692924937165998 0.618123464854533 0.693154895249529 0.210065446726841 0.183515412498969 0.121388753176864 0.120044222084755 0.0940256631768930 0.0794251451744577 0.103789907851101 0.106626528700850 0.0680194870596613 0.0845811269089560 0.106954645609288 0.157463233328327
# FDY_7_4:
 -0.569842465326063 -0.586611087640010 -0.612803317667631 -0.667475117500111 -0.697021205702842 -0.727470618112588 -0.717248831968323 -0.694074005487813 -0.667245411023197 -0.608145739162825 -0.561614395152424 -0.494273638047408 -0.510048098082129 -0.459084743839192 -0.414997797321698 -0.340658355988067 -0.262507829202694 -0.178194088270907 -0.193729361926161 -0.184182647068996 -0.179581923985367 -0.179093047979925 -0.240236188998069 -0.143517399977818 -0.143784456080358 -0.0909550074085912 0.00439801116962088 0.135648228419459 0.180332431688579 0.515502670762706 0.519948283852663 0.670556372602329 0.642322472898735 0.763653603570300 0.828290044899079 0.839465515206715 0.848496486919808 0.965305702313964 0.907505685553849 0.855067205588647 0.715897747332190 0.564125078085380 0.600423557404745 0.153823754945180 0.0965279754916617 0.0400010914417947 0.0291262529895712 0.0124295301000021 2.71598708234354e-005 0.0408869608322346 0.0473061205642402 -0.00216090181156229 0.0189179822598229 0.0431808840846370 0.0873908698840315
