# Number of parameters = 356 Objective function value = 86346.3  Maximum gradient component = 0.00876901
# lnmuRT:
14.1026674269
# lnPrat:
-0.456351807053
# lnHR1:
 -0.0205985389706 0.0227970647369
# lnHR2:
 -0.130903627516 0.0236693504232
# selpar:
 0.533960618111 -0.464966403154
 0.0829055822739 -1.27285387709 -1.55580711165
 1.91352163878 0.601404110580 0.0576836023432
 1.27252748381 -0.287889028817 -2.96313581480
 -1.39369932488 -1.61186250933 0.721230594884
 0.525681644039 -0.701504540990 -2.80363909275
 1.40744912524 -0.956025023724 -2.99999999860
 0.812004881629 -0.784466859803 -1.94019316079
 0.739006474836 -0.690753545721 -2.00504761627
 -0.0553789765359 -1.25989493928 -0.688679099669
 -0.963174043620 -0.152306711525
 -1.00855298259 -1.38376535325 -0.406361837550
 1.12561825844 -0.199836524293 -2.18903310498
# lnRD1:
 -1.18341770890 -1.02817704592 -0.446139611225 0.721387260726 0.237808313730 1.23857750377 -0.0818186571774 0.00630988566874 0.387886774486 0.873889386482 1.15057649273 -0.127690924544 0.268609898323 -0.00661369882408 -0.619336440020 -0.708183075169 -0.683668354142
# lnRD2:
 0.460205529418 0.104320641514 -0.160169264013 -0.100702071939 0.177496378510 0.449848344935 0.859742194576 0.455669791016 -0.0554757068372 -0.205308501144 -0.300096098873 -0.462207973017 -0.726937730991 -0.604552964699 -0.300105808939 0.135492881795 0.272780358690
# movest:
 0.0650696990186 0.104264982603 0.201190479449 0.218181063277 0.000658005229383 -0.0364506480979 0.0667774795391 0.234248107740 0.163984622329 -0.0658792115354 0.195899610835 0.655525702556 0.180196154261 0.607241387256 0.00139084488744 1.76875014810 0.0693149902776 0.134635040341 0.531141008154 0.358766537242 -0.00130049464186 0.171808981400 0.540436082804 0.578972568506 -1.84489748430 -0.955255619949 -0.0368744919717 -1.45826637637 -1.18612185129 -0.494048374765 -0.509828037112 1.35856072708 0.0839563792072 -1.75581431577 -1.47438624962 -1.45786604517 -1.79539285064 -1.41016584731 -1.63257425271 -2.16516740687 0.304931553687 1.67567541715 -0.657148095964 -1.36725376694 0.234403165063 0.302764458375 1.07002687838 3.53586808191 -0.992194742673 1.57324397922 -0.706271189655 -0.715067904561 0.759231933914 -0.421326292920 2.98448679746 -0.160879779285 3.67586782099 0.720713298159 0.718145773137 2.62004418739 2.01054928862 -4.01645122485 -0.206905424034 -3.22398343155 -0.550466819174 -1.76182913591 -2.65414058201 -1.57189565561 0.450434217556 -4.33722489097 -0.815402993288 -0.900689442483 -2.72626325770 0.824828495130 -0.402657802266 3.40452033983 0.281444025195 -1.67152375570 -3.82266932394 -1.79073713900 -0.217620773472 -3.60453683969 0.174196191215 -0.403626116206 -3.69592900649 -0.556113901789 -1.75009282048 -3.21947028383 -1.06380903043 0.765020553930 4.40394071479 0.733036635907 1.77321196664 -4.53456344333 -0.133784207857 -0.185296627834 -2.82452807403 1.84677239614 1.12682910836 -2.93797366980 -1.42274269691 -1.04399370008 -1.56944414051 2.58134679530 2.70143468732 5.85642765142 -4.26695080411 -1.08547423837 -7.12037847315 -3.81794569501 -1.45321313122 -5.89862698731 -0.449039528188 -1.16182681171 -6.27999737609 -1.92992093314 -0.728880175596 0.700713823606 0.993308656513 0.603247266599 1.55674124679 -0.826497880497 1.22493793963 -1.80374744060 -0.398722533953 0.132282900702 -0.544288649080 5.55620819158 -0.947678449298 -6.31681706768 -1.86586867266 -0.971196151031 1.49972391724 0.497335186342 0.697749377689 1.30362099800 2.50373587293 2.78047673932 -3.23026749868 0.307317858799 2.23872522116 0.776795494027 2.29790364324 -0.265085973337 -2.81172043132 -0.753251899446 0.0197840063401 3.36042063293 2.61522424357 3.18466947612 4.10722904178 -2.31599848361 3.07221483436 -1.11156236302 -1.58298886616 0.696256407810 3.39127731743 1.86062184744 3.35915724998 -4.64454984438 0.156577318837 0.196537641523 0.938344596307 2.62574257923 2.91310287167 3.40084396937 0.133968697182 2.08558045902 -1.64760160082 -0.321748775615 -0.227604304443 -0.790896507629 4.26159616776 -0.550669135413 -4.55397922818 1.46882260050 2.31822066680 2.11515177481 2.68038415807 2.19020714011 2.55801839167 3.82732003241 2.95024075903 -1.69939526108 3.47821354448 4.52529701296 0.0612852435032 4.32774019989 -0.0844544076731 -1.57313007909 1.87307072427 2.51668004837 3.80519439577 4.56571700656 4.34061942935 4.78919391501 -1.91970628896 1.81970433333 -0.529317720765 -0.650415354847 2.94213498389 3.15843327753 3.62905735453 3.59763154354
# lnqE:
 -5.22375947138 -4.32527578332 -4.55223560956 -5.31929990571 -7.00831546615 -4.80077018181 -1.83006986196 -1.44593546965 -3.81124359903 -4.16928571461 -1.58589845020 -5.49261688200 -4.11518180098
# lnqI:
 -2.29999999975 -0.562121193884 -0.113123221321 -0.128537196259 -0.794568592066
# lnqCPUE:
 -0.0146711985346 -0.268550419296 0.0619727623390 -0.327077757449 0.183990375927 -0.245762204064 -1.00817745496 -0.286133988375 -0.263764963446 0.158901529994 0.0381768157582 -0.0845052802758 -0.346201816453 1.13000504150 1.10955724335 -0.488114683176 -1.64229497772
# Fmod:
 0.0760228175011 0.0393756021349 0.181327721448 -2.78150875666e-009 0.0909366005901 0.138516755015 0.0194181970359 0.0389279356172 0.207903177644 0.0167293561349 -0.324218287208 -0.0310674184512 -0.259603359015 -0.0263291387478 -0.0281219037007 -0.0817770642193 -0.0203426342844 -0.252460034167 -0.160678305976 0.208758715327 -0.0138709368612 -0.00681970998699 -0.0307816319884 -0.0501927477166 -0.00807005224700 -0.00614957427938 -0.0192199108116 -0.0197145973678 -0.00400253776821 -0.00653356583113 -0.0312940680157 0.0176113713470 0.00276569734430 -0.0376571455804 0.0167651974245 0.0869630563007 0.0752386022172 0.129521952224 0.121546280252 -0.0494244085527
