# Number of parameters = 401 Objective function value = 31580.3489151633  Maximum gradient component = 0.000748572671350325
# lnmuR:
 14.6400573393093 12.2716293190866
# lnHR1:
 -0.240953065852262 0.0548508532062888
# lnHR2:
 -0.358729686541286 -0.455228455264471
# selpar:
 -1.35236421932299 -0.583512766666167 -0.269921870573937
 -1.68122817440760 -0.507628704098580
 0.832642232676967 0.774101369065717 -1.18099335357688
 1.18088784160573 0.678546486515337
 -1.99999998130849 -0.638681326311886
 -1.70271955853685 0.581140001174184 -1.44735215524637
 -1.71261265791203 0.557465643814574 -1.49610938734890
 -0.124834472279502 -1.63674229967134
 -0.401441940508201 -0.340848001745830 -0.0576266456702468
 0.643793658616425 0.448886346615961 -0.639903644804538
 0.273647088673290 0.682699837755442 -0.468034463092583
 -1.38461743783080 -0.213549347300659
 0.167474298989948 0.376351696472690 -0.423965103605628
 1.99999989514712 -0.370082823761182 0.569161228319046
# lnRD1:
 -0.454305138011554 -0.511587956127638 0.0498832107114300 -0.0412140537603305 -0.276442718972295 -0.162017705633264 -0.881710385284660 -0.207699396567577 0.264677366737089 0.340505699808208 -0.548388714209350 1.59143715766477 0.196890704551985 -0.559874313027220 0.510795353701319 -0.485793355715073 -0.258576296396160 -0.789531852694594 -0.854877753570524 0.823281799484170 -0.524192430015419 0.409667984616783 -0.619221795619930 -0.701977205463858 0.984663768422029 0.741094111594284 0.190548285931048 -0.00428079646354276 1.71842165144624 0.934518095073000 -0.0364206994169321 -0.421888075261339 -0.416384547531094
# lnRD2:
 -0.303316349444690 -0.317460558894271 0.0780605865321805 0.153574966681369 -0.793301179450768 0.0202993797920246 1.33386252372881 -0.441894870612424 -0.120143528534512 0.513347647014937 1.12620168256887 -0.187598031576570 1.36007240643671 0.383916337556034 0.0490524196734535 0.588329218368581 0.0872191831825178 -0.281465686145002 1.62308802068579 -1.14868214488960 -0.836258614968661 -0.129006164981189 -0.244605960159461 0.805340339892056 0.365833192068247 -0.505157771187640 -0.598556446832999 -0.519369867690066 -0.541299753373560 -0.474621471949966 -0.385378645272689 -0.318777036464831 -0.341303821752679
# movest:
 6.82381339099954 7.16530668930049 1.01444005642649 7.99999998315531 -0.00183486300971669 0.0993351680255934 0.0541231613848687 0.0952350344544328 -0.0907565032253137 0.0596119195271108 0.142222088243580 0.117883760705494 1.24021633358089 3.46564974501885 -2.22455010777496 -5.31353000738633 0.0587472255476911 0.0501303265862472 -0.0254236538491135 0.0770091495276333 -0.0902280887753415 -0.0481357141148910 0.410647820716919 -0.0301693613592953 2.40441471284194 -2.12396486473632 -1.51709969184466 1.17949754488294 -1.58851949997112 2.10913413267869 3.03939701207664 3.60442745512061 -1.18519632183711 -0.838318705042129 -4.71270625101231 -2.79385209304644 -4.56439017457755 -4.56702498654234 -4.56199113275704 -4.58657524287965 -1.09139814961648 -1.53741980591438 -0.146836755820287 0.0950613422225910 -2.27098922206713 -0.339226917385886 2.16989655175066 4.19374469886616 -0.469323376601529 3.00598334568620 -0.549334189056649 -0.517661892070966 -0.506719614676387 1.82346389209617 -0.541103433958831 -1.10098835195128 -2.38044633829254 -1.70999114571960 -0.323257753613484 -0.747258093916230 -2.96539827289532 -0.00167563140257609 1.91300181323268 4.58712341100760 -1.42357530123156 -1.44683390500380 2.08165629888690 -0.246113551687641 -0.226454550255678 -4.32051563277114 -0.513135687367222 0.503471170712084 2.17493487960878 -2.21887082402630 -1.31895422422825 -1.40169663588549 -1.31368497057225 2.31619417031553 2.96888791427969 3.81615802647673 -2.67507473277497 -0.617726741342387 -4.13597708514705 -4.18525579020067 -4.18586681026647 -4.18615151171570 -4.20790110542289 -4.19455428894728 -0.933057989902778 -2.05864425141421 -0.269326114314601 -0.274436173374780 -0.362150196415870 1.24979048465870 0.348380584124428 3.36404152459396 0.206470534471469 1.78770073861310 -0.484655285749755 0.135369737361556 -0.146847672775348 0.00355737363145536 -0.894451595494887 2.54796764207751 -0.581087145051538 -2.84303280072732 -0.999945288602723 -0.226957494438192 -0.434952733692382 0.0187333828636742 3.24323231008811 1.34069044212877 -1.31774547576470 1.38141899358262 0.492222694478157 -0.946219716465789 -1.11570768659796 -1.26522553085815 -0.452436517478549 -1.29849212535538 0.857317595455793 0.766327247487069 -1.72272437559140 -1.72236875738118 1.98375590995497 3.44624488780730 2.82849964032679 3.26553954235585 -1.68372807808825 3.35513698741580 2.70834100387203 -1.68475706807542 -1.68472613534557 -1.68490286595186 -1.69049238499424 -1.71946927825337 -2.77909801816953 -1.26388842578848 0.148411604181121 0.141342275043959 2.89555589325521 -0.973824540568969 2.18868245499405 0.434173834409952 -0.294445674557418 4.35039838563229 -1.30471376451067 -0.298756248425490 -0.286995117678670 -0.289609100365889 -0.126133023146781 -0.717874325264279 0.403674863816789 -4.59540851150725 -0.470080843249247 -0.434644632289127 3.26187775314189 1.01816654485962 0.467678452259157 -0.157632594288172 -0.621582362973683 -0.320550989618694 0.164060074719332 -0.00457506598248703 -0.176206425331896 1.42727749879431 0.342460035795662 1.13019120784665 2.20122709653197 -2.03034720062923 -1.64834393811136 0.978800692640737 1.90653667601680 1.59075095461765 2.41906589852321 3.20917208070423 -0.519713434420993 1.97099026753875 0.381846116996790 -3.22955513533364 -3.22880259247980 -3.22960635312789 -3.22780303353193 -3.25782284709640 -0.454665695438094 -2.59621962295920 0.518025755923230 0.0919071151172766 0.537013625229607 0.695080997673980 1.37877724751959 1.05900313657890 -0.0870562125791210 2.05840495646778 -0.327554816441077 -0.0524090277656653 0.0655515676258158 0.277760638006241 -0.264816363290388 -1.15230366301596 -0.432021785808091 -3.37341670457094 -0.836339687784479 -1.16788125120277 2.61711466492912 0.0799695316916669 1.03768762884980 1.06223087799331 -0.867580315450120 1.42720204257458 -1.03630611400290 0.110584610666937 0.730699367237115 0.671925113626587 -0.188618818401862 -0.535128749548691
# lnqE:
 -5.99999999674322 -4.95608838452076 -3.08802103277488 -5.79488756302075 -4.69686692772124 -4.00498124482707 -3.23066709547026 -5.99999999164639 -5.68919071170358 -3.96625519924170 -4.09309856174055 -2.79433212518397 -5.64963202565536 -4.27346343357571
# lnqI:
 -0.318553078840153 -0.339261282456742 -0.0588160004024325 -0.278455895705419
# lnqCPUE:
 -0.325548932443823 0.304834950970017 0.372426492356338 -0.172062479713452 1.00145481208936 3.05339679654353 3.28803082260569 -1.56982555445269 -0.358307251755512 0.115549198624091 0.234534995843108 0.475770351962927 0.350449449655909 2.48788033909591 1.58962489456938 1.39827496114857 1.41652902172852 1.56459758005936
# Fmod:
 2.00005893995639 0.621946958851770 2.00005898482067 1.55468639927067 1.12320696987587 1.04224594570567 0.575030107914652 -1.38227271050076 0.0976521471159932 -1.99994100577299 1.69196318853930 0.349094939988312 0.544044012098497 -1.97400713418731 0.705594429697043 0.486617310313325 -0.399173575709421 -0.305073087020910 -1.42153819166544 0.422141698316554 -1.07386928279494 0.213747361947700 0.0871946529370699 -1.99994099951622 0.628056329338081 0.504207621408082 -0.780363657397811 -0.617404727142976 -0.688512036902346 1.63398124893535 -0.214207912412058 -0.642647806493791 0.407342960005426 -1.99994095664630 -0.00464567513941224 -0.249115183335409 -1.93137340371062 0.233243469564061 0.0590455247906915 0.702866144957531
