# Number of parameters = 1827 Objective function value = 8077.34139587164  Maximum gradient component = 0.00893200558844301
# lnR0:
 12.8789691357224 14.4860650606384 12.0281477058872 11.5434813189989
# selpar:
 1.32185903542591 1.49043728389453 -4.24760943205523
 2.33657058707788 2.48323285553104 -4.14221555006663
 0.607777221177241 -0.686099911512803 -1.89902440326904
 0.300177026333435 0.261896340654903 -1.87996670563176
 2.50432744004947 0.410163999782305 -4.32396543731433
 1.92372019437646 0.228747646452572 0.489377896592952
 1.74888732096218 0.788362546587682 -3.53664971887559
 1.98940306377499 -0.0683494105157978 -2.66812157312096
 1.68571101374617 1.75793222483681 0.500020450810142
 -2.25550426776837 -1.98668656852496 -0.492206242638427
 -1.45484951206840 -1.39223903968324 1.64847912947230
 -0.212895627795230 -0.0669439227573569 0.534646319426804
 2.22610508262411 0.957277721465594 -3.78205361576795
 -1.15817320214915 -1.52455354039148
 2.39153168103589 -1.83758848790549 -2.85192556572515
 -0.881569577275868 -2.93243640757883 -0.0961017759094105
 2.34340501290081 2.57581485857166 -4.14961664490936
 1.06563619759498 1.53955603098306 -1.50818894494559
# movest_p1_a1:
 2.47892113724057 -0.678660952440547 1.19474921280592 -3.10225282551129 1.37681187392194
 0.905689545424252 5.22303546488666 3.29766092699716 2.48293772549040 3.57186630250350
 0.713083311870790 4.61105683768255 0.564685946703491 -5.72903832321491 0.806569641581433
 -0.983026564193413 -1.31956852418151 -3.46345723416858 6.63818088276132 -1.07308512721439
# movest_p2_a1:
 0.735269248159192 -0.0873416085910703 -0.161663543198913 -0.0901011318740146 -0.102361954860985
 -4.24531547979531 -1.55702927538882 -6.00893555087527 -1.76740262409279 -0.890397089136363
 -1.63488322747801 2.48587593975817 2.07616432702362 -1.49496847428623 1.85424969910131
 0.852584843162676 -0.605441578261674 1.15057154300594 -1.65826972194287 0.120460908148594
# movest_p1_a2:
 -3.82697095682288 -2.00887954053227 -0.862447309226338 -0.369038178134323 -2.55878469117662
 -6.73702141446930 -6.17025924476290 -4.82982359103510 -3.81815671196072 -3.73025548765132
 -0.660633278028187 -3.37602323230024 1.46528298165811 0.737270467882597 4.82646434654061
 -2.92942602020792 -5.11079881939546 1.76804600408707 -6.01142581938296 0.411294662317006
# movest_p2_a2:
 2.89747019066347 -3.62182250519803 -4.00897732111952 -4.57357511258127 -4.45221143223965
 1.42245449722834 -4.39978374569502 -0.353215363104521 -5.83279354042281 -5.57830862938752
 3.04268559624425 -0.293752546594216 -1.12521844770000 -2.12434921753367 0.157131307219252
 5.85842465587747 0.572750652415849 0.185801423881289 1.35282622249308 -3.03490546661750
# movest_p1_a3:
 3.26350897520103 -0.366287554903271 2.41187637265426 -1.71240595148397 2.28646335383590
 6.24587122471185 -0.115071838879127 6.38706176017140 1.26308517662642 1.83336599660776
 1.66607537536312 1.34903401974895 0.563503482023773 -0.652977660755293 -4.45274717867869
 5.50386160496289 1.87267936340739 0.884648947265493 7.99999994450460 -4.44286020760519
# movest_p2_a3:
 -4.10127544007322 -3.46190440421239 -2.79808933821181 -3.81954952642552 -3.70365365604314
 -2.78654366416878 -2.86718648143313 -5.96241811210213 -2.49093929265909 -2.65981869160389
 -0.644554853300466 1.40505973550103 -2.48463124039414 0.549817405485461 -3.55920099750125
 -1.68077078509375 0.561804384815142 -2.68269992946004 -1.14697484146811 -2.51191662376139
# lnqE:
 -4.57291071075860 -3.00704321544314 -2.10980970709146 -3.39008451707250 -1.45222723779569 -1.45021223894315 -2.40855081001169 -0.540074292648075 -4.17268553554937 -1.97304282912330 -3.82137023858164 -3.22553006273703 -2.92282549467475 -1.32499284387584 -1.64723894038898 -3.48198001914407 -4.09784423287045 -2.72023999376515
# Fmod:
 1.39641465577782 0.732280556125700 2.52195564622225e-007 -2.18277246754196 0.427532528276633 -0.995265507997506 0.873154815788710 1.18701309459724 1.23730875970448 2.66841028130825e-007 -1.44932455406917 0.323974871954543 -0.841594920397806 0.396491735299595 1.14511025040809 -0.0278568583250618 -1.98996078666024 -1.43784176861574 -0.928384671940736 -1.52147089521331 0.777828995781694 1.34442971552974 0.417103488617990 2.40630510796751 -2.05791938004383 0.624749337588949 -0.706245320824739 0.848938699174815
# visc:
 0.830151471612347 0.721810438915999 1.09887950516137 1.62593783822248
 0.435633989242355 -0.415899520383121 -0.386199452157745 -2.99999722775485
# lnRD1:
 -0.591916266241577 -0.138184911204433 -0.103198300998273 -0.0380634732841285 0.224229077399191 0.0876524816965074 0.169330643027269 0.230934666911287 -0.420738769586017 1.06050428789788 0.0547171561881679 -0.535266591805874
# lnRD2:
 0.514569813520970 0.129400795887782 0.0776045470543955 -0.568487674982011 -0.590097817197873 -0.996060451381511 -0.985096417787618 -0.226462300666796 0.371794328024691 0.571529762855113 0.353660322734134 0.941803751799940 0.951962507029587 -0.129415841190316 -0.271004387101998 -0.145700938598489
# lnRD3:
 0.231833956601840 -0.212550157610595 0.389191226876813 -0.231498658336176 -0.176976367531882
# lnRD4:
 0.106876403174159 0.0857510110606312 -0.103952862211970 -0.352746578758450 -0.421643810551067 -0.269002014204390 -0.426772404765867 -1.03017349463976 -0.468976384157153 -0.0376390465835865 -0.206766686404068 0.254085132560692 0.347615359378716 0.00990335544349644 0.207154442327982 -0.368789527709430 0.124558967383846 0.121080464527752 0.254684227536302 0.826076902151242 1.29754704276308 0.0192121330382347 0.0319173686396017
# FDY_1_1:
 -0.0253893275098459 -0.0253893324075006 -0.0253893442774252 -0.0253893720137842 -0.0253893486678715 -0.0253893025705748 -0.0253893345355593 -0.355565297934557 -0.396499851953385 -0.431061857559179 -0.482928109903125 -0.480492959812459 -0.443018662920839 -0.422924330456185 -0.386555802268552 -0.320173546997771 -0.342626191468783 -0.374279549842789 -0.386213841198339 -0.396721181363204 -0.406294172684220 -0.381746698565174 -0.373221333232541 -0.347768013876199 -0.308101034340062 -0.217691235981972 -0.173209689756319 -0.0975149341051379 -0.0351675390626575 0.0756683290357266 0.161371675053677 0.260870615481042 0.311056164529924 0.388901284145217 0.505486806219347 0.570444311532087 0.584889465307214 0.533139208839454 0.443447257457434 0.397797796732301 0.385060083310374 0.345855473570101 0.337538369702171 0.318790078084705 0.285877148295864 0.288241942266776 0.309636013237134 0.285880587667420 0.259019358328826 0.257596238696092 0.235629068039713 0.159310733696721 0.0873446017090777 0.00946150442202731 -0.0608129180944145
# FDY_1_2:
 -0.0215820913370293 -0.00964683504010310 -0.0215820562754561 -0.0606001374228688 -0.0909919153715013 -0.115812032012244 -0.0215819963444315 -0.168045275159870 -0.219538292504460 -0.240645851659046 -0.257834452396339 -0.252199585076116 -0.205825085014969 -0.173628885123277 -0.165345018220190 -0.159659219735927 -0.138815065419949 -0.228110997237049 -0.237282701337773 -0.252301941600505 -0.242129275377644 -0.247655524815645 -0.233111082183436 -0.210010201754752 -0.191225161374519 -0.112798093778993 -0.0519092072023588 0.0256359795442929 0.0795169309316053 0.148779707778124 0.175307871376852 0.237176861243683 0.235229477281471 0.276017549308073 0.361665287886116 0.352071972354111 0.290280622543734 0.258109796811810 0.200710316301664 0.194718807814687 0.221826907756144 0.214328533046986 0.222746182980293 0.258957476453745 0.264033347672786 0.250443625334004 0.239982789017706 0.217726454147184 0.180594974643250 0.147107044303857 0.0714596266204006 -0.0507922927551336 -0.179472734722668 -0.251559793669409 -0.312735341228918
# FDY_1_3:
 -0.0208201754730164 -0.0208201927403817 -0.0208201886392658 -0.0208201828777918 -0.0208201854818563 -0.0208201893433905 -0.0208201840710977 -0.0208201863398047 -0.203066596454720 -0.221783095890582 -0.227091261212188 -0.222340309942308 -0.182097751732049 -0.163555693083905 -0.155784221358651 -0.148830712317829 -0.124326078459765 -0.214440221656021 -0.224329517000197 -0.237153771375357 -0.228235101891155 -0.226662264109100 -0.212460189735663 -0.196488328710261 -0.173980639118192 -0.0937940476734306 -0.0208201919857693 -0.0208201819808107 0.0922583493216454 0.160366985507300 0.199340632879863 -0.0208201817228961 0.266474376856109 -0.0208201796031419 -0.0208201737102566 0.393495207655596 0.340354623713265 0.309553891499766 0.253143551856107 0.248424873388123 0.265482367914002 0.252695122672404 0.265630942114461 0.303463409832366 0.294165621810209 -0.0208201714811775 0.270006855553616 -0.0208201765211966 0.211714112951833 0.178162053897818 0.100711141504401 -0.0265187316295183 -0.142321583796280 -0.215263802467281 -0.252617459342577
# FDY_1_4:
 -0.0244442002932038 -0.0244441834334911 -0.0244441770517240 -0.0244441715074132 -0.0244441785861357 -0.0244441566299566 -0.0244441692601859 -0.0244441637106144 -0.355292138003001 -0.395664364017834 -0.0244441850566869 -0.387464929012499 -0.353235188588235 -0.343688127345530 -0.309658488728446 -0.288989336278321 -0.250210599958440 -0.345747948649740 -0.340651431284116 -0.358198529519061 -0.348459453543763 -0.345932322332061 -0.320541634966978 -0.290728316474632 -0.250848426420854 -0.171631660856428 -0.116913955209781 -0.0329668377056503 0.0356078604754039 0.162837885922378 -0.0244441690260150 0.302813281210740 0.355054411778043 0.437573820797138 0.578537692794459 0.515094270999760 0.461951281084925 0.428587063747316 0.341517073040433 0.299168219835878 0.242400778426138 0.232566681623010 0.190737650911554 0.178934469803100 0.211175873508889 0.219879838911123 0.231762028858469 0.215754378835823 0.209093431438469 0.200818707836170 0.122289355469842 0.0446230001317524 -0.0429080773463261 -0.104989413662024 -0.219616122981667
# FDY_2_1:
 0.388106643504156 0.307974046283199 0.298739627496976 0.273956853368397 0.238597529046313 0.202536678761735 0.178765270997401 0.160837926907392 0.121353797503518 0.0935766226731293 0.0908323284349250 0.0929945999331819 0.113776699043210 0.128464659345431 0.150552849188070 0.168572959981207 0.264455415392717 0.134980978997615 0.115973488507387 0.107323339647468 0.101493504399455 0.0539205487158127 0.0469654932554479 0.0874916677483798 0.0882639846928269 -0.0165757800522351 0.0671861872561280 -0.0390700311198117 -0.0327603202909733 0.0992568623237814 0.127670238607918 0.220256081238901 0.0339496518506476 -0.0430719328271593 -0.0217371995831200 -0.0431846560639787 -0.0891112448945485 -0.112333687399146 -0.104253639573073 -0.114823323303596 -0.139055306234609 -0.149469745492955 -0.108603530017718 -0.0746016721944279 -0.0209292495724037 -0.0235021679445179 -0.0994815244291599 -0.0591885237598259 -0.183403705398739 -0.291206746547950 -0.399211517542308 -0.463505279812925 -0.526386737059223 -0.575652315240899 -0.827706698747424
# FDY_2_2:
 0.182644147669957 0.0756802390707384 0.0946533230898704 0.0555631204051429 0.00152881596723099 -0.0607157445281398 -0.0864618456397431 -0.0578872589045717 -0.0668210383690192 -0.524266803830813 -0.0974403635351378 -0.0583105821914441 -0.0199597191932607 0.0109241458405512 0.0483590212220156 0.0951475369699945 0.158968473829793 0.106344996830800 0.0854126686734275 0.0875699746887911 0.103324826393211 0.0821864801418578 0.0737572908718497 0.107543817659770 0.108657649547950 0.0784089427350575 0.230182150510558 0.321657591240148 0.232073906944324 0.432896497761456 0.458250149571231 0.501400472641174 0.282750925449735 0.0759273336089671 0.0470265618236229 0.00909694959399755 -0.0651289495046746 -0.186588022747175 -0.196062020776622 -0.249455888590958 -0.272616822883682 -0.212578632077306 -0.172170654802404 -0.187590744001272 -0.00914427337729605 0.124723791244903 0.167691499111612 0.130180417032101 0.0665212125913700 -0.0253660099824079 -0.150676598071952 -0.272490006779925 -0.380576874322209 -0.537620002994959 -0.747126073628235
# FDY_2_3:
 -0.0272524157736079 -0.0848388864635276 -0.0872398977591923 -0.131261389921966 -0.165573593557395 -0.215826638479349 -0.177271005919682 -0.171652710244376 -0.221112869697525 -0.292185659835136 -0.148188905934671 -0.131532732566361 -0.0671691722039102 -0.0272885486446809 0.0194997116260515 0.0645734069147380 0.125759396340628 0.114074553179424 0.118310851564683 0.110280721548288 0.119167260655641 0.0896084441836743 0.0853674407492683 0.127253215047867 0.148649404843263 0.223632662560847 0.209780625150106 0.284416544430908 0.347389522857850 0.493979172404459 0.526520137969923 0.288319992608265 0.123055290465967 0.0916335339935882 0.106408733464526 0.0955071335691743 0.00930871817545087 -0.0119250646695465 -0.0120554623166799 -0.0916487082830543 -0.0717657531787085 -0.0452497319990194 -0.109341979241843 -0.0385655226076255 0.133128741092799 0.174186845986669 0.166589078661844 0.0882248285855395 0.0269380885282503 -0.0435670842918153 -0.149003197297805 -0.262727709482622 -0.387687598908303 -0.578518438773224 -0.761113379108066
# FDY_2_4:
 0.318237285458865 0.289881796940003 0.267181346727583 0.206815488645298 0.171171780878682 0.159837358122407 0.168011993385548 0.104241106799353 0.0126564702151894 0.00168202303964570 0.0850068368824648 0.0563347407232355 0.0925855009911391 0.108152125255774 0.122939720390766 0.105741838043847 0.129154005726204 0.0739710812189236 0.0794616459732940 0.0660481793425591 0.0286331182327697 -0.0993183769173542 0.0189488327056557 0.0759780736194628 0.144284538910191 0.219900726902581 0.202462586646200 0.170653016425907 0.296344280398875 0.380216909220678 0.453872715409745 0.120010003036604 -0.0834083433653896 -0.0892160714465964 -0.0937175728992681 -0.111657185520579 -0.166642321558621 -0.123463116340946 -0.146249901602284 -0.146802298592330 -0.130029040285046 -0.0741518207284269 0.00439654522352771 0.0763818421425653 0.128100030636719 0.0737753243162669 0.0714432160936094 -0.0660360014754848 -0.141281878657556 -0.257517753724059 -0.374910353399673 -0.487039193432984 -0.619000321187482 -0.865830194864160 -1.00824233868390
# FDY_3_1:
 0.00000000000000 0.00000000000000 0.00000000000000 0.00000000000000 0.00000000000000 0.00000000000000 0.00000000000000 0.00000000000000 0.00000000000000 0.00000000000000 0.00000000000000 0.00000000000000 0.00000000000000 0.00000000000000 0.00000000000000 0.00000000000000 0.00000000000000 0.00000000000000 0.00000000000000 0.00000000000000 0.00000000000000 0.00000000000000 0.00000000000000 0.00000000000000 0.00000000000000 0.00000000000000 0.00000000000000 0.00000000000000 0.00000000000000 0.00000000000000 0.00000000000000 0.00000000000000 0.00000000000000 0.00000000000000 0.00000000000000 0.00000000000000 0.00000000000000 0.00000000000000 0.00000000000000 0.00000000000000 0.00000000000000 0.00000000000000 0.00000000000000 0.00000000000000 0.00000000000000 0.00000000000000 0.00000000000000 0.00000000000000 0.00000000000000 0.00000000000000 0.00000000000000 0.00000000000000 0.00000000000000 0.00000000000000 0.00000000000000
# FDY_3_2:
 0.00000000000000 0.00000000000000 0.00000000000000 0.00000000000000 0.00000000000000 0.00000000000000 0.00000000000000 0.00000000000000 0.00000000000000 0.00000000000000 0.00000000000000 0.00000000000000 0.00000000000000 0.00000000000000 0.00000000000000 0.00000000000000 0.00000000000000 0.00000000000000 0.00000000000000 0.00000000000000 0.00000000000000 0.00000000000000 0.00000000000000 0.00000000000000 0.00000000000000 0.00000000000000 0.00000000000000 0.00000000000000 0.00000000000000 0.00000000000000 0.00000000000000 0.00000000000000 0.00000000000000 0.00000000000000 0.00000000000000 0.00000000000000 0.00000000000000 0.00000000000000 0.00000000000000 0.00000000000000 0.00000000000000 0.00000000000000 0.00000000000000 0.00000000000000 0.00000000000000 0.00000000000000 0.00000000000000 0.00000000000000 0.00000000000000 0.00000000000000 0.00000000000000 0.00000000000000 0.00000000000000 0.00000000000000 0.00000000000000
# FDY_3_3:
 0.181699150259168 0.106904677494117 0.0899864869538152 0.0432420144065380 0.0216037973258341 0.0109998017790454 -0.00579659809593240 -0.0711012278649438 -0.0936659899909204 -0.115580072374308 -0.0836076685633835 -0.105067934457474 -0.0691231930825772 -0.00414254273494256 0.0342835759912262 0.00350149984264599 0.0434847951636637 0.0681099319425314 0.0982995876266482 0.118490105967066 0.0703199075176211 -0.0123125148131752 0.0275664538419239 0.0983065833350705 0.0414961118836686 -0.0180661387433720 -0.236881708755501 -0.148193219473845 0.00864551498698648 0.0580954122282252 0.0873537014841577 0.104630789882112 0.234064394025402 0.275393705531773 0.316469170991733 0.288016543274851 0.325069674111282 0.241375492631784 0.221020716320433 0.140824552279053 -0.0290974955267606 -0.113424303030830 -0.0664996560076800 -0.0190552962520462 -0.0523484701686096 -0.0444911321416472 -0.137313847722807 -0.156803716668548 -0.269063576682064 -0.263852316741642 -0.281199773846316 -0.249987408695720 -0.128866387440405 -0.261694668327291 -0.322017290875634
# FDY_3_4:
 0.00165857251197381 -0.0507608267629446 -0.0796622122070580 -0.109785292212728 -0.125704982158080 -0.126753576368755 -0.130996026985676 -0.160824192505322 -0.191490358378548 -0.211607941113931 -0.226156480126028 -0.189153778690918 -0.167302773029459 -0.153767816162909 -0.0949651201063526 -0.0898326817245118 -0.0316070970243984 -0.0814031427539792 -0.0881925917836161 -0.112781477441726 -0.138067048800667 -0.187900185332102 -0.151790770761736 -0.0678593833951746 -0.0465298420010142 -0.0840627974124261 -0.161850021788256 -0.103782738341974 0.0798842559998390 0.117759625445324 0.272717298144831 0.194415770161756 0.278821592181402 0.322952417599432 0.419550140378004 0.487719853526980 0.456577688907701 -0.0437509770317090 -0.0437509684964254 0.309641330599303 0.220197826018818 0.225711276826300 0.154503691159616 0.192387314953749 0.179245385564729 0.204356947491717 0.118437188515661 0.0305201995629308 -0.0597121132610469 -0.0633657800352498 -0.0909531017726674 -0.100157848671748 -0.0517225905512690 -0.174774038176832 -0.274279802182828
# FDY_4_1:
 0.227322757913387 0.166395378646313 0.129985561478924 0.0785078569237449 0.0490968156145777 0.0200986416343061 0.0214869232575814 0.0274031863348036 0.0448251986412083 0.0710671876583109 0.0649970157657607 0.0759463410321266 0.0646667616613521 0.0941818368838398 0.132704417776843 0.175968810428642 0.210048072970460 0.239069313483384 0.241267548245151 0.239688561649344 0.207083871776347 0.186394264912332 0.169720030796169 0.187350168756186 0.174753348625506 0.190813136105628 0.216383367984174 0.195715972230170 0.150394610284618 0.180364642585603 0.162652571888489 0.222351165977020 0.153469988408709 0.0721231758797001 0.00872497445748132 -0.0478456530290337 -0.124662802984040 -0.197940183572471 -0.240150963000282 -0.271960610267871 -0.302370230504074 -0.299885809977751 -0.248679478334587 -0.235690767530198 -0.150520161253051 -0.0714729888164372 -0.0243028071515830 -0.00639636687095236 -0.0440785744381889 -0.131198600212153 -0.243991913337744 -0.380677222836845 -0.501914840047193 -0.602488491103438 -0.726795013400300
# FDY_4_2:
 0.141164979167433 0.0844854291954561 0.0489795372537208 -0.00268613559227840 -0.0332557141120259 -0.0601095751414346 -0.0620509778357902 -0.0511574659448248 -0.0340711041406018 -0.00889862952967482 0.00172343479704748 0.0163806690863729 0.0150162975841336 0.0516098014753413 0.0943842958018815 0.143916701108926 0.184486593304298 0.210528613221018 0.213318651127520 0.214670937684951 0.193297221311560 0.168153656533733 0.152572905392010 0.185921472790770 0.187979277620278 0.220852693589019 0.276015882135019 0.227465064526542 0.226386778376152 0.334425999301534 0.370887887933303 0.494656669911344 0.284727276360435 0.106979549501082 0.0130387472668688 -0.0732149894370212 -0.175425324637913 -0.266728256808038 -0.299222975591643 -0.331158746235522 -0.360485215906888 -0.351372868426645 -0.277720654677485 -0.252385489665994 -0.127188925556167 0.0275717054381231 0.0630140515923846 0.0973650313185495 0.0342845626450146 -0.0643326659671208 -0.180293785798495 -0.324190733049385 -0.446721928223654 -0.553915665114053 -0.749674546959170
# FDY_4_3:
 0.123864880914447 0.0710452402726683 0.0403121098804880 -0.0203402855734520 -0.0495004843570239 -0.0810956805908924 -0.0857494983447990 -0.0725285435564613 -0.0561745233953043 -0.0189059073977366 0.00153264616796549 0.0130602373708513 0.0143111093085855 0.0453038322902347 0.0842268622002118 0.139933463272221 0.179072860950915 0.221130689873487 0.223510668437032 0.224668433514156 0.199989041873885 0.179146903040890 0.168453865109282 0.202269815211483 0.204620173617159 0.273433977337900 0.323170949026828 0.299396050137585 0.298133519987672 0.392434607950181 0.428320659994117 0.439132114057890 0.220743339275432 0.0628148024949580 -0.0157124695056651 -0.101278014421847 -0.193391939122599 -0.272079604677947 -0.300771463374053 -0.329038475741773 -0.346710243381689 -0.320324382998307 -0.232537590922792 -0.207409784645469 -0.0811993855698478 0.0210361961908312 0.0850697283030045 0.0985728705092646 0.0409584588960135 -0.0601125649365910 -0.192343934674078 -0.348485866919360 -0.485697048622289 -0.629315373914236 -0.818967040823428
# FDY_4_4:
 0.138441206578059 0.0868142664966577 0.0568656318267054 -0.00416559169362730 -0.0291184718389242 -0.0601877698930687 -0.0641176738833037 -0.0515670165572896 -0.0341234682303527 0.00369224202486029 0.0232341375400692 0.0346404668493273 0.0355365878047108 0.0659659146672779 0.104708993221216 0.149511156631232 0.187979043371220 0.231252930692471 0.232679507459098 0.232553755818248 0.207216854571744 0.191619466296083 0.175159527398936 0.206088462501808 0.203538287527494 0.277137221661907 0.321798912611411 0.293672840699320 0.282792498967980 0.361042936800141 0.383830432151335 0.377424045175130 0.177184125917745 0.0412125558374626 -0.0274763917206243 -0.0994584044505705 -0.188856065798775 -0.260938228516749 -0.285460874299657 -0.309899258722566 -0.325387327750052 -0.302444741004594 -0.216159788700164 -0.197697092438456 -0.0882299535053755 0.00173529629113799 0.0622183461123230 0.0703916637544438 0.0135478241080001 -0.0864370093130867 -0.219623102462593 -0.377647410763044 -0.513172899355446 -0.656585373699452 -0.832733224767780
# FDY_5_1:
 -0.00777331065833578 -0.00777330422896852 -0.00777330575673843 -0.00777332039635951 -0.00777329745730885 -0.00777331008807461 -0.00777330326976869 -0.00777331010288854 1.00281286236898 -0.00777331314959187 -0.00777332902750331 -0.00777330955800707 -0.00777332160370662 -0.00777331426550102 -0.00777330598673224 -0.00777330829411585 0.701164065319814 -0.00777331292518560 -0.00777331715301436 -0.00777331188691036 -0.00777330561329229 0.595282621718070 0.681866115492120 0.349778113072175 0.0853997183230639 0.0439245613600221 0.0140201103953794 0.343326009805771 -0.203520460229653 -0.599075064718547 -0.816073543311195 -0.00777331341885560 -0.00777331181983690 -0.00777331468949253 -0.518856207711690 -0.326405507717455 -0.155532084280622 0.0255984851036759 -0.00777331678568241 -0.00777332050365146 0.352076855465022 -0.00777330879006047 0.324110781588816 0.204500699303613 -0.143003769953990 -0.485919237918942 -0.00777330856594730 -0.00777331400405682 -0.00777330847121330 -0.00777330664227097 -0.00777331719373201 -0.00777331015761632 -0.00777332135692269 -0.00777331128963169 -1.21895582836345
# FDY_5_2:
 0.413436217826177 0.349260337796958 -0.00589046278875302 0.331452100058908 -0.00589044646130340 -0.00589045589824796 -0.00589043917187745 -0.00589043433002431 0.434843661963306 -0.00589043148943255 0.406500073266751 0.355054486092894 -0.00589045265809048 0.224188601588687 0.186863847429302 -0.00589045620939285 0.105266585665420 0.116268065809670 -0.00589044717225736 -0.00589044714718942 -0.00589045060633261 -0.00589044739019947 -0.00589043655761753 -0.00589044250508227 -0.00589044281587455 -0.00589044875541675 -0.00589045467054025 -0.00589045888813008 -1.14381101638976 -0.00589044480196229 -0.00589044354223308 -0.00589043944739928 -0.00589044039337147 -0.00589044720010265 -0.917831775277652 -0.00589041441813084 -0.614092483681997 -0.00589045189000178 -0.00589043474525838 -0.00589046507461696 -0.00589044829337923 -0.00589042671671877 -0.00589045212781599 -0.00589045589682599 -0.00589044987593287 -0.00589044870216246 -0.00589044858053175 -0.00589044567333105 -0.00589044479071085 -0.00589045430493137 -0.00589044465016638 -0.00589041435433210 -0.00589045080745973 -0.00589043018377119 -0.00589045016174957
# FDY_5_3:
 0.623365561425116 0.541487820649526 0.451178334529081 0.470141199064511 0.435566195079118 0.433094285212222 0.439962762997969 0.438835844710667 0.457601509899921 0.556219886637405 0.531780314108157 0.536181430827869 0.499649867473386 0.473856529341971 0.453089321841443 0.453576213975110 0.418882064755875 0.429078939902198 0.475581896392075 0.406959717982168 0.0168797444204752 0.406572767669071 0.0168797241436727 0.0168797429218393 0.0168797362003004 0.0168797051512527 0.176076949428625 0.0660532052622325 -0.0492927344549769 -0.171847650705361 -0.314457445231261 -0.682636847161384 -0.684120011538368 -0.479456811546608 -0.384231054537528 -0.268025355782359 -0.212445522167471 -0.0543385360230448 0.00894304119287732 0.0601573744895661 0.0945456424337084 0.181311475143472 0.214829867320721 0.0792894063403476 -0.0239298279706019 -0.493779952583550 -0.342566113580804 -0.441017555280705 -0.519422420577809 -0.619156697710735 -0.763730977403050 -0.897155643212579 -1.06942695806614 -1.22402467832246 -1.20320528506716
# FDY_5_4:
 -0.0113590788722904 0.477889161515271 0.534809487924421 -0.0113590785551486 -0.0113590737825396 -0.0113590799374277 -0.0113590822892558 -0.0113590619308520 -0.0113590852561172 -0.0113590728685978 -0.0113590759618275 -0.0113590760197864 -0.0113590718062680 0.498190431707453 -0.0113590753132467 0.515637401556672 -0.0113590780604314 0.547952769571189 -0.0113590673871682 0.581634738184690 0.434798128812733 0.353090810997705 0.382170566921702 0.410699433980519 0.323805906060469 0.211631618318633 -0.162743126669314 -0.104350316877265 0.190871928570579 0.307625375237818 0.539196998063154 -0.130446376280875 -0.239025888947200 -0.0491020429826906 -0.0337604431745378 0.0316344134688748 -0.0113170465111592 0.174687611096619 0.160506095061965 0.0767905186188626 0.0141686375366394 -0.00907642872916431 0.0147440157627791 -0.00598464927292747 0.00321768708371478 -0.299218504218584 -0.343898848738836 -0.507974871576711 -0.579071057313031 -0.600191836743835 -0.622374649647344 -0.560606480610888 -0.533770982932358 -0.865247828694843 -0.968565298089943
# FDY_6_1:
 0.0180957507363468 0.0180957355786975 0.0180957593429449 0.0180957207242971 0.0180957426039223 0.0180957605027461 1.08682664552525 1.11631653316255 0.0180957369545125 1.18014513181805 0.0180957353107251 1.07252076083861 0.0180957471420113 0.0180957400147214 0.0180957253037033 0.895408734302959 0.858565479339651 0.0180957187139638 0.0180957490730187 0.802951798734325 0.0180957368184631 0.0180957511467545 0.0180957524716876 0.0180957448804693 0.298164399415415 0.0282501911615604 -0.205511188917477 -0.371301985121112 -0.426496566658831 -0.444777296135462 -0.530370885928023 0.0180957282963974 0.0180957372057249 0.0180957563829340 0.0180957551723823 0.0541311570789553 0.178413249521068 0.0180957472669460 0.0180957410487627 0.328771383232082 0.224230589779468 0.0836692123192011 -0.0344380842667052 -0.208929640974278 -0.299745213932402 0.0180957508884625 -0.486021446207342 -0.563862958175438 -0.625540635339927 -0.715507723885863 -0.748597470487461 -0.781657777609191 -0.784944729294128 -0.753604713822416 -0.661354773053678
# FDY_6_2:
 1.06262502062346 0.949725964886981 1.02761585711658 1.02750413140586 1.02586983347996 1.14696041974067 1.05472765512216 1.04854687268415 1.02028727890600 0.989125622310113 0.892423071774433 0.850055917063827 0.755564162556077 0.739988875959853 0.736823511802376 0.653945801915523 0.605062391341593 0.663025076167129 0.691359865881389 0.553691041239917 0.356371099548528 0.0685411260291261 -0.170547479606802 0.189835775818562 -0.0532214972156118 -0.499855019446466 -0.811852029629695 -1.03490597352706 -1.02745749230228 -0.846171974709728 -0.806770354046976 -0.724009407274737 -0.586972529117789 -0.271613137118590 -0.130153150036378 -0.0250889272893445 0.0740611056385247 0.236053589958528 0.152744052009248 0.0121717834680203 -0.261331192502810 -0.542740269897972 -0.630781401306220 -0.880602211168280 -0.828622788523457 -0.840355948622560 -0.894861921960948 -0.950974561684616 -1.02790460682623 -1.13382354022721 -1.06030377015494 -0.959771458746762 -0.768175056599065 -0.436077911911687 -0.379761292994379
# FDY_6_3:
 0.684951628291557 0.690659488733837 0.937296958221106 0.924765437278778 0.941772024287385 0.952515720277376 0.888944823627003 0.915992029797574 0.936310847172568 1.05743174167739 0.984022624894816 0.878986312116626 0.684800599486200 0.728866295750510 0.681679026248473 0.685833662850874 0.702564986088509 0.615833560988495 0.596773687899694 0.467844848975535 0.411294606258943 0.291889095044750 0.164098382439940 0.0526852122561953 -0.215315847527400 -0.435883862330644 -0.546138395998099 -0.652219039658448 -0.827514759199096 -0.833521364312702 -0.930006085951732 -0.819425951725178 -0.688038052411833 -0.475514937859657 -0.258548196264308 -0.0559502291682178 0.128311672261648 0.160008839448869 0.222231293518399 0.140094023397129 0.00665025886231177 -0.161559042847097 -0.280312576593373 -0.526829463248888 -0.655607218105051 -0.776323024927636 -0.867511424312309 -0.892782514873417 -0.938717435153838 -0.962052013671780 -0.988949193573634 -1.03398493563076 -1.03372966458861 -0.919734393278778 -0.758940064940015
# FDY_6_4:
 0.924537766116593 0.911769865514752 0.775981299100766 0.906258423923343 0.930557107223423 0.952046621699162 0.982310428483751 1.03533086952748 1.06710643697238 1.00530457845277 0.983980765432954 0.916616423471669 0.801757784742698 0.735312338550542 0.677962495977041 0.648349494850775 0.648897763956812 0.667195992972405 0.576271094481868 0.517993334050650 0.313793256943515 0.294795667155641 0.168971404882693 -0.0746324264283227 -0.465976666371886 -0.528281590762469 -0.541711700324000 -0.645358631611864 -0.820934737820562 -0.862964389106518 -1.08065111272603 -0.835219024032954 -0.609800194882524 -0.444803207810293 -0.187635440342002 -0.0609336915089185 0.122989699347951 0.182009977773007 0.252412945345360 0.184908925439870 0.0458301641866145 -0.149288447766627 -0.269094308601467 -0.531508022565003 -0.666376629379623 -0.816471967888835 -0.882951388518481 -0.910882874974687 -0.954663626708325 -1.01677373800458 -1.03596951011173 -1.07532678031255 -1.05321951496182 -0.942980628561160 -0.766842674493259
# FDY_7_1:
 0.233871365789905 0.185837428085365 0.185487549963539 0.188872463720381 0.181683927221536 0.178057088281883 0.143748388977337 0.202740136822630 0.249174326945253 0.281126809843094 0.455132879330122 0.459556232454062 0.564928646431451 0.528706266829034 0.419392532370753 0.394817025597917 0.389668279745053 0.394406165612918 0.545080025750782 0.490105380145902 0.559840023768912 0.561682998820613 0.490616070506427 0.572789429126981 0.373376329895059 0.303195464998319 0.350932147104725 0.0938436180396097 0.214341488713279 0.164664726344397 0.180320877170929 -0.0199648490483005 -0.586637118829164 -0.627371126485740 -0.435704702214381 -0.366436824333932 -0.308309363609059 -0.240219190154118 0.0722008518619401 0.0998027724568361 0.109145404392792 0.131841386625868 0.399430847784664 0.0924332449159428 -0.139581511322157 -0.286678702604546 -0.477066198775653 -0.583651251090845 -0.737921845578553 -0.804531987502960 -0.902105227220618 -1.04878241511861 -1.16282379612598 -1.26640121482718 -1.44866327760442
# FDY_7_2:
 0.722409684228808 0.682000804018057 0.678967210790563 0.655274034421270 0.644916190059479 0.624512893086506 0.680042057373309 0.735230307708981 0.779006776935872 0.877123032807931 0.852012681624470 0.830983275261301 0.787243492239292 0.697845843057070 0.635764058548117 0.594496792429703 0.600827158367699 0.633704202888873 0.530967503468254 0.467067129733332 0.479089364575712 0.497149292733910 0.526597170619923 0.0800673600529443 -0.141001820071356 -0.152177767153781 -0.197243937038314 -0.0951609941405965 -0.384454120818627 -0.588794807766490 -0.735156934580820 -0.820762476807985 -0.781863240900727 -0.639735262083276 -0.454194458354277 -0.274226927544448 -0.136087118556181 -0.0321053238854924 0.0707229274075488 0.0746627019148843 0.0858361069805616 0.0861334158551264 0.0426527789817629 -0.177074395988731 -0.396746187695138 -0.623062828354033 -0.738829333701177 -0.822413032211271 -0.845155384736348 -0.836954616884518 -0.957443446461393 -1.08776265908677 -1.20693063446581 -1.30875362790905 -1.21921491097464
# FDY_7_3:
 0.331872868729249 0.292458900188189 0.308327888057713 0.284555039657523 0.274935459853630 0.235200391043227 0.261564548289033 0.290341972953813 0.338835866328131 0.607403263915431 0.579066069913448 0.653287632910125 0.569271139330098 0.508318656454480 0.444928782174328 0.465600229438755 0.425607796226705 0.511491677273591 0.494625080386516 0.507485542950110 0.504046753261275 0.520335452851690 0.473959678691256 0.375655250548949 0.345357823455019 0.391009930001211 -0.00965254489441844 0.0635544246945985 0.141276891851966 0.0807246553435848 -0.0506758300553294 -0.746319135361677 -0.859865097112032 -0.646564447574455 -0.506267684832613 -0.383040428906780 -0.298126630497218 0.0618391453103202 0.218306693755896 0.268165374688358 0.322785675272662 0.437139284514276 0.505557469120139 0.0802893349706917 -0.103521769752437 -0.410554633774717 -0.530586204987810 -0.747681226823398 -0.789908961599167 -0.864560174382609 -0.984309102885165 -1.08778375612755 -1.19437011478094 -1.46600278591494 -1.49539211414272
# FDY_7_4:
 0.233762649197150 0.233062329934833 0.270345739906870 0.246108506366068 0.245324816219585 0.180145708307909 0.226443242872958 0.264281353049757 0.298032075742449 0.607034838153036 0.596783522370483 0.758317581727993 0.643182776983133 0.498170687631237 0.422674457862937 0.443047436368534 0.408235245984131 0.614712928645736 0.556320675531745 0.642648825074566 0.652985793691557 0.637390324281304 0.677936858464793 0.522172920071697 0.413159102418193 0.467254069386804 0.0210091234785575 0.216515287588793 0.221738754378026 0.283234566373094 0.00839837422875889 -0.714048574553406 -0.836065536889090 -0.598214776654426 -0.483996071729446 -0.362255918803676 -0.258424605942657 0.240007207978508 0.346532050242165 0.369938480806144 0.382447096583688 0.373363809888904 0.369870849472368 -0.0971145994806805 -0.298784310060208 -0.577362112925764 -0.704552021339602 -0.898277151383348 -0.938037923966250 -1.00338458193652 -1.11807350120846 -1.22417260740514 -1.32363212115975 -1.56922882634508 -1.58696482548097
