# Number of parameters = 1827 Objective function value = 28887.4867525137  Maximum gradient component = 299.987472436379
# lnR0:
 13.4604014545229 11.6688033273024
# selpar:
 0.378808521738594 -1.25917397730361 -2.78757862687089
 0.800507213107493 -1.17789846402346 -2.67467665457723
 -2.22168176544736 -3.27322930324981 -0.731861699206069
 0.590926138622412 -0.611752179837119 0.361869712475384
 -1.30604304239591 -1.81704148833251 1.87945895532582
 1.29715600338040 -1.46079081241418 -2.19547070807051
 0.304450401202542 -2.06769129784596 -2.18261539962397
 0.413601270543751 -1.53566062938552 -2.15596549968801
 -0.894449820896392 -2.32971175515354 2.57897025872350
 0.881915923972598 1.99126842291709 -1.55507789323948
 0.135906714332451 -2.46933867284666 -0.807852831066293
 0.761382918105067 -1.45188216625250 -2.30054413493644
 0.0542885843782770 -2.44903386183198 -1.91850754552520
 -1.55266579575691 -0.617764357567853
 0.814825088198301 -1.60488891639680 -1.77292881392234
 -0.286625537092323 -2.10209692885076 -1.24422135360793
 0.837115015139787 -1.11266411591902 -2.71190296321178
 0.923504765935899 -1.44523268317335 -2.02844331361206
# movest_p1_a1:
 0.657102136058036 -0.361524236268492 2.29503822431558 -0.120246179786418 0.466279077455269
 -2.42927288322814 -1.47493857570331 -1.71204839666885 2.00177031124765 -1.76624254173822
 3.01075338907313 -0.111968884640343 5.77649167373747 -3.84066978883941 5.63913783355556
 -7.13177390218619 -0.872408855785073 -6.51065232622822 3.74070410226149 -5.78648651239313
# movest_p2_a1:
 0.947613992881008 -0.385968331339849 -0.158505451659959 -0.0871779281527703 -0.0855107958248951
 -1.16535140628158 4.86532496542461 -3.87576670986608 -0.558443932793498 2.73574595377758
 -2.13827605613749 1.51973279841004 0.731702521625850 -2.18146761204042 -0.616736006301767
 -0.975547343470312 2.30636019964810 -0.107142436324532 -3.53969505459970 3.42153901109987
# movest_p1_a2:
 -0.495111775121138 -3.85979040052250 0.251087109404924 0.876884250556984 -1.64753984832856
 -3.33538392320642 -6.50750348814546 -3.43264504788974 -3.62736110871256 2.23067750934562
 -1.22653755919070 -2.53629895580660 1.01186187555862 -0.505200122711141 1.05294505756228
 1.69643772149363 -5.58168085894834 4.23136944174151 -5.64312854829219 -0.995765977169062
# movest_p2_a2:
 3.20215846617143 -3.34738513409198 -3.68200078681990 -4.64303353807471 -4.49694031174500
 2.36691104061127 -2.50523843713156 0.0266175964705706 -5.25328263295661 -4.46774038522861
 0.611976962562288 -2.56966479419049 -3.32588851184947 -4.29534874302158 -2.20158411861774
 7.93755883680123 1.55015298866546 1.77710127964292 4.19421766873796 -1.33243165967083
# movest_p1_a3:
 -0.428164332113222 -1.92079433511997 1.08888579292529 -1.27648312502491 -0.198375882174494
 -1.36608789491519 -1.96411313290498 1.53330886054816 -4.70996870051125 -7.99999995906074
 2.98689851691504 4.16230785785093 3.20654557536051 6.98367746942202 1.20912937908821
 0.379446498853349 -1.29556095638656 -3.67877139990824 7.33568907791665 -7.99949425587754
# movest_p2_a3:
 -4.43794355105047 -3.65221656603139 -2.20159603496566 -3.92170510868243 -3.79145759073209
 -3.98470212846167 -4.38622570884767 -6.63312032146134 -3.06438586679847 -3.57856805379624
 2.50536443603258 4.88909517004343 0.513552843468617 3.92725154325872 -0.790864989455674
 -3.82275348491763 -0.284503354355246 -3.94201579870746 -3.86476351263958 -4.18393515050597
# lnqE:
 -4.47553447408650 -2.90963901204841 -1.94234206003279 -3.69854879081192 -1.80513890681422 -1.39429843341886 -2.10896122228090 -0.415561538939521 -4.36160088737849 -2.71405121899270 -3.74401928349192 -3.01461168362729 -2.41650446803952 -1.42399499215312 -1.81711949342776 -3.49332749468745 -4.01716820577032 -2.63615854630864
# Fmod:
 1.59797849309411 0.804127824019637 -0.0227304043403105 -1.89019574049812 -0.0382375567259625 -0.329761624175810 0.532372237496699 1.58926705859187 1.12006931561697 -0.0132729493648902 -1.22070518810556 0.126370960857315 -1.25671731516657 0.670329582071415 1.48439748664903 0.363979617478589 -1.47243349934406 -1.23440839540961 -3.01518132132243 -0.906129511583914 0.594001554297237 1.56749193930617 0.594578612087811 2.62456803356646 -1.85245524037905 -0.962441478745625 0.0728183739047233 0.472319136123873
# visc:
 1.53853865333028 1.72650083397162 1.81988472531947 2.19832101829470
 0.420077672728250 -0.462585290524697 0.388425044715324 -2.99457794904660
# lnRD1:
 -1.02931978681703 -0.842470074066442 -0.550105724308330 -0.593226687943112 -0.396182980696649 -0.445533533343892 -0.311365285480389 -0.267306486660158 -0.283640654623202 0.0883405687820275 0.407301712240132 0.440021650384592 0.509182138635911 0.454035220764480 0.488606692586790 0.677921052154929 0.718793821847311 0.638530629929478 0.355472974414893 0.766042672056586 0.249938201609893 0.454502535579891 0.213913175436692 0.312612065999152 -0.00863032882191412 -0.482987290556002 -0.755612762964977 -0.808833516140658
# lnRD2:
 0.774723462982247 -0.277709625046709 0.606186205997656 -0.0684122755969151 -0.267030706566298 -0.662309974737953 -0.560296966816455 -0.612631845235045 -0.529776806169361 -0.497203581165880 -0.601856328640438 -0.440907179954109 -0.288295144277114 0.0134635345551764 0.352522162992099 -0.294816403792662 0.0550890280702253 0.291795735337185 0.595391372074723 0.676722758830149 0.256429936950406 0.607373856565467 0.195108071379707 0.164717443953141 0.276332941746456 0.231094222830274 0.0550690045683967 -0.0507729008343715
# lnRD3:
 0.00000000000000
# lnRD4:
 0.00000000000000
# FDY_1_1:
 -0.0293026173284681 -0.0293567362720906 -0.0292311379981929 -0.0290218754745342 -0.0305561404157342 -0.0295101696573872 -0.0290458576653043 -0.288213427897167 -0.322731848728849 -0.350535609048743 -0.440989985155962 -0.429657456843316 -0.371693376999707 -0.352302028739931 -0.298986324444885 -0.197290921666582 -0.202817980421047 -0.209982237208816 -0.222428577268415 -0.222806110475989 -0.223761237511758 -0.190913202346363 -0.184218622368647 -0.168592718338170 -0.133338128559843 -0.0508012696590800 -0.0275063067405299 0.0349171400440855 0.0695767425355276 0.160521629328405 0.224110769513133 0.293328279280176 0.327008078451385 0.346017957635696 0.392324006238343 0.398799900284725 0.380213443490970 0.312343648529539 0.221724351642007 0.224986114004029 0.255106118583667 0.276195732410991 0.332906028389774 0.354375187802593 0.357553317046377 0.297814674671707 0.251464785113169 0.166545818953800 0.0943847589275808 0.0539959621684056 0.00196900292936487 -0.0865949339690035 -0.171059958431403 -0.221687476415030 -0.253249173924501
# FDY_1_2:
 -0.0292284919012567 -0.0977773106692202 -0.0284343503806935 -0.147363555057635 -0.175128006558150 -0.192758518563884 -0.0295508433581947 -0.209122405054332 -0.236402826502468 -0.263591888279519 -0.359772190406806 -0.335897133982764 -0.257111740994870 -0.218923691898133 -0.196684706228272 -0.154937501336451 -0.0975319290777582 -0.172367133030871 -0.184135794634661 -0.183113349530853 -0.164514686571031 -0.156595473030928 -0.140922138128186 -0.120636667206769 -0.0986275520725991 -0.0360806661735230 -0.00205600120871040 0.0569321374641311 0.0823456134827684 0.166460328189465 0.231372728842787 0.296788152392628 0.314775471818962 0.319573755543765 0.372609042007969 0.364191878781615 0.328815718716884 0.261624668173048 0.176773372544179 0.193717813375428 0.225114723750668 0.259034480760900 0.308779186864821 0.331243643955926 0.323842740978153 0.258257446359977 0.204502284730107 0.117652119468058 0.0400891761807302 0.00114556564177682 -0.0461961068670668 -0.130909226135152 -0.218641401198553 -0.258791988744643 -0.291836775240796
# FDY_1_3:
 -0.0270823367652791 -0.0279656506790833 -0.0272430287299825 -0.0268068993368929 -0.0265046364611650 -0.0263257359110967 -0.0263236560649862 -0.0262375891502036 -0.196949871402127 -0.213400544569759 -0.270173243212609 -0.256341215040988 -0.184653328682989 -0.160181931847552 -0.140220534840377 -0.101648666962773 -0.0413176389349845 -0.115812771916607 -0.130796132407077 -0.132887493152545 -0.114933028445207 -0.0977777590333802 -0.0851311954300151 -0.0785420049907881 -0.0581260527047400 0.00247634754282065 -0.0267158943459267 -0.0284770923307296 0.117012979177814 0.188485974637522 0.247856979741284 -0.0262823808057695 0.298875566268966 -0.0272434650308500 -0.0274981288563832 0.346646367211505 0.307179377968069 0.267340783693290 0.179589336259401 0.181376598499430 0.211932621104234 0.224629998789537 0.257190674444409 0.285773128150877 0.293306988278479 -0.0288346409430747 0.186744218044789 -0.0277823797882075 0.0432596207813878 0.000959174972837686 -0.0412986244268272 -0.111686281428082 -0.195768356811574 -0.235309627119306 -0.270356917006713
# FDY_1_4:
 -0.0284741860959410 -0.0279944554038116 -0.0289095414738916 -0.0297479692422775 -0.0290638370714693 -0.0292656936216234 -0.0284427272275001 -0.0282522775901284 -0.289772526436905 -0.377396567249435 -0.0281929576452362 -0.343109785873189 -0.309928280495421 -0.294210040155135 -0.238836113761702 -0.190406407513766 -0.106759093718371 -0.199625554095684 -0.184032267552749 -0.190585636634090 -0.179981948551629 -0.162643009898589 -0.147249470504613 -0.130319065456425 -0.100478389529424 -0.0367059748238714 -0.00247333334944289 0.0619528844509651 0.109179516348885 0.222608143524296 -0.0280606996503336 0.316156791604082 0.319586457245113 0.357330062219396 0.456508240566684 0.363964704241022 0.295769135178503 0.259021563380616 0.220771323314598 0.226257764057180 0.222235897612272 0.273636681869411 0.257189452366203 0.260436416378194 0.233486700795974 0.170639884977887 0.126513396431100 0.0640460010812984 0.0244389948970984 -0.00634115948813330 -0.0962856799618481 -0.182366149778530 -0.234847623245404 -0.252277950729761 -0.298693638714448
# FDY_2_1:
 0.354156158542901 0.273629257426293 0.263294181729051 0.226215771017517 0.176277493647138 0.130866059346445 0.107944658709745 0.0930951127611117 0.0562732211557810 0.0272346522571605 0.121416425582721 0.192266585318842 0.258416455514635 0.273217211721311 0.292136298349606 0.323560513328239 0.427225267621320 0.267894505640504 0.190811255958778 0.153145134933247 0.135792426969416 0.0563865796851302 0.0367505614815011 0.0157526990661359 -0.00248812220740801 -0.0895361235675229 0.0355656869416274 -0.0341467464537721 -0.0861414363268913 -0.166976170440606 -0.236707218930926 -0.247572711586205 -0.260014069140814 -0.257734436104758 -0.211181831475564 -0.173411157537661 -0.170983448436812 -0.174777041208761 -0.189801771298259 -0.283287344535713 -0.334589190582862 -0.365156630706808 -0.343850837194640 -0.288984676813198 -0.217250659761410 -0.0989824269044453 -0.0108863133154606 -0.0572103056532451 -0.0523444801394433 0.0550844995676345 0.0719562594158030 -0.00270168656730685 -0.0601091467793571 -0.0494790564700425 -0.150059893549702
# FDY_2_2:
 0.209098385518051 0.175767967917936 0.158599468374094 0.114941693651805 0.0638610924119442 0.0221477004199208 -0.0282163343289364 -0.0260028940118316 -0.0593123048174665 -0.335080960894257 0.116695218326297 0.179936877527220 0.286734295051392 0.322140764989754 0.350695683509337 0.379417337255823 0.450546724563100 0.328240992740342 0.257699876500540 0.218482549920466 0.198419611094369 0.100042680739187 0.0578971838614024 0.0258583091907011 -0.0104039784311157 -0.0455697386021930 0.0221367733946602 0.0324054423014372 -0.0468841691670521 -0.100717886955083 -0.208335074886801 -0.212643110721871 -0.205023276793485 -0.205212910408840 -0.142669760282369 -0.102221476431328 -0.122395487959617 -0.150763744517418 -0.170283600746894 -0.282416784174621 -0.354842402305246 -0.407137259464306 -0.417171579401464 -0.425743803755963 -0.283173683447639 -0.131760069084395 -0.0399301073355883 -0.0520105286873285 -0.00598069520521777 0.106706299380074 0.131987888382891 0.0891208371520362 0.0411177837886109 0.0655431394291616 0.0656610454257766
# FDY_2_3:
 -0.0189887737526953 -0.0933053775552548 -0.0733256742207680 -0.144419245803809 -0.188957980656049 -0.244384692539472 -0.218463321852120 -0.210924820846995 -0.263855836484155 -0.343244367218735 -0.115115103557019 -0.0615227745812945 0.0163564386689729 0.0620336405368513 0.139268235480068 0.224246262875300 0.306467350121902 0.247076933370868 0.209688665028583 0.180747759700285 0.163965264202714 0.0830030481555546 0.0535210863887430 0.0675235361520412 0.0515466405483875 0.101452618705862 0.120609028301809 0.150804942590963 0.0892553111099132 0.0601644762975197 -0.0298167548514699 -0.0262758888149579 -0.0256161933139121 -0.0134669120374593 0.0543594436920516 0.0970672396334213 0.0672233525386570 0.0479372271660885 0.0193776408762793 -0.122532377454207 -0.182033129960748 -0.251916193632884 -0.365147733399666 -0.314770384623257 -0.151232188253055 -0.0268381542123060 0.0520379624219262 0.0287898391840240 0.0526901536811877 0.155530801258090 0.183371754474999 0.127759513712764 0.0796348873277537 0.0978415094579226 0.0948013159607857
# FDY_2_4:
 0.344096665230419 0.329056067190267 0.268077772996633 0.210394722168599 0.161522181099961 0.143714207546273 0.152603993254317 0.0895521043768444 -0.0258202023825954 0.0662581282798858 0.199475203488848 0.175152423035115 0.222027721152392 0.250999611703327 0.274141538835637 0.263681406478320 0.314840943991103 0.210220303919330 0.179534221071496 0.143085440194679 0.108761868848298 -0.104147350721472 -0.0491361790816320 -0.00269429470882435 0.0313832878579011 0.0609502211147737 0.0159062975949419 -0.0286592181185065 -0.153950171207964 -0.200555517720516 -0.221789058184695 -0.192985682285508 -0.224957675640963 -0.196927383401223 -0.130263211057910 -0.0914155573693368 -0.108242612906373 -0.123893679531337 -0.230054261083072 -0.286746995413768 -0.343928073524919 -0.360280354244217 -0.307287059822092 -0.218550009919413 -0.115190011308946 -0.0787295504218441 -0.104488454116767 -0.112065132578296 0.00124959274526590 0.0545243390208859 -0.00404138831928505 -0.0613489502867219 -0.0573643791388160 -0.0630739381646456 -0.0726239105338528
# FDY_3_1:
 0.00000000000000 0.00000000000000 0.00000000000000 0.00000000000000 0.00000000000000 0.00000000000000 0.00000000000000 0.00000000000000 0.00000000000000 0.00000000000000 0.00000000000000 0.00000000000000 0.00000000000000 0.00000000000000 0.00000000000000 0.00000000000000 0.00000000000000 0.00000000000000 0.00000000000000 0.00000000000000 0.00000000000000 0.00000000000000 0.00000000000000 0.00000000000000 0.00000000000000 0.00000000000000 0.00000000000000 0.00000000000000 0.00000000000000 0.00000000000000 0.00000000000000 0.00000000000000 0.00000000000000 0.00000000000000 0.00000000000000 0.00000000000000 0.00000000000000 0.00000000000000 0.00000000000000 0.00000000000000 0.00000000000000 0.00000000000000 0.00000000000000 0.00000000000000 0.00000000000000 0.00000000000000 0.00000000000000 0.00000000000000 0.00000000000000 0.00000000000000 0.00000000000000 0.00000000000000 0.00000000000000 0.00000000000000 0.00000000000000
# FDY_3_2:
 0.00000000000000 0.00000000000000 0.00000000000000 0.00000000000000 0.00000000000000 0.00000000000000 0.00000000000000 0.00000000000000 0.00000000000000 0.00000000000000 0.00000000000000 0.00000000000000 0.00000000000000 0.00000000000000 0.00000000000000 0.00000000000000 0.00000000000000 0.00000000000000 0.00000000000000 0.00000000000000 0.00000000000000 0.00000000000000 0.00000000000000 0.00000000000000 0.00000000000000 0.00000000000000 0.00000000000000 0.00000000000000 0.00000000000000 0.00000000000000 0.00000000000000 0.00000000000000 0.00000000000000 0.00000000000000 0.00000000000000 0.00000000000000 0.00000000000000 0.00000000000000 0.00000000000000 0.00000000000000 0.00000000000000 0.00000000000000 0.00000000000000 0.00000000000000 0.00000000000000 0.00000000000000 0.00000000000000 0.00000000000000 0.00000000000000 0.00000000000000 0.00000000000000 0.00000000000000 0.00000000000000 0.00000000000000 0.00000000000000
# FDY_3_3:
 -0.252008085485087 -0.327188757243710 -0.349032853852399 -0.395223342051315 -0.426106206619461 -0.444236793404714 -0.433136567042308 -0.457038282045530 -0.488658508397152 -0.553570305383261 -0.529067149504960 -0.517946283424748 -0.464075039233144 -0.388532532137091 -0.322701385860414 -0.302845309025567 -0.214714048905466 -0.178034652145157 -0.149422152418597 -0.121715286636651 -0.104830547398707 -0.0995242429883701 -0.0921827277694179 -0.0782151759282442 -0.0730600639317412 0.0281701490220042 0.0900419116107813 0.154274520749713 0.209573983927459 0.289691741228483 0.321287039876480 0.416129709297113 0.452154792570730 0.466596916677718 0.539176530019103 0.535958264693028 0.514251053992843 0.384107925223354 0.364661972171353 0.328422061098291 0.262318342803152 0.247268743095893 0.368613011847459 0.350333722229072 0.316606647901372 0.286586523331496 0.195767162512783 0.200931578024933 0.188189688533084 0.179855049944201 0.113524509550250 0.0532117051789806 0.000812205682680849 -0.0152800393668558 -0.0801711245937429
# FDY_3_4:
 -0.177161854617165 -0.238083032748791 -0.273361016735591 -0.307170281988108 -0.329845332062271 -0.327756690059741 -0.334115293526499 -0.362856272498637 -0.390122505442285 -0.439891902351994 -0.439403445534213 -0.379815885515612 -0.355409170820715 -0.333856141964371 -0.262044327158356 -0.230555296174744 -0.140605982635981 -0.185641680401698 -0.185854467105299 -0.200236688893040 -0.195767443263992 -0.204041328534719 -0.192288601122428 -0.141878073196385 -0.102083710864519 -0.0731800309927714 0.0282936000199403 0.0627527708215745 0.179314809462745 0.186545340302248 0.340412162202591 0.340104480651606 0.390980845121051 0.390035271909838 0.491141857134956 0.557219472904631 0.488342321115530 -0.0480862830847825 -0.0470918694653670 0.387037058756101 0.378124620817222 0.452181205246080 0.455117573159960 0.503444421687641 0.407444327424802 0.383517173043943 0.225029142285920 0.165347942917730 0.139360107172542 0.139226164532290 0.0701582456973180 -0.0268751145387502 -0.0663024841819532 -0.0732001378620228 -0.0965485690454597
# FDY_4_1:
 -0.176273257243015 -0.233331448948020 -0.280022334044231 -0.345468093036632 -0.385187248831120 -0.429922533225904 -0.431844419930177 -0.445768953383654 -0.429186794601503 -0.416696402821375 -0.440216536121475 -0.442273288906128 -0.456303854779602 -0.430588505965306 -0.376870279360250 -0.312509235007711 -0.243081159333859 -0.176785500994569 -0.140812143822709 -0.114432317783165 -0.117235180076268 -0.115337472558413 -0.116474369814930 -0.0927119058133529 -0.0896617441981029 -0.0428179891478592 0.0232135491093047 0.0756398258739022 0.102302923925448 0.168552445641213 0.145109102631797 0.185004979656741 0.175934182524558 0.219686938831204 0.250704442110645 0.263433737292457 0.241849604430824 0.211125394052335 0.191103662765533 0.152304776160691 0.111930499104853 0.0949550606012560 0.128118256492083 0.119818277345164 0.219130702460075 0.304219775288261 0.386450781130058 0.461551587574574 0.506572265877059 0.519169630812896 0.495756874232131 0.444363198235201 0.395603085977763 0.357588872741544 0.330618536869764
# FDY_4_2:
 -0.198409916836506 -0.247872978541674 -0.295285155020347 -0.377650413059234 -0.410353170920184 -0.453522196986541 -0.456816381261573 -0.445371624686867 -0.439813691588629 -0.428806707132194 -0.434106535111158 -0.429817151570312 -0.433618658404782 -0.389080839255822 -0.330692609915680 -0.254248319040945 -0.179187766151579 -0.108276075738742 -0.0787664115592969 -0.0492928774958604 -0.0595008747609321 -0.0601565679948229 -0.0611897205837143 -0.0451669517630649 -0.0488356193630751 -0.00235974142221194 0.0712904911447597 0.124768378583596 0.147819243035624 0.202561268754218 0.176106472514424 0.209793273195851 0.200188044821801 0.234643777226941 0.268715823184327 0.278476829612954 0.265555401591735 0.243787467153654 0.222177913015529 0.171433989878489 0.128789409826842 0.112580705623284 0.123933943156434 0.109680433799163 0.0936285472031945 0.224790425502145 0.333688456006478 0.358974645321210 0.402831379031212 0.405768820147356 0.398784176864021 0.349146079258437 0.319204880985591 0.278879635125235 0.260199044601244
# FDY_4_3:
 -0.218002788572415 -0.270429589612647 -0.313141908479020 -0.381450727129142 -0.419825524893265 -0.461666556493568 -0.474864009753718 -0.474297199130734 -0.471467396905175 -0.452465310776148 -0.446950312701176 -0.443582236747603 -0.446113605600598 -0.408830114161674 -0.350927884936249 -0.263361153387136 -0.188766149206561 -0.110870426660143 -0.0769623968718513 -0.0550298707678966 -0.0787666317932215 -0.0743578633885015 -0.0790311119350204 -0.0624259527089691 -0.0716401828113872 -0.00779870348865366 0.0502554838879275 0.102236729354476 0.126275426793711 0.183122022481268 0.157777728488402 0.199783879481048 0.200068429191215 0.230494219857146 0.271545170801491 0.284641699568041 0.277336714682417 0.248911045748169 0.224762772881344 0.178126501299408 0.135581219787787 0.126951062203176 0.160568796003162 0.139652282161766 0.210344696555513 0.288445726697068 0.361401633137395 0.392955219067845 0.405038918940601 0.451143174116801 0.392481874363669 0.351352818912820 0.347651817241988 0.313143973132460 0.290974572074359
# FDY_4_4:
 -0.199978144016436 -0.256398023613873 -0.297976760500977 -0.372381377887013 -0.400101920466994 -0.447727868058279 -0.458605187139031 -0.456969460982310 -0.444939572852457 -0.424942020907099 -0.421287475563978 -0.427683317767723 -0.427762315042545 -0.391697988238625 -0.330257885314711 -0.258427018630966 -0.184405801085495 -0.107019544940934 -0.0794566105733556 -0.0583273765817231 -0.0700384989488680 -0.0782050848034810 -0.0840750537176278 -0.0559708321846164 -0.0691421037881150 -0.0125816903087592 0.0398407130228204 0.0936654389413116 0.111919769962367 0.168311926846253 0.138712234860616 0.183310542150158 0.187140958861206 0.221196407767535 0.259524196575073 0.282436832528175 0.266106269086832 0.235366821460771 0.206214585970409 0.163353378031708 0.121879380828924 0.108837591120571 0.142874514520052 0.125114864493095 0.210298559454537 0.285941293242378 0.346322097137459 0.374878466732148 0.430800389895239 0.410726840593019 0.377345590596021 0.379715801167795 0.367797923774475 0.285812866281427 0.290912678013615
# FDY_5_1:
 0.000503345505728105 0.000669781290465401 0.00140949115164262 0.00111101003391661 0.000948310160007117 0.00122893623009006 0.000767963421344155 3.82396599451405e-005 -0.763181246714541 0.000616703000407106 0.000690498347738646 0.000155602944343627 -0.000252084718249954 0.000222625299536474 0.000138261956171994 0.000640488418218445 -0.274957189344585 0.000879216697267473 0.000969649068593916 0.000328765437696823 0.000470099518235336 -0.210087970172046 -0.217104571662604 -0.231039276269715 -0.236563486883505 -0.190819237367549 -0.131797177242180 -0.0972281311744086 -0.0992780313247064 -0.0786153180757686 -0.0868396272623509 0.000842130727472792 0.000558012130294762 0.00142431748726495 0.208420233891743 0.314816195626076 0.374813314352078 0.352230773570735 0.000557714540695577 0.000383046373546072 0.243678255988828 2.97113486959397e-005 0.253901572910852 0.351704161379435 0.277312391158992 0.242073377012428 0.000779933348997665 0.000879376949775625 0.000393569980692667 0.00107893392402929 -0.000188792811849645 6.55182424188958e-005 -0.000192697764139169 0.000920937342118335 -0.0205076276403214
# FDY_5_2:
 -0.0167423645023971 -0.0826304097644776 -0.00205449718407206 -0.162698239750442 -0.00213196901631122 -0.00241594635206269 -0.00258895617513592 -0.00187143174608920 -0.0596414263217266 -0.00219386619505994 0.0581915755476937 0.0730387528734509 -0.00240927248072268 0.0995743939961223 0.135311299644739 -0.00257452532040962 0.168815698033509 0.179813183001020 -0.00201496188930165 -0.00271774320376675 -0.00159256256486821 -0.00258108681814676 -0.00187714452069102 -0.00263594265997128 -0.00252652428959103 -0.00241534953628101 -0.00285456396760090 -0.00266551129805951 -0.270495383842933 -0.00220629920013874 -0.00251827377334927 -0.00200145339291172 -0.00219824527337768 -0.00263908882354628 -0.00549774696011888 -0.00230541246702490 -0.0188913837953068 -0.00287596500066570 -0.00219328294470614 -0.00244266687851372 -0.00265234343617064 -0.00202312312836753 -0.00253430169884187 -0.00248562146380774 -0.00248363126324250 -0.00221065691001258 -0.00202700238970547 -0.00282310340462481 -0.00177869795898570 -0.00232456126699191 -0.00265261796359188 -0.00202893585833067 -0.00247968543046820 -0.00179098030526529 -0.00235014270835091
# FDY_5_3:
 -0.666488579400930 -0.524761133375251 -0.780082346625772 -0.631178034250734 -0.630551565612623 -0.621886475846086 -0.685702720497397 -0.678902869985956 -0.680280267855446 -0.730477112805714 -0.700782433998355 -0.488910264440825 -0.553786318304733 -0.375689113307122 -0.292802458168408 -0.240262722950059 -0.168861968637642 -0.131250643613685 -0.0459013377440208 -0.117960264878206 0.0547501972796934 -0.106972408499059 0.0543331399541903 0.0559042487064395 0.0540535856565044 0.0558898924431547 0.0898389895283379 0.0996720822189402 0.106420675383429 0.173713865470688 0.167512339254411 0.208499918614990 0.259760294994147 0.368195273071996 0.519710575956444 0.643727712393427 0.698796103224163 0.628053027615916 0.692404862131264 0.686944751102498 0.605441023421670 0.658077247277107 0.794442006702980 0.499326044343955 0.430256790536166 0.214522948613659 0.272079224708922 0.215823223068304 0.166438224935803 0.176738560431848 0.136113626856822 0.0490492123981544 -0.0146632683403104 0.00643536178039571 0.0252292790619154
# FDY_5_4:
 0.0171101025910400 -0.637824148735805 -0.669763235274882 0.0172840568103589 0.0183560231279773 0.0171093725870414 0.0164597733981925 0.0171022185446305 0.0171543129354822 0.0167314194592600 0.0174230992172199 0.0169025196026734 0.0168106927047293 -0.453211413253600 0.0176645852082397 -0.364294538549886 0.0183267280263554 -0.197007949197531 0.0165408484694837 -0.196978922965651 -0.166245018854216 -0.185732098639135 -0.223771361370235 -0.201648243206069 -0.203677078792749 -0.154836925603094 -0.149934382970680 -0.0977539977208973 -0.128177757300481 -0.0515761024283762 -0.0238571841148761 0.0981174658610883 0.117831715868803 0.217664122772448 0.350250575603929 0.465563368360424 0.500347373504590 0.448978694603913 0.437140961952108 0.412883335949293 0.326018570636773 0.326645115010519 0.484871994214747 0.234524625037107 0.199264552579392 0.0751773642281745 -0.0362240510820134 -0.0941550266399232 -0.0568789374023198 -0.0469091978717836 -0.0966709484690836 -0.132456454655181 -0.130880092048114 -0.122961320966580 -0.112829200752830
# FDY_6_1:
 0.00643447412230421 0.00476421879122098 0.00557381585553392 0.00527975202995153 0.00642495292368979 0.00534330803759316 0.153012652528719 0.305626539255192 0.00586030402922917 0.929504920514372 0.00614487355080458 0.745765559862192 0.00581928942977557 0.00612780641444351 0.00446452180131781 0.483342524946324 0.418244656351878 0.00586259059565960 0.00613624654338592 0.265934281295608 0.00739679499831565 0.00453831739819995 0.00641985533008301 0.00605396035647450 -0.149252535520174 -0.242830878838881 -0.355489022181644 -0.399828789612636 -0.464876213459465 -0.396208724602643 -0.416098119949345 0.00487369277056933 0.00483075162162779 0.00615657217180450 0.00612951280408909 -0.208086033551684 -0.279349125822149 0.00483424802820450 0.00650058324513621 -0.487194900229180 -0.515719487611401 -0.481572075126776 -0.366640465364708 -0.338372607503393 -0.178076538875884 0.00748130037077351 -0.117481624347841 0.0632888216928627 0.238492693171784 0.240408977102700 0.209283109460091 0.225407596084121 0.311396828432368 0.307701176408016 0.360215062271390
# FDY_6_2:
 0.215644605352330 0.0791369084068168 0.147123512363282 0.119516826898357 0.0811870008828229 0.200534081487463 0.278516703217650 0.474056448034483 0.573499779008483 0.813186387024508 0.685397045506895 0.692815056835677 0.531996598019654 0.510135725756824 0.454421622657427 0.340287960309907 0.304736894429121 0.332800038746674 0.289978790883059 0.165639929869381 0.0957752294783572 -0.0862811690623315 -0.219535444908932 -0.101015561690904 -0.304470637203234 -0.423132384613045 -0.461691964678323 -0.423415984927459 -0.492832616580318 -0.459257554894999 -0.452918101525063 -0.498968788060557 -0.502390299842067 -0.411917084707677 -0.322126068663139 -0.347308369501323 -0.416494593663827 -0.463143846167232 -0.468723065900270 -0.486966253480354 -0.550096829075394 -0.507139788061043 -0.381692060999857 -0.375698595392442 -0.217431691342159 -0.149308615300214 -0.0723809944156899 0.0865814220488004 0.236983820427996 0.246860135516219 0.240977117705366 0.258298823420810 0.334457215939483 0.375249237121242 0.430543447308764
# FDY_6_3:
 -0.0970895985824572 -0.0881448422521738 0.179332815454197 0.193104964058070 0.261978596668795 0.319159381465525 0.229416395114571 0.312706265233264 0.453866395158115 0.878625694646921 0.726885209199503 0.565217365224258 0.297645287341812 0.410761460660858 0.378762224507419 0.362601100331353 0.345673866787790 0.210540492106708 0.198274845346178 0.106703231264809 0.0218721728994244 -0.100757069049665 -0.290094940891448 -0.285819060242699 -0.375569875568097 -0.478261123415660 -0.530921023394834 -0.487609438347599 -0.556340440433012 -0.411583304406621 -0.457850633311607 -0.449479198402237 -0.443247335915874 -0.338690924860431 -0.263408522188588 -0.275315236399854 -0.337743194933948 -0.379787327986209 -0.397842921744640 -0.475092994675471 -0.496546400717462 -0.399620288702212 -0.306690206366840 -0.266390984047528 -0.155705267475757 -0.108948822871228 -0.0257889470333519 0.156011387884872 0.293173692864081 0.314298343866790 0.315673246228375 0.344183648143558 0.425473852018115 0.456611377428920 0.521786612313224
# FDY_6_4:
 0.115706271779547 0.0933971642064666 -0.0342626528648636 0.123311792626229 0.201305292001177 0.286823916529031 0.352817902546219 0.547242701076978 0.735466606940768 0.725380124307063 0.614909767600218 0.553060853337019 0.416037151484628 0.365787264605138 0.316803827996231 0.272252622120238 0.293199957219065 0.215470956564772 0.126329734617520 0.0716332528078487 -0.112560328511218 -0.193895362002994 -0.333048778746265 -0.539372190283734 -0.859413828486390 -0.624238031271748 -0.535352814015040 -0.572873371211217 -0.554776843653427 -0.475743991460094 -0.563459668370034 -0.424465961991680 -0.325734677669018 -0.255813589732494 -0.152844556045593 -0.299907585706879 -0.387776471078628 -0.400350663841284 -0.366574409107204 -0.408599599178617 -0.427865621370004 -0.375281696669527 -0.218947564433801 -0.195708383720954 -0.140011631208646 -0.0891796860815726 0.0561823026108694 0.243198551927768 0.292274315122978 0.355273792980959 0.389975299703370 0.451603559142145 0.473667459383194 0.529976219484413 0.648971297991072
# FDY_7_1:
 -0.679960319193899 -0.722265551228218 -0.757732423726215 -0.805068292670793 -0.826561304318057 -0.851053110147458 -0.852362760670519 -0.817283274729309 -0.769432911768918 -0.706419874571026 -0.682173577980024 -0.623377575294521 -0.551425074033728 -0.487182281166464 -0.441970275705678 -0.387051382427563 -0.328798608245577 -0.263812854152629 -0.190006824527938 -0.192355393610416 -0.161694091298927 -0.139831859053458 -0.165542467706288 -0.165251359960164 -0.179236054124476 -0.178978845403896 -0.148963271240438 -0.0905819726110938 0.0279901171682719 0.133090577299625 0.441493644511242 0.591869963091951 0.760379870287040 0.830991866446069 0.965761278931529 1.02247881528705 0.999534409993237 1.00263802647812 1.18580838668380 1.17845139637789 1.14642205270708 1.03346622731007 1.19550511505798 1.07950856586146 0.491142639573263 0.230087462212103 0.0711822298210518 -0.0169958265091866 -0.0782434037756371 -0.123016499443359 -0.156479082088200 -0.192601284597822 -0.219455465511015 -0.229606622989493 -0.205030868616419
# FDY_7_2:
 -0.504072107984678 -0.551807042908323 -0.583412657875724 -0.632480386855280 -0.658819126141537 -0.686681323019180 -0.686083539882358 -0.663400968932755 -0.633379937201114 -0.575420854149351 -0.519560331869486 -0.461428510455834 -0.396116345069595 -0.342136766666356 -0.273188145174789 -0.225800393991811 -0.169445568044596 -0.0918650392706599 -0.0656881273335417 -0.0537760528815481 -0.0508377083414313 -0.0649376193846951 -0.102653336657975 -0.105835800982414 -0.126791583575363 -0.100461963586517 -0.0352989495786673 0.00490495275129098 0.0539898643924665 0.122360146179085 0.221788646873078 0.344434144218702 0.403210560566718 0.459648115609748 0.590125646904767 0.697543915425287 0.731189493452009 0.704191525118637 0.744652512445163 0.761407653240491 0.669198938525803 0.652061648312157 0.873539796668012 0.605552329406580 0.348594408571916 0.251594613326930 0.178631077457704 0.0812274484911635 0.0331309765228091 0.0218058732289883 0.00790370136595618 -0.0429534644655405 -0.0662731020449243 -0.0578043067318523 -0.0342769279975634
# FDY_7_3:
 -0.716349571734603 -0.655095407149080 -0.681016792280214 -0.729417554468847 -0.757185176683358 -0.778088252953558 -0.761859226916311 -0.720666529054572 -0.660245742688959 -0.598008138453913 -0.540811866681821 -0.472677686273186 -0.435077869600312 -0.384257014787547 -0.341801497037161 -0.281626825880129 -0.208821265577839 -0.136484423449994 -0.135886394477248 -0.117281465646382 -0.112119549442591 -0.129433027561749 -0.191103337975747 -0.167367081468910 -0.219805656876149 -0.223240667375689 -0.166952059649931 -0.113203359058287 -0.0378836160140296 0.151947544162266 0.305459586180153 0.506259730656388 0.543076930468329 0.657040834869102 0.834780467212873 0.925162793228770 0.968761512908624 0.991563709662331 1.13333810346924 1.12493790775145 1.05749266907661 1.02804138658180 1.34240023302420 0.543537597468973 0.247116459877916 0.0538535118356134 -0.0333505795592541 -0.0821087798889032 -0.119617660167992 -0.111722023229491 -0.110643346169930 -0.138069857153203 -0.161279913785207 -0.133079247882477 -0.0511325133800688
# FDY_7_4:
 -0.673464177406448 -0.697145806564313 -0.719346142507773 -0.771896123709607 -0.794766710442500 -0.826913684246842 -0.808552246318337 -0.770321739267702 -0.707069040261983 -0.628928446305883 -0.571470128220913 -0.487754429767614 -0.458846341366709 -0.418763484720333 -0.381210414024741 -0.315628803580869 -0.245319282646156 -0.148217511413021 -0.147796389769255 -0.107135548957803 -0.102212305624795 -0.129558068430295 -0.176742148890757 -0.145872621667236 -0.206677571126540 -0.190907997048689 -0.134259257977628 -0.0309177025588045 0.0259539897656023 0.344042107634538 0.456792837729154 0.696709429830433 0.702363199761470 0.824787654596429 0.924255006858655 0.972642730775945 1.01391699883046 1.17818698432680 1.20891601636829 1.18824969725793 1.05623752741552 0.932492625149989 1.18441159365861 0.429875084238346 0.155210484877057 -0.0211459902569775 -0.116759993224179 -0.149493692578573 -0.172003803887430 -0.166885712145450 -0.169394625743255 -0.198190811004614 -0.210900172863015 -0.182101125531959 -0.110473917016233
