# Number of parameters = 305  Objective function value = 34692.6  Maximum gradient component = 0.00353869
# lnmuR:
 12.5802 11.3546
# selpar:
 -0.397587 0.942923 -1.31875
 -2.00000 -0.604262
 0.0822934 -0.559034 1.72449
 2.00000 -0.0508657 -0.158856
 1.10490 0.293599 -0.613852
 -0.435772 0.374375 -1.32941
 -0.0424434 1.31458 -1.47082
 0.556459 -0.357231 1.70803
 0.0834185 -0.187871 0.912053
 -1.27514 1.24384 -0.792684
 0.326140 1.08595 -0.565901
 1.00332 0.451003 0.0469841
 0.143849 -1.39549 -0.300797
 0.286632 -1.02539 2.00000
# lnRD1:
 0.988222 0.0856794 -0.0960539 -0.156504 0.0603602 -0.717958 -0.310483 0.370699 0.301683 -0.336539 -0.189106
# lnRD2:
 0.106702 0.645143 0.117250 -0.0752780 -0.253172 -0.156564 -0.157074 -0.636617 -0.151896 0.501447 0.0600596
# movest:
 2.09084 1.27257 0.775786 1.64514 0.0303779 -0.0179114 0.124116 0.125270 -0.0346779 0.0246330 0.105641 -0.0116958 1.23970 3.88660 1.53341 2.44341 0.0651427 0.0862168 -0.0476792 -0.00903476 0.00210745 0.0925497 -0.0431918 0.0198821 0.614317 -0.714837 -5.31635 0.544942 -1.13334 -1.19728 -0.613760 0.213923 -0.554668 1.45271 -3.07699 -1.46583 -2.45265 -3.08038 -2.22566 -0.692208 1.75933 3.57407 -3.32305 -0.0475632 -0.183922 -1.63806 -1.60847 1.34940 -0.927495 1.27655 -1.51235 -2.53573 -1.62551 -1.54016 -2.24985 -0.731397 1.51686 0.150205 -2.14498 3.75397 0.148050 -1.71471 -1.79268 -0.178499 -1.05753 -0.590447 -1.70115 -3.04517 -1.56558 -1.56171 -1.00770 -0.188701 0.935472 0.203296 -4.79259 0.350660 -0.682385 0.620026 -0.410899 2.61688 -1.39976 1.25007 -2.89168 -2.22105 -1.18004 -2.94932 -1.17341 -1.87856 -0.582317 -0.520039 -3.12295 -0.216422 -0.400223 -1.16116 2.85147 4.31799 -0.644607 -0.189660 -1.43340 -2.60045 -1.37298 -1.84342 -2.71054 -2.42992 -0.971270 1.47464 -3.15394 0.714408 -0.841619 -1.16967 -0.730959 2.27768 -1.20640 -0.791553 -1.69679 -2.84354 -1.65159 -2.02431 -2.16982 -1.43597 1.52057 -1.27852 -3.77519 -0.837141 1.10513 2.53629 0.456129 1.91751 -1.44679 2.42554 1.08788 -0.206840 0.586393 -1.59407 1.36337 -1.96170 -1.59731 -1.13683 -2.30336 -0.0580306 1.95493 1.34524 -1.25427 3.79047 0.0846519 -0.581106 1.61118 -0.784819 1.65962 -0.379928 -0.251758 -0.698308 -2.73349 2.37891 -2.25870 -0.103777 1.25944 3.78364 -1.77570 0.944104 -0.576151 0.805889 1.73662 -1.05463 -0.319603 -1.33356 1.54596 1.23520 1.60073 -1.46805 -4.60911 1.21683 -0.446071 0.898852 1.30389 1.22142 -2.02322 3.09565 -0.355569 -0.658568 -0.719141 -0.292985 0.209776 -2.30360 -1.48145 -1.08211 -3.33073 -0.964956 1.30931 0.642091 0.0237006 2.02762 -1.36165 0.945997 -1.00507 -1.17545 -0.166626 -0.763891 -1.84575 -2.35213 0.0167894 -1.00037 -3.21405 -1.63320 -1.85494 0.593975 -1.49338 -0.762887 -0.525089 -0.990976 1.00774 -1.18227 -0.772841 -0.958215 -0.971872 1.76278
# lnqE:
 -5.09975 -4.27061 -0.847146 -4.54938 -4.74649 -4.46288 -1.31592 1.00000 -1.99416 -3.43152 -1.25472 -3.97774 -4.39245 -3.13280
# lnqI:
 0.363533 -0.582554
# lnqCPUE:
 -0.442312 0.125656 -0.525321 0.544284 -0.182152 0.591515 -1.40198 -1.31316
