# Number of parameters = 1827 Objective function value = 28162.5827376976  Maximum gradient component = 0.000692879053978887
# lnR0:
 12.9582418830161 14.3977844175143 11.6942909371543 11.0000000543188
# selpar:
 1.27765803376106 -1.26071012160805 -4.15342173915201
 2.25759158798022 -1.22197866863803 -4.07617841871344
 -0.814823481059390 -2.19296128389963 -1.12519340652638
 0.385435026156085 -1.26055802352432 -1.73123133251578
 3.31102744168248 -1.10889588556655 -4.99999974987989
 4.99997378892464 -1.33867405666029 0.0126400656119463
 1.95858817847027 -1.53417265308167 -3.78569712518575
 2.50534261383082 -1.39723531412796 -3.19305166342311
 0.967736750752263 -1.35743395512053 0.951854550855169
 1.90926283512121 -0.895280973893820 -1.40037612283529
 0.610030885296245 -2.03506067372273 0.829606195137337
 0.539868312901771 -1.68553946601701 1.51985761902624
 1.97118219320742 -1.64262143449610 -3.62797933125041
 0.00540269427762308 0.0497507252262128
 0.869042620611499 -1.76427996496997 -1.62716888240297
 -0.265852130361290 -2.23272719727579 1.59577392701261
 2.32572689206880 -1.21314890149924 -4.24103973539050
 0.566671747593870 -1.87166818020015 -1.38372173381076
# movest_p1_a1:
 1.66131779151309 -0.553268658478892 1.04822750536302 0.500630888307427 1.12409965749715
 -0.00572393749001687 -0.787181126262052 5.44483297947735 -1.25063614466511 0.600395476005252
 -0.553857715805856 2.97869060913730 0.636705470957054 -2.38223138912536 -0.775871341966000
 -3.33595796033108 -3.29737373333747 -4.74018036456846 3.96349423783658 -1.92693672057581
# movest_p2_a1:
 -0.918101297840491 5.74437493849643 -0.143607457381111 -0.114132003826006 -0.129426001669676
 0.303123561978854 -0.0113215156152950 -3.19056039325516 -0.221799560730327 0.161517500357384
 -1.48161328439842 -0.0166914019714923 1.14119856095691 -2.71346840325391 -0.919624326562101
 0.852775299552224 3.48742762143245 -0.0679441344185738 -1.57478095287112 0.0607654346554440
# movest_p1_a2:
 -4.77840704540838 -4.11735420382257 -1.13202086037056 -3.48351690239294 -2.94909581128852
 -5.69595459670161 -7.22712160134207 -7.07456005849932 -0.871455622315977 -1.65674478683714
 -1.18377440089501 -4.26807108942556 2.77618574701076 -2.07915115648318 4.27190061319237
 -2.64409806990983 -5.28840121509899 1.78656064230834 -5.56673678061736 0.389229833983078
# movest_p2_a2:
 3.37897979927297 -0.809002680114275 -4.40128144775546 -4.63547852557832 -4.50522476337105
 2.04987501877745 -3.51800458568363 0.207441393972511 -5.36581146361720 -5.28597869365553
 0.322009503982294 -2.42684240197572 -3.87950228317143 -4.58104840900544 -2.84751227199096
 6.45953438311646 1.29965267477845 -1.82242561805632 1.52740871184092 -3.01275796471930
# movest_p1_a3:
 3.18224508835059 -1.34737932917663 2.61407650104074 1.46898677838425 2.67730621411822
 3.79472774097671 4.00426454992745 7.02600636122928 -2.38853671631801 -2.49504475021894
 2.02021140177388 2.75210579620239 -0.00572378867358747 3.25261929768879 -4.20343545815107
 4.33419014886537 2.25639640931353 0.888635001851666 7.99999993946548 -5.02295315870272
# movest_p2_a3:
 -4.57306821797870 -5.72446204746887 -3.58542156045783 -3.92363038089658 -3.76915914038424
 -3.60887116196753 -3.61091499546074 -7.40511585879865 -2.97709613123284 -3.01256265849226
 2.76633445949767 4.83584458802252 -0.702892027867697 4.20287277981665 -0.0473270640126113
 -2.34236426626206 0.101899187334352 -2.58687077405832 -1.13924871477415 -2.48095848102903
# lnqE:
 -3.91795715451373 -2.36538883496035 -1.86052987609795 -3.51494239960172 -0.897685855175475 -0.782509192507653 -1.47027148901357 0.0944033237595683 -3.89226360000154 -2.11374679793574 -3.32628442506213 -2.75684655121111 -2.02371411985148 -0.765081314108913 -1.61248911192174 -3.17975099282034 -3.46434842333558 -2.22018320273622
# Fmod:
 2.16548734756145 1.48619918055605 -1.40674609104354e-008 -2.65130091300908 1.72576874324952 -0.737803150574474 0.133558461659932 2.08060810412158 1.36579424554688 -1.09315427186475e-008 -1.82292152106118 -0.591407750989432 -0.664068515655461 0.0436439101150912 2.00833538148304 0.243096551687185 -1.86392310676881 -1.96847106624507 -1.99019931542834 -1.11981371188489 0.101769982550326 2.15331837767433 0.731277087652653 2.27752976864252 -2.57506757111447 -0.369185807842654 -0.290252971427905 0.128028284500222
# visc:
 0.796497811944058 0.655795895918271 1.11178315001157 1.65455319821160
 0.400458052696455 -0.424754976867760 0.389992030553922 -2.99999944755037
# lnRD1:
 -0.775792863922983 -0.387902193444106 -0.107042392147382 -0.185697971159488 0.0768127616006863 0.0812819595793314 0.143579675220484 0.185188498325365 0.157351405597767 0.622202692507384 0.820717135419406 -0.630698707576464
# lnRD2:
 0.000956477663334621 -0.326875035863580 -0.272891966341875 -0.211543552912733 -0.400802508011549 -0.328214795350652 -0.549775307525963 -0.374971384295742 -0.187869996999456 0.0670118290657762 0.440773986605936 0.0991201737016907 1.44555423998820 0.169098791775909 0.418644747113355 0.0117843013873549
# lnRD3:
 0.304377172747671 -0.395113069256121 0.445691768140931 0.0260754193921070 -0.381031291024588
# lnRD4:
 -0.145555269220407 -0.185912272389747 -0.207290637634422 -0.292965213468638 -0.224997553391434 -0.375266194435522 0.0725744452759630 -0.337729774602430 -0.386892982492019 0.260054151164610 -0.845942569775970 0.0652482596187932 0.149700537502030 0.201104277017003 0.318382807014126 -0.294316554917187 0.376587868500472 -0.00692056783953801 0.0908333191369316 0.546752807374578 0.839469187433614 0.292142464832339 0.0909394652968537
# FDY_1_1:
 -0.0393725075897290 -0.0393724897870453 -0.0393725136620273 -0.0393725161250935 -0.0393724953129788 -0.0393724884021113 -0.0393724864025588 -0.986900887058849 -1.01974571336118 -1.04036671981533 -1.08443274848088 -1.03869069224650 -0.918023671174385 -0.799433629769778 -0.632631716130459 -0.355916442651674 -0.270959106489623 -0.142753261098045 -0.193332642971128 -0.216409882685026 -0.249261635297516 -0.171457338693955 -0.183778019477086 -0.171421196547929 -0.114516892286649 0.0312654785217919 0.0582296293174243 0.135331615780039 0.160257642274919 0.259790619906727 0.332478010712121 0.392039876343662 0.410212040418736 0.422380325754005 0.493680698380448 0.619707040408863 0.692866792090115 0.609994943154779 0.506973264393179 0.546759119702560 0.615646056178329 0.569477966778700 0.580635706894456 0.556644959051746 0.530078060649330 0.480317634448425 0.436304312334095 0.375642536124344 0.288486597712080 0.259528215517917 0.195450538543661 0.0223976927043342 -0.132246041237721 -0.248538865224616 -0.336152774116921
# FDY_1_2:
 -0.0378292454762232 -0.816438721393172 -0.0378292387268275 -0.817858167001692 -0.842002627059987 -0.856447922187724 -0.0378292293655371 -0.842901779339033 -0.864068718671638 -0.876928975228071 -0.917304980130433 -0.849846983262835 -0.691488689162982 -0.550198590300682 -0.413483911685649 -0.202920502660361 -0.000715330515559807 -0.0667317489240822 -0.112614711605044 -0.136419602635360 -0.115550480543474 -0.105624481052586 -0.0942749857169835 -0.0574044174260026 -0.0389991729999530 0.0726452343210631 0.131455203196239 0.215241150107050 0.217142246766749 0.315902093303170 0.369858312451789 0.443820196220814 0.425569631243663 0.433424274839447 0.544643610763786 0.663212763175544 0.687337421305099 0.608321990474593 0.512880848793273 0.575646319674871 0.623340089199025 0.598761105987747 0.587996710128991 0.565351132275910 0.535237585307659 0.486995850071162 0.443786364754418 0.369810004541795 0.277528964037078 0.237983610890549 0.175520737136862 0.0168286431434708 -0.151377825300743 -0.253659701330417 -0.347491354408768
# FDY_1_3:
 -0.0365151860018304 -0.0365151790256641 -0.0365152040337841 -0.0365151774769989 -0.0365151915301016 -0.0365151796085596 -0.0365151863838883 -0.0365151912520325 -0.831324386167065 -0.842712115759942 -0.828010320849845 -0.771975207351405 -0.627558447077262 -0.497092315236570 -0.362352499205787 -0.202276497137685 0.0264028378132819 -0.0741731096298199 -0.122328958055841 -0.145760719554118 -0.123757341642244 -0.0751681593346189 -0.0788708698211841 -0.0800359104874521 -0.0619768595815362 0.0374574738522684 -0.0365151777618351 -0.0365152026189363 0.186125337365275 0.267843166907706 0.341475247973769 -0.0365151981051177 0.384836931069342 -0.0365151767406022 -0.0365151729126234 0.580383549437697 0.589313639281254 0.571714014620697 0.457065499654710 0.474193832250208 0.543114054344240 0.500537457937487 0.469772084900986 0.467551677879396 0.458410036592175 -0.0365151763858895 0.383519308472069 -0.0365151884145680 0.209155422520905 0.147725271990396 0.0925129885528487 -0.0359874262596608 -0.186301136671465 -0.295734701432389 -0.397985063908387
# FDY_1_4:
 -0.0391512369664538 -0.0391512046120156 -0.0391512290387189 -0.0391512084397270 -0.0391512434438138 -0.0391512459310127 -0.0391512424167891 -0.0391512473510688 -1.00352734440333 -1.03773289050082 -0.0391512582131444 -0.924580869138023 -0.793844838445362 -0.684419652097198 -0.523834535826129 -0.357050308394760 -0.0789363832502115 -0.211777783429219 -0.222332141663076 -0.256434484847030 -0.230483690779290 -0.162511229085663 -0.165768109224058 -0.171277889199063 -0.127437514597271 -0.0138326778203498 0.0140968724809902 0.124057867832745 0.163548151281160 0.327403924086401 -0.0391512059140167 0.344959929784525 0.352340339192953 0.453157246985214 0.883389239204138 0.597948455152440 0.545676237026124 0.531688004906956 0.497592919312791 0.557427097868533 0.469325365421527 0.516608247651275 0.417430582356914 0.362830354836517 0.365214384584957 0.309204057825342 0.272250822280340 0.248137215059271 0.182323300390290 0.149500178608117 -0.0258418620345856 -0.179676020074568 -0.299180268494363 -0.334938397947353 -0.489179580551036
# FDY_2_1:
 -0.0732230220617585 -0.143768592449606 -0.128985883379176 -0.143299473024068 -0.177297631707426 -0.206013258196424 -0.207099103768237 -0.198240212919004 -0.225515720330821 -0.238933241450459 -0.256488646547151 -0.217772080854504 -0.144544269082234 -0.0924404326424047 -0.0169136115427782 0.0881149802343095 0.326617305018128 0.169486358585298 0.125457728509089 0.117905933309105 0.139833018015318 0.0548520559954004 0.0736238155932181 0.0802904781778160 0.0703215482899375 -0.00483973874009293 0.124040285887731 0.155335573902041 0.156454278186139 0.188891276170547 0.157108771886122 0.272189187482714 0.175004516806592 0.153941564074110 0.207318094720857 0.222202052480170 0.185508548828132 0.173183172439639 0.127722638137841 0.100784734281201 0.0735073420872279 0.0713233592356814 0.0888241113957171 0.113743805053756 0.149044777679232 0.124631729874659 0.0598580119204193 0.113875334582215 0.0604105966982977 -0.00808638535726060 -0.144308167073090 -0.268721154554770 -0.405677325620164 -0.528965473132690 -0.670273561104544
# FDY_2_2:
 0.173739421523989 0.0586657656851270 0.0489197147165316 0.0188715672483750 -0.0242534031481159 -0.0758159031348760 -0.106136403581449 -0.106797289647939 -0.133188219465295 -0.445707998749368 -0.0967053803815923 -0.0866168967181216 -0.0240557584696462 0.0274032398862338 0.0728395561001054 0.119047538673837 0.218115533538710 0.135322816271271 0.124568648686939 0.100246994808413 0.118003774220040 0.0609842598781991 0.0361504153029883 0.0291083113413515 -0.0103486000908746 -0.0130304529848833 0.0714534936281879 0.172099486251322 0.108995512227518 0.179915685930074 0.119702031303097 0.225249051274889 0.174097227366591 0.125210601595690 0.162017146145441 0.197062897627291 0.148701094249061 0.0733105481497513 0.0322323613853166 -0.0228881789336584 -0.0694879138589022 -0.0886472986649196 -0.110864091376653 -0.119847776410454 -0.0128952062041814 0.0533157217235540 0.0667821526503374 0.0389078902360900 0.0280022408236957 -0.0168268518757684 -0.126773910123187 -0.224670961421210 -0.355534674501106 -0.487534379855072 -0.560415150852744
# FDY_2_3:
 -0.121574974802884 -0.181823045524897 -0.173832116179767 -0.223712336210705 -0.256490251653164 -0.282871079817301 -0.246330075967958 -0.263362713583694 -0.307276529661076 -0.342766233967160 -0.201036241315712 -0.177677958262974 -0.0968147570571727 -0.0333741197754751 0.0492690971874392 0.120666766284486 0.217409754409224 0.172385005089574 0.173588945614035 0.152296055187254 0.151568004931948 0.0900973911597358 0.0641196312267134 0.0901489306106136 0.0777755649191896 0.118411039873363 0.129118987142435 0.202995162712606 0.185857958462893 0.248578683222960 0.308277736789488 0.260056839500660 0.189684926782594 0.215924148397167 0.283536991529930 0.293836018255792 0.241326845795866 0.184115204626385 0.146109328023053 0.0674998002484655 0.0344395986412609 0.00240052112107404 -0.0655625752975366 -0.0325195460231686 0.0720120102781383 0.0812194761225422 0.0758760201301190 0.0491404714947548 0.0333406491094515 -0.0162649583717735 -0.105749774983751 -0.257835256386138 -0.398362808959043 -0.462676993385521 -0.535169217694339
# FDY_2_4:
 0.132788728538741 0.128002442981152 0.105729456990976 0.0447689756889188 0.0103575801353800 0.0206156950433595 0.0445770334054044 -0.0420431173772290 -0.132350559146279 -0.111262375927731 -0.0233491799998730 -0.0420721338759128 0.0249207489504316 0.0756536232508308 0.127873898897494 0.135436601042743 0.213179899106291 0.134343331036711 0.138899717444898 0.107010208230951 0.0606175984995202 -0.105208242245024 -0.00478351770234175 0.0512090926317782 0.0891692844444621 0.111246091017814 0.137301679418261 0.141030462144478 0.118282289514364 0.145647212188384 0.276503307716213 0.160870837992149 0.0738676996032467 0.118350757010148 0.161344225930537 0.170110343849582 0.139015833584586 0.105799697303586 0.0388446379524913 0.00741383699764631 -0.0234093481179324 -0.0344581635624893 0.0109353025229589 0.0499544126648658 0.0727040208263675 -0.00719941421049752 -0.0105725986070851 -0.0732798538075597 -0.111327397214010 -0.197301858306924 -0.287261233988349 -0.451008063677807 -0.604733407332140 -0.687050431030214 -0.735705668428323
# FDY_3_1:
 0.00000000000000 0.00000000000000 0.00000000000000 0.00000000000000 0.00000000000000 0.00000000000000 0.00000000000000 0.00000000000000 0.00000000000000 0.00000000000000 0.00000000000000 0.00000000000000 0.00000000000000 0.00000000000000 0.00000000000000 0.00000000000000 0.00000000000000 0.00000000000000 0.00000000000000 0.00000000000000 0.00000000000000 0.00000000000000 0.00000000000000 0.00000000000000 0.00000000000000 0.00000000000000 0.00000000000000 0.00000000000000 0.00000000000000 0.00000000000000 0.00000000000000 0.00000000000000 0.00000000000000 0.00000000000000 0.00000000000000 0.00000000000000 0.00000000000000 0.00000000000000 0.00000000000000 0.00000000000000 0.00000000000000 0.00000000000000 0.00000000000000 0.00000000000000 0.00000000000000 0.00000000000000 0.00000000000000 0.00000000000000 0.00000000000000 0.00000000000000 0.00000000000000 0.00000000000000 0.00000000000000 0.00000000000000 0.00000000000000
# FDY_3_2:
 0.00000000000000 0.00000000000000 0.00000000000000 0.00000000000000 0.00000000000000 0.00000000000000 0.00000000000000 0.00000000000000 0.00000000000000 0.00000000000000 0.00000000000000 0.00000000000000 0.00000000000000 0.00000000000000 0.00000000000000 0.00000000000000 0.00000000000000 0.00000000000000 0.00000000000000 0.00000000000000 0.00000000000000 0.00000000000000 0.00000000000000 0.00000000000000 0.00000000000000 0.00000000000000 0.00000000000000 0.00000000000000 0.00000000000000 0.00000000000000 0.00000000000000 0.00000000000000 0.00000000000000 0.00000000000000 0.00000000000000 0.00000000000000 0.00000000000000 0.00000000000000 0.00000000000000 0.00000000000000 0.00000000000000 0.00000000000000 0.00000000000000 0.00000000000000 0.00000000000000 0.00000000000000 0.00000000000000 0.00000000000000 0.00000000000000 0.00000000000000 0.00000000000000 0.00000000000000 0.00000000000000 0.00000000000000 0.00000000000000
# FDY_3_3:
 -0.320579711499722 -0.385968376227729 -0.387213670702519 -0.416523437810074 -0.441993808895546 -0.459921731701334 -0.440642342644987 -0.446010050665012 -0.472353017488759 -0.512015464443322 -0.461647775344849 -0.425668547913611 -0.322264682431803 -0.191934999137046 -0.0758679311269935 -0.00884320533395895 0.129626162238515 0.127630869547930 0.127205327639300 0.123602773451128 0.125711526884288 0.116294897072727 0.103901250514073 0.105679095617334 0.0946225456444049 0.181655534001946 0.209312651313002 0.243693083625099 0.262897701866119 0.307037146630310 0.351064022873101 0.354082694446802 0.306150351465572 0.292827097460566 0.359733795178579 0.358020191819832 0.344204214437043 0.221120906159269 0.197125035286360 0.162248764766880 0.109837029522782 0.0989180968775546 0.217844515101236 0.230159951819284 0.236029384886480 0.238062072142851 0.236541424351201 0.197736107530221 0.174864273692794 0.112893322272475 -0.00827586304040081 -0.146375588351527 -0.281002419027700 -0.362734972306515 -0.490496222043650
# FDY_3_4:
 -0.280228017283097 -0.320243703290399 -0.334489505702021 -0.357544639245131 -0.375482927831075 -0.360487470741345 -0.347258061520476 -0.366842305970266 -0.390999945246178 -0.397454307364452 -0.391156511783391 -0.300285750014031 -0.219012170474552 -0.146955019312936 -0.0191048538124181 0.0568602861404383 0.222141344750137 0.138282991439796 0.0877626159375970 0.0309569601081496 0.0203366337713935 -0.00535440118965227 -0.0116022186015568 0.0339753462890493 0.0678297095443310 0.0659104141640099 0.147440700608457 0.157530058708250 0.248630471178511 0.207294384454732 0.413747277947169 0.272555175975712 0.232957861345593 0.225506175640518 0.329268945146116 0.395361155653923 0.312205590532551 -0.0414096343465169 -0.0414096350802527 0.223395329118679 0.216643273530828 0.294182871676037 0.277533062720581 0.373354684379108 0.347034430052886 0.358545043626237 0.216270495388851 0.183117726291129 0.135134333066170 0.0765666234869679 -0.0472692683842708 -0.237519131747563 -0.378413728882695 -0.455784528836641 -0.542024236012991
# FDY_4_1:
 0.151967729097202 0.0985542831447680 0.0629817737700787 0.0117521853396932 -0.0205030177760693 -0.0535740135554398 -0.0527251070202902 -0.0539104420435762 -0.0361093002365679 -0.0172094099693913 -0.0255781326470680 -0.0168628889258839 -0.0269115650575539 -0.00665628686927557 0.0243254016292321 0.0567694026556608 0.0901691624195536 0.114011751630082 0.112277004684667 0.102212161092778 0.0610011330663872 0.0369070492776301 0.00573992646270125 -0.000711940890969616 -0.0170975818952154 0.00818733908220702 0.0533388748551199 0.0821015874302365 0.0863910126368931 0.134954790789825 0.107352758327386 0.167675679612021 0.152998982358253 0.159721297856351 0.165970050053811 0.162844809625394 0.122155811744990 0.0671668126873238 0.00928897255657267 -0.0501384421852170 -0.0975489120662633 -0.125836584240492 -0.0968068821999381 -0.106265676433253 -0.0467598889744921 0.00323425819160037 0.0370955350081939 0.0619631967906721 0.0526813449830577 0.0130163779928453 -0.0805793915570378 -0.215289508089749 -0.356473500528889 -0.481754882845392 -0.591505100845164
# FDY_4_2:
 0.110216633120465 0.0582073861889795 0.0244127401333222 -0.0356103326631384 -0.0662802288120469 -0.0967398622626051 -0.103107494956171 -0.0953214671529382 -0.0860860285014556 -0.0680465615271059 -0.0585207780744111 -0.0467373865649566 -0.0479528849261980 -0.0186742615825167 0.0131240762641115 0.0560733784684443 0.0957016888683701 0.120619701936422 0.112705149031553 0.104013759498008 0.0694500915899609 0.0343051141065672 0.00253567042332360 -0.00346112011249155 -0.0145388231390967 0.0232533788799879 0.0867153767054362 0.0985622160697451 0.121748193247775 0.171810691428344 0.150801921311910 0.268515102070775 0.205936099551428 0.171942340444332 0.179552561917185 0.176273992569645 0.129419521881065 0.0720115372385545 0.0142797567003324 -0.0549700835032206 -0.110763860138617 -0.131188017991655 -0.110885898196080 -0.129946325978911 -0.0638331371799253 0.0438998382167611 0.0492300706996659 0.0598590249973198 0.0601697132200304 0.0308189650712475 -0.0668761794072411 -0.202677633246409 -0.325631187053598 -0.438680881101497 -0.539635257778783
# FDY_4_3:
 0.121571202087487 0.0727057979672829 0.0446993463797311 -0.0135936742694108 -0.0429222141267603 -0.0786462121568099 -0.0868677151435260 -0.0778165511814604 -0.0679038041034628 -0.0345066083010042 -0.0158077775616561 -0.00798522532280949 -0.0123952910056571 0.00802910145592189 0.0351232951279700 0.0815835790617138 0.116272463667588 0.153842829364732 0.146205108377124 0.132229527069164 0.0875796704963422 0.0486682600675361 0.0130420011304077 0.0151928660166302 -0.00971184325148628 0.0328759005671277 0.0669901667624475 0.0865674228242840 0.0988306366201521 0.150427960492718 0.151058590497171 0.221437836100931 0.169672752141316 0.154395237939386 0.179117424083340 0.172243560417616 0.132976793652260 0.0675496378101487 0.0168473956795120 -0.0446654006610126 -0.0969034381833205 -0.111467136040929 -0.0790694190474351 -0.121085012560915 -0.0646920423671059 -0.0241894163090267 0.00767050125576535 0.0223405586217135 0.0204716090142329 -0.0146675031079320 -0.122781601065982 -0.259069150034190 -0.374060241568795 -0.483852195285960 -0.583559560093103
# FDY_4_4:
 0.126339145050447 0.0777278350934166 0.0497900189504735 -0.0142001685260252 -0.0354917983901867 -0.0707336800413841 -0.0800990528457349 -0.0718523329379778 -0.0595460723140743 -0.0271373852901954 -0.0107500038620530 -0.00802541425014646 -0.0109970634580140 0.00782958850174044 0.0389304430908336 0.0762299944062269 0.113384830717930 0.151828116114148 0.143355435445485 0.128374860702149 0.0864892379026984 0.0471639585422384 0.00982195019378430 0.0206163692180980 -0.0111574843890055 0.0342412828392554 0.0642319266375019 0.0890608004955681 0.0993447189988791 0.151674643843312 0.152108641434235 0.212927320304222 0.165417611091347 0.153754949177054 0.177243301846109 0.182536114100676 0.138825863233044 0.0694176783996433 0.0159873699985950 -0.0425105333958026 -0.0969648545715230 -0.111041101891713 -0.0778998022867782 -0.119209673822971 -0.0683860832550594 -0.0274181520783440 0.00339845727490807 0.0168733727324938 0.0216572284662814 -0.0268719072769338 -0.124411312613704 -0.261097544173204 -0.386753952932654 -0.489960926422355 -0.594066763776958
# FDY_5_1:
 -0.0313776150496584 -0.0313776134173907 -0.0313776050304356 -0.0313776121813910 -0.0313776036712366 -0.0313776081197590 -0.0313776016811787 -0.0313776173091585 0.278110842892482 -0.0313776205950119 -0.0313776193841715 -0.0313776126801609 -0.0313776124638086 -0.0313776289507306 -0.0313776115878373 -0.0313776161023168 0.346061286595894 -0.0313776187432469 -0.0313776104041601 -0.0313776236442625 -0.0313776244232367 0.193857614455347 0.158751616895593 0.122649686578567 0.0866606794011195 0.0829510312622154 0.0883067423623842 0.118507229061468 0.0765869390972495 0.0684146292398768 0.00198065358075978 -0.0313776126910659 -0.0313776105872199 -0.0313776228005285 0.0949250753053974 0.113662284415387 0.137297055793155 0.0300961302397233 -0.0313776207584260 -0.0313776117423519 -0.0694829080579087 -0.0313776108531246 -0.0622481525287367 -0.0379934564455172 0.0156336220877575 0.00364847765770366 -0.0313776250481280 -0.0313776203590300 -0.0313776012252083 -0.0313776067919865 -0.0313776274642948 -0.0313776181385573 -0.0313776147659795 -0.0313776074634671 -0.812915793761397
# FDY_5_2:
 0.291390180045380 0.226865652204118 0.0107528738877226 0.152433329661392 0.0107528652955911 0.0107528698561946 0.0107528739901659 0.0107528840854257 0.364143004655740 0.0107528669083215 0.370105543244087 0.297649677928891 0.0107528566650699 0.144936684149894 0.108602162552567 0.0107528626301215 -0.0220386406949770 -0.0503648395513003 0.0107528654813270 0.0107528701150550 0.0107528643501527 0.0107528804918895 0.0107528603731447 0.0107528804930282 0.0107528719698141 0.0107528742893693 0.0107528653528369 0.0107528759152687 -0.803208638765090 0.0107528725442434 0.0107528809514535 0.0107528714275545 0.0107528840027025 0.0107528709174221 -0.760380728027146 0.0107528646362243 -0.771753902851982 0.0107528547535092 0.0107528609047514 0.0107528869448841 0.0107528618122308 0.0107528832482234 0.0107528754719380 0.0107528788551091 0.0107528664786172 0.0107528684091165 0.0107528767125358 0.0107528721755180 0.0107528658319718 0.0107528587478643 0.0107528766563852 0.0107528679823113 0.0107528485833275 0.0107528678978091 0.0107528373522253
# FDY_5_3:
 0.302899816855078 0.278628689098377 0.173830257463132 0.199410884168243 0.155239702258855 0.124734523993233 0.109132164491999 0.108268712375199 0.109069140210737 0.230592783277625 0.202451985473866 0.221500366383681 0.156099925485813 0.162991866318647 0.191548068169307 0.212991669739828 0.163772100449605 0.185157471263021 0.233648147727384 0.152685184279265 0.0361854253834353 0.0871838285528557 0.0361854682134077 0.0361854432511444 0.0361854481762936 0.0361854377305249 0.0479890339520241 0.0712463115795798 0.00940892595735888 0.0691849620889777 0.418893878508702 -0.210978978690050 -0.227826294201720 -0.00558013779530019 0.0694005923825585 0.0736247537020041 0.0496558558669924 -0.0356992962389575 -0.0573232848390455 -0.0264287854901082 -0.0858140708815509 -0.0801925133032859 -0.0301791320081164 -0.0321765168439465 0.00899907618613716 -0.331925583936893 -0.0827107257199544 -0.0663448832985520 -0.162876551765761 -0.260973978170901 -0.337250201015185 -0.579055547167389 -0.745164743826308 -0.695433200508730 -0.707233475313141
# FDY_5_4:
 0.00671247160160197 0.227437235369715 0.247199066204684 0.00671245636787480 0.00671246675346142 0.00671247105947563 0.00671247047099348 0.00671247781323851 0.00671246822340292 0.00671245773704980 0.00671248795941485 0.00671246412643660 0.00671246848570776 0.208319218635860 0.00671246821820618 0.229694309301908 0.00671247245214827 0.278630935981878 0.00671246548691899 0.236614057252745 0.207779105497796 0.165019671377492 0.113792386646624 0.130373998331990 0.121715633519635 0.163174151218550 0.0565473596410543 0.104681589540137 0.0494499503792815 0.129199902267515 0.602866169475536 0.00192606981008884 -0.0578366983584240 0.163395295413609 0.204788229635317 0.214235764466549 0.160955473029308 0.0896184082848967 0.0370918790570127 0.0418813681505514 -0.000324857896035608 -0.0545835278009297 0.00951611244378052 0.00320931612070778 0.0157623147186209 -0.202207269394433 -0.191773812090059 -0.226148581718940 -0.223319821984719 -0.340274900999975 -0.411939677278614 -0.608582112687102 -0.687836495669370 -0.627660114821956 -0.676361667828219
# FDY_6_1:
 0.0134145973497376 0.0134146065426880 0.0134146179307456 0.0134146082600938 0.0134145890689633 0.0134146192518408 0.671597284042445 0.734364094711510 0.0134145925822206 0.904105179546848 0.0134145951265924 0.796653388300680 0.0134145867270704 0.0134146081421561 0.0134146024801217 0.636864081390882 0.592940889707065 0.0134146141103350 0.0134146159053720 0.496448689523553 0.0134145895604528 0.0134146609402829 0.0134145830762743 0.0134145928607107 0.159048401281832 0.0799091453324577 -0.0108703301776486 -0.0123857489850004 -0.0529068305887029 -0.0438779308288303 -0.117370134443271 0.0134145990607973 0.0134145760231313 0.0134145985580359 0.0134146037143931 0.00858682155142787 -0.0122706901864885 0.0134146268012073 0.0134146032864865 -0.0644158994968943 -0.102996747152329 -0.103332965014092 -0.0467042408223471 -0.0361399724247545 -0.0440826343689712 0.0134146156075142 -0.159086484291248 -0.205809691556707 -0.266176190712670 -0.376449295643496 -0.480988494089133 -0.617665903639394 -0.716262566314787 -0.879009636928928 -1.05366609069023
# FDY_6_2:
 0.919906768536018 0.741196498426957 0.860540071298189 0.831639674891731 0.741201407456113 0.876382430368319 0.905677514219825 0.994797176025725 0.982317099664667 1.04527927419736 0.872356926423082 0.914413517044564 0.748157359565206 0.727731344473300 0.657972172642462 0.482457323368708 0.446870169039748 0.503007782734972 0.467776455072451 0.330430588947383 0.282106071109848 0.0130699650995010 -0.141508871521139 0.119051459213412 -0.120281976097198 -0.291254812195399 -0.352439674694716 -0.259654844952282 -0.445359508803053 -0.457651343177973 -0.486705900755411 -0.689809829639149 -0.633647321783083 -0.462835927266917 -0.339038726251975 -0.341613817140880 -0.372386427394567 -0.374901757995969 -0.331177854226299 -0.321189211199781 -0.378162070989741 -0.414479277282303 -0.244958772580844 -0.332341897971767 -0.319974550302707 -0.366675770136185 -0.412710098040762 -0.451942049169047 -0.521049720481755 -0.644658819258937 -0.765330294792645 -0.942212737859797 -0.991939748823841 -1.05819158134940 -1.19825385568401
# FDY_6_3:
 0.591541065320497 0.589185570166581 0.866523572751429 0.856682680917007 0.877359685442299 0.920240908388413 0.808717757275069 0.851639263034577 0.918845263847490 1.10257534617604 0.946379120464590 0.755179500112971 0.542498782059707 0.619025400760884 0.564161578500540 0.507352194937891 0.499137016119288 0.365967802852991 0.391450848173807 0.262704226832537 0.210997965574259 0.0926747005783878 -0.0894838757310518 -0.0884583152023107 -0.238990918661536 -0.384367044049636 -0.407345323780130 -0.366819354088056 -0.485219432760430 -0.392339892492720 -0.550991997469371 -0.540683118102035 -0.464811836365968 -0.326366215902045 -0.245840867288708 -0.208895963074145 -0.224714714858683 -0.231773266916418 -0.181019782285761 -0.264611726678118 -0.288901955420931 -0.199282920325730 -0.100950729746248 -0.222600087805336 -0.288849799312629 -0.364262570188408 -0.424416018808572 -0.460856177899853 -0.543874499311997 -0.610800515317076 -0.706231332218087 -0.835765083233104 -0.964248564648434 -1.15792426338498 -1.27914208695875
# FDY_6_4:
 0.862100108784347 0.840406043372123 0.673977880012907 0.825187285927027 0.854774328560670 0.911087222857599 0.921315183833209 1.02343857719742 1.08088976407513 0.993263632065194 0.916342189644348 0.798462793745125 0.697552791367701 0.621386474692952 0.552517865002451 0.499399625503047 0.452605497452165 0.438099593021065 0.349570730849755 0.314471446060657 0.100554003152451 0.0618132845219375 -0.0925318974853830 -0.306962111433271 -0.622254781927042 -0.495182193962997 -0.396180767986699 -0.444832401450657 -0.507750359016880 -0.469888795815879 -0.760850684685805 -0.541455137694295 -0.329561715542810 -0.268840946391937 -0.123699192773663 -0.241011340706039 -0.304320216196349 -0.237391000455195 -0.135063522426217 -0.180205594119211 -0.231916609591291 -0.215896522972399 -0.0477260885626176 -0.210609991787862 -0.276220838379975 -0.320576060075804 -0.425745799929593 -0.475864893815380 -0.557264328812723 -0.565916327660142 -0.694888449017164 -0.808735218841004 -0.985027870211000 -1.18088933364650 -1.33395532832550
# FDY_7_1:
 0.156062069467175 0.106526161291450 0.0908342331215460 0.0696486115283469 0.0525328212243686 0.0347246122040018 0.00913064516027869 0.0380596938491243 0.0680596811559980 0.100739000681829 0.170281897780651 0.176461415809541 0.218644420756802 0.192634927161855 0.160141515981681 0.171096623375646 0.189822399565843 0.213765948792600 0.266184579094558 0.225973934201290 0.233440918883241 0.202474507944960 0.111260165299998 0.101250166633212 0.0627953503354418 0.0429308936623281 0.0664081085480042 0.0598597889622211 0.0988441442844098 0.103904675886801 0.226757248651920 0.269455555875512 0.134752513801372 0.118886592783235 0.214269565855993 0.212845083924532 0.147196856664148 0.0837563013674839 0.0920909357538474 0.0201443459241640 -0.0244932642948773 -0.0628368190174059 -0.00371060501450519 -0.0837744616598199 -0.188974462166702 -0.212296207282925 -0.235485093496113 -0.255147663352011 -0.293581258150837 -0.355205193237486 -0.462246037388245 -0.607899384362760 -0.753888873383065 -0.850423190976198 -0.924686399464459
# FDY_7_2:
 0.394322004414873 0.342483241947905 0.323884287163597 0.281848593384031 0.257235914767005 0.230860044706977 0.234997948215054 0.263215155518987 0.274549209700103 0.348711019652721 0.326726318417891 0.296892170572523 0.301772841272747 0.266807388800618 0.283227036340865 0.249490833189382 0.240067451811090 0.285064524640868 0.282004471995433 0.260759853081495 0.221936366685050 0.168912324767036 0.122185379167011 0.0685483834883812 -0.00174773563718502 -0.0317612385001108 -0.0362790855537175 -0.0308456801114511 -0.0688737788391106 -0.0311952294206021 -0.0319252189016634 -0.0478762278466533 -0.0658095421317989 -0.0133891772564329 0.0496626584793701 0.0666543108249494 0.0319762378799931 -0.0167792747632395 -0.0605703183219541 -0.0905526281077461 -0.145097505176521 -0.176616275191441 -0.104371747603506 -0.205856790982932 -0.189958522704254 -0.208007281793512 -0.227294009446171 -0.270632706327804 -0.318937141820055 -0.387902001040336 -0.483082368053021 -0.619258543386233 -0.759684026178151 -0.876569121424369 -0.973922794365980
# FDY_7_3:
 0.122639368108891 0.103893490759709 0.100338288381925 0.0599292341287775 0.0343085029173625 -0.0124880038206877 -0.00671569941633945 0.00849113765265339 0.0419075314878764 0.164908210243516 0.166297308646259 0.215446281260020 0.152568835107364 0.139545859817598 0.132350999792414 0.181228064939991 0.200278476113490 0.248712090276403 0.227555511472915 0.226689990354403 0.200701178679911 0.144277361637942 0.0743689381775695 0.100890326671712 0.0477401417830719 0.0515281168747415 0.0500022632733866 0.0959044962364655 0.0664382803126336 0.187037526804029 0.271056424509193 0.146979340056163 0.0527657797214725 0.151109575358692 0.234571819482438 0.228282913367276 0.192693149204304 0.161929275298439 0.142856309233640 0.109182603711924 0.0489513626953893 0.0235166694050702 0.108728670694611 -0.167313637472621 -0.191483113664944 -0.261184676008921 -0.241211796018927 -0.288833796588084 -0.314660750276627 -0.368483329596120 -0.479004342748182 -0.613771508394357 -0.757698133745906 -0.814947771882868 -0.900805145017056
# FDY_7_4:
 0.0848575037593809 0.0736756562313521 0.0824920324525249 0.0410483038993914 0.0219798874955459 -0.0406187042419756 -0.0264364276445472 -0.00675613555740859 0.0192034630859763 0.163876882665064 0.175103427763962 0.257761617142724 0.180768092583986 0.132573295239692 0.121050474701743 0.165958355893558 0.188388821049512 0.296330465753688 0.251910893372822 0.281193710981250 0.257723906045146 0.179864135412940 0.133375268206986 0.164351613372841 0.0921034977077251 0.109836538306488 0.0684983549579825 0.190912543311321 0.140883523295504 0.370961444908718 0.394917039174003 0.257836011578866 0.138026638584428 0.254435824668031 0.287865398774614 0.255406220305941 0.215684871373966 0.248041894976662 0.186067518730939 0.135942898396728 0.0444200011033957 -0.0287793490432544 0.0331119188186961 -0.248380825657186 -0.296378814595715 -0.337789754385041 -0.353058877997066 -0.388734641202509 -0.408385558260884 -0.485667393643649 -0.599882030824252 -0.734693366858108 -0.839145555426519 -0.905869576230232 -0.997862934515749
