# Number of parameters = 1827 Objective function value = 8794.10631614066  Maximum gradient component = 0.00866510934274173
# lnR0:
 13.6786193382078 11.3523073347551
# selpar:
 0.460706210981757 -0.467720326101946 -3.03301431716905
 0.884871809284791 -0.388635066673068 -2.88922156585152
 -0.475354462018631 -1.38814447012712 -1.41667978861032
 0.454390656763811 -0.840217510156840 -1.99049554046660
 1.13797139642808 -0.374283425164897 -3.17770270494598
 -0.817417358086438 -2.28713170949969 1.69199871359954
 0.946621381313379 -1.29346565682363 -3.03930478726853
 0.673934878516439 1.18880160436365 -2.42923202675314
 -0.0794954786403776 -1.09776279972875 0.927021730477104
 0.536327003970757 -2.13424597351426 -1.54675576586194
 -1.88041660323135 -2.48656132352231 -0.0532408116600394
 0.993026599651479 -0.579330443661966 -2.64099600049182
 0.945368574506751 -0.462836299439571 -3.03714928481248
 -3.33151958015838 -0.819283332295245
 -0.0943889650914862 -2.31566151725194 -0.449980464731244
 -1.74535051200782 -2.95754727456557 -0.573846180253180
 0.888557800073459 -0.411403964109359 -2.89814401686588
 0.687936375318455 -0.684502402443567 -1.92187868370527
# movest_p1_a1:
 6.30078297415817 -0.263301309880259 2.14068230175554 -3.40155759869987 0.777196625019494
 -3.32700308787417 -0.0675226156383371 5.70212317806280 3.81456408640386 5.44924617049903
 -1.49998918058130 3.67832732538047 -2.85322003923729 -4.79187658503296 4.43103360921840
 -4.23292568928162 0.0246975131584382 -2.81078390838996 -0.144315206404498 -1.73725984388067
# movest_p2_a1:
 -2.68470710269745 -0.00153097197999497 -1.51775196078619 -0.00166542106508327 6.19644635732612
 2.36135317447734 -0.000558208942428529 -3.06243442684440 0.00496663009641907 3.13111071315829
 -1.52235223497406 0.431415231799768 2.93798669908661 -2.33606003585032 0.645057872443889
 0.00878443458058342 -0.614043423413559 2.02683206244435 -3.17253601012107 3.58903846140295
# movest_p1_a2:
 -5.55108966267843 -4.99478470451094 -0.649557826163187 0.763552445544748 -1.92270733407244
 -1.63299619513776 -6.88683187045391 -7.14640759080227 -4.61174817873708 -4.48578233944253
 3.27557126776140 -3.55501570934326 4.83147797925786 1.02657044365574 2.89938220441548
 0.357885650352983 -3.36639883038373 1.70930624082948 -4.69211710228495 0.0242639298221281
# movest_p2_a2:
 0.834205685276697 -3.67679365008347 3.83869097746712 -3.26221824416031 -0.345603970598806
 3.41284107854499 -3.55124422470727 3.94308990880402 -3.16997795751897 -1.43045318970923
 2.89131942416698 -1.64242370424813 0.473438538713253 -0.728684005754218 1.29094367066902
 5.73924959354314 0.484702913697562 2.35268212842701 2.23274569252742 -0.346949037622108
# movest_p1_a3:
 4.12304880972059 -0.780453556319380 2.62444937020543 -3.62772711835566 1.12779244896694
 -1.63634794971960 -1.32592771197936 7.99999999158542 2.00067892967859 1.97123423004471
 -4.78210564182516 2.14042680455254 -1.68262493525013 1.04761676840074 -1.49008520749607
 -0.264445287388750 0.947866244053222 1.74631713275694 7.99999995660936 -2.94917169928867
# movest_p2_a3:
 -2.89933918133006 -3.49488311924986 -7.94223943992492 -3.18415035923255 -5.87863126462382
 -5.28448245059782 -3.45713970883951 -7.99999997697285 -3.13112722902115 -4.33147375162178
 0.581139699944607 4.27878822013574 1.01297636383438 2.41208491903509 -1.39462735115348
 -1.83555288736690 0.972796975256674 -1.31455795055694 -0.249042422814138 -2.85227069019150
# lnqE:
 -3.88188031467350 -2.32689967280994 -1.66963987974026 -2.76790185229731 -0.835634674778630 -0.964163773716077 -1.44319782873358 -0.0784190801300504 -3.56790490279776 -1.44405319752557 -3.21957097631237 -2.50893694692154 -2.23675888690197 -0.723012323402269 -3.07385294730441 -2.90827552360487 -3.40743236008701 -2.09942138745674
# Fmod:
 2.06450339513371 1.46610988059862 -2.57869069250230e-006 -2.72496704441194 0.329618217279851 -0.669355080846414 0.559092597096491 2.02182567523411 0.814899164063765 -1.13695578413913e-005 -1.89441914173040 -0.250285140843385 -1.25912881851405 0.184562742995824 1.95426943400122 -0.163658727146281 -1.09037708563409 -2.05962582272085 -1.63975839815960 -1.14386775188281 0.432607831060776 1.93842894648859 0.490239143612838 2.69798806995824 -2.67205169110506 0.377585056196190 -0.303502486367654 0.539280983890849
# visc:
 1.25511982030623 1.16048530822548 1.38308106791440 1.69977006771546
 0.788060349776015 -0.177088139162825 0.616528107069968 -2.99999983712755
# lnRD1:
 -0.953120306926510 -0.965312533562845 -0.354009191457930 -0.382170773332632 -0.292517934574561 -0.485115070495647 -0.574033741458760 -0.537622216561874 -0.403682844900498 -0.326587112885013 0.174646365494378 0.584402811394012 0.613837119516911 0.656672815824282 0.559611501453593 0.305714852538486 0.201364849155156 0.234831187156724 0.792536209581416 0.358702702386847 0.263892075022239 0.540126269595578 0.641274540112679 0.996822267116288 0.652670112891376 -0.706835520435860 -0.780815233910585 -0.815283198737251
# lnRD2:
 -0.490157084268532 1.15380222925456 1.50320664223966 -0.279056879201005 -0.239786576535221 -0.767426063510335 -0.444514161794324 -0.0872451725365848 -0.611669378572618 0.306790340772077 -0.430673753241733 -0.713533749766556 -0.494113809394760 0.695895786916557 0.579347763654181 -0.770775631075207 1.13514380253249 0.161147175310503 0.750251136448157 0.322788302009707 -0.0792918932885975 1.50320675227127 -0.00612795991251921 -0.417088739359733 -0.527884535815790 -0.519362766132478 -0.603169261952877 -0.629702515050296
# lnRD3:
 0.00000000000000
# lnRD4:
 0.00000000000000
# FDY_1_1:
 -0.0375365068913832 -0.0375365651441032 -0.0375362971978904 -0.0375364716349090 -0.0375362829114358 -0.0375365345387236 -0.0375364108443667 -0.492882000917474 -0.520661953958350 -0.522483263672795 -0.495554821594799 -0.555886328121386 -0.558478444072330 -0.658611291100289 -0.703422463847532 -0.453726761803190 -0.322178809245360 -0.147601510917566 -0.177302104474738 -0.143431684606350 -0.116662575981408 -0.0166708491653517 -0.0116258277219793 -0.0510620903520475 -0.0463078047672453 0.133291076156379 0.184269530521934 0.207422284010722 0.139090174979085 0.214723759108017 0.233974803427072 0.326743802010010 0.411488675868421 0.433910137235165 0.510505332507965 0.411951538426640 0.295361170389137 0.224873903353323 0.175803155905683 0.323652664222482 0.556080178592974 0.331397403718719 0.228759660589625 0.281587114239203 0.386934132014951 0.361120036555449 0.317334126646959 0.290763967432438 0.268108452847962 0.301312920336161 0.300955340599377 -0.131553860269268 -0.458733809536518 -0.502993713650735 -0.500828302756332
# FDY_1_2:
 -0.0367604894674580 -0.307319197913917 -0.0367605201515533 -0.368246988404526 -0.418856368482656 -0.459265811674461 -0.0367603847023725 -0.421884245544641 -0.432857446535788 -0.414885540999754 -0.359774587128147 -0.428538303005507 -0.410183534903814 -0.513389801991653 -0.612915671020027 -0.373148986707513 -0.101774216201119 -0.124185159575428 -0.145293755909879 -0.102007509428168 0.00572436785909304 0.0275525991267462 0.0482479018002164 0.0224958208761448 -0.0238116485051061 0.129596304607267 0.222299934376142 0.237818265026254 0.141161805212849 0.209151860082444 0.249059013814260 0.377885721282061 0.413278819222066 0.421974991441536 0.570711586129656 0.413425547200267 0.245190836834507 0.185645109627070 0.172577981054005 0.375109134902745 0.605123220813770 0.365233531600653 0.174983981573359 0.256297036214705 0.400693134486372 0.354127964314529 0.279349919713017 0.265958091896936 0.249828998724501 0.276914078056209 0.277111920321672 -0.198162179552776 -0.546127796083275 -0.555453310789898 -0.546166023511621
# FDY_1_3:
 -0.0355321492153952 -0.0355322496779322 -0.0355321846739939 -0.0355320876157747 -0.0355322480732726 -0.0355322060568574 -0.0355322069891250 -0.0355322300677582 -0.417298660407370 -0.399022014083301 -0.250335048671008 -0.326112916261468 -0.332128485815810 -0.449797132316949 -0.549678046608671 -0.363176759262814 -0.0409066825982751 -0.100406358862247 -0.137944030994965 -0.0936827048578494 0.0298106149253948 0.112922159684048 0.125726253229184 0.0469970543233383 -0.000679213083055672 0.146115128298021 -0.0355321689161385 -0.0355321420054408 0.135229690285344 0.198802023633324 0.294123458786568 -0.0355322291679864 0.354119264042220 -0.0355322298444302 -0.0355322079617994 0.450506160404992 0.233599067294090 0.197030389254894 0.186634008774636 0.365797848661145 0.624003369042332 0.382002949630014 0.110954770572919 0.182213099843550 0.414670799555317 -0.0355320895324859 0.293531181333394 -0.0355321362948266 0.268675042073890 0.289625572391500 0.290082989938856 -0.172703279364776 -0.517945557713356 -0.528120135754967 -0.520253103228871
# FDY_1_4:
 -0.0352441476001258 -0.0352442303128549 -0.0352442104917590 -0.0352442141770813 -0.0352441096270718 -0.0352441123269166 -0.0352441488502067 -0.0352441390654808 -0.482790460729981 -0.479491786733595 -0.0352439870258733 -0.526448618710045 -0.563803214457480 -0.647560054335510 -0.567961406447142 -0.365717783387227 -0.0426258221672734 -0.152543876431137 -0.125891327474827 -0.101549993270459 -0.0378886614286772 0.0661571370754880 0.0249615450625035 -0.0474099023300874 -0.00110395494902735 0.138587247703311 0.136869647736370 0.184309976208770 0.150449687192020 0.277418372292618 -0.0352440805977035 0.354741698407970 0.354366498842931 0.457486640716445 0.699117811964128 0.289378404848697 0.201406802355987 0.236609073941298 0.263327971070970 0.452650759097786 0.326008993997722 0.239897834977733 0.154880777254248 0.183512457647126 0.264426853014818 0.203596548673509 0.182821887871880 0.208034238820141 0.185767848749595 0.200770258543895 -0.0791534637031729 -0.391221776464757 -0.517568193484689 -0.468132603431933 -0.486252694055865
# FDY_2_1:
 0.220913098382445 0.160408441264856 0.165041521552804 0.159490118157788 0.165144072264242 0.210690721266650 0.206100001437679 0.186327515240655 0.114186537335291 0.0974017680693170 0.0505604022706327 0.0376126235433522 0.0524241520564343 0.0315389711679774 0.0640684598374470 0.163793194014731 0.343454124243132 0.284169964609993 0.245733340436549 0.245391201539705 0.268412464298418 0.156927428579022 0.111521526891758 -0.0230062246805921 -0.215559817395179 -0.338328479913849 -0.390184933220759 -0.385030695168377 -0.412834651598761 -0.374246503145104 -0.391554571747687 -0.336364414190819 -0.263174714587970 -0.158186772499282 -0.0304681246086958 -0.00525961826502736 0.00234165958700132 -0.0394773328393879 -0.129342967666632 -0.187918274715504 -0.253311600519034 -0.118638308343999 0.0635884461508151 0.115448794247326 0.164891478234048 0.149164534734343 0.0763708783213638 0.0174512771024115 0.00599174987530742 -0.0588424930006842 -0.159144798388354 -0.166910723347761 -0.0755866775643473 0.00978987733588703 0.167022353358423
# FDY_2_2:
 0.309971370805105 0.223931492826182 0.177255095335169 0.132804030163878 0.0710227424400473 0.0185154913507670 0.0621697526652438 0.125117802241514 0.237056580400074 0.106417468950072 0.445137816401959 0.366197844212619 0.320939559658512 0.317897524418679 0.335700626284818 0.336999217479171 0.378004320053702 0.366439422472138 0.390629341727431 0.386793723473593 0.369332779878646 0.287837860785297 0.230985127765486 0.192257509416352 0.162952596158555 -0.0868161405034824 -0.127809287854987 -0.323385272630786 -0.497059787432286 -0.532486355041740 -0.612890445085959 -0.555837286596875 -0.531357822659928 -0.466055738296817 -0.350377059571286 -0.226161467683035 -0.145086114113424 -0.0577505495286612 -0.0347865626926991 -0.0273706180589928 0.00977901351178366 -0.147251765490501 -0.194349138133365 -0.0711707421853340 0.00679094693256841 0.00199143602525174 0.00178152351472781 -0.0178606040852785 0.0188162262561100 -0.0295232363887941 -0.101035737951836 -0.231368134947385 -0.352368030532029 -0.344446918908488 -0.326921427231484
# FDY_2_3:
 0.0818915489593237 0.0459333258377404 -0.00959256963893494 -0.0378875854649794 -0.0842902909757754 -0.138033114667250 0.0406383000072876 0.165182793722144 0.285920182923710 0.162987159812307 0.198606701992835 0.121224693137272 0.179754299813226 0.176597095683413 0.197776802091615 0.259694162254973 0.383634492229609 0.414838964848604 0.429550881653123 0.420613350580908 0.396447392027832 0.326706728507113 0.260713690301222 0.239355486073849 0.193437929917186 0.0160415856332212 -0.162784220714137 -0.320132354269311 -0.470649161013922 -0.491709310343907 -0.517979517772593 -0.492903236957052 -0.467075438615993 -0.380308313078357 -0.234965354265829 -0.0443711560959710 0.0366053201115715 0.0944191868942441 0.145068787088805 0.129411259755659 0.146075878507845 -0.0443066999934596 -0.200494764776967 -0.0940370895041831 0.0293739530182895 0.0762857650521480 0.0642414672434650 -0.00375357993754676 -0.0355315441048678 -0.0891762682107437 -0.119063493786520 -0.269633094500788 -0.376511663992551 -0.363282069540599 -0.270557293458303
# FDY_2_4:
 0.342953266903016 0.347952065151582 0.285403430715419 0.233326586728965 0.197238549740826 0.203297042540747 0.346575223713445 0.373816499258755 0.396036942319141 0.279338785969471 0.299864243995938 0.224830133951111 0.267986692223827 0.268451117342035 0.269048569145980 0.300816709305584 0.391971643698695 0.354183002779820 0.381110452278586 0.357090796284906 0.326566328432582 0.212265445922099 0.215043972990061 0.216751789152676 0.190349378936971 0.00193020120537344 -0.142708407171487 -0.356366720482252 -0.536086360795773 -0.596422583551933 -0.583622953902744 -0.558513476505317 -0.566235419839395 -0.499626677109170 -0.365989263564131 -0.190596546088525 -0.0568358137316145 0.0214106647972580 0.0211113963285938 0.0609957706581672 0.0583093578702640 -0.0990446451528109 -0.103474086564768 0.00286080882563009 -0.00179004881267500 -0.000739710918426197 -0.0200765050715677 -0.113460113551691 -0.180950901627102 -0.248269270211151 -0.293480028598138 -0.434145618042651 -0.537064184178421 -0.536266659101476 -0.427120874594305
# FDY_3_1:
 0.00000000000000 0.00000000000000 0.00000000000000 0.00000000000000 0.00000000000000 0.00000000000000 0.00000000000000 0.00000000000000 0.00000000000000 0.00000000000000 0.00000000000000 0.00000000000000 0.00000000000000 0.00000000000000 0.00000000000000 0.00000000000000 0.00000000000000 0.00000000000000 0.00000000000000 0.00000000000000 0.00000000000000 0.00000000000000 0.00000000000000 0.00000000000000 0.00000000000000 0.00000000000000 0.00000000000000 0.00000000000000 0.00000000000000 0.00000000000000 0.00000000000000 0.00000000000000 0.00000000000000 0.00000000000000 0.00000000000000 0.00000000000000 0.00000000000000 0.00000000000000 0.00000000000000 0.00000000000000 0.00000000000000 0.00000000000000 0.00000000000000 0.00000000000000 0.00000000000000 0.00000000000000 0.00000000000000 0.00000000000000 0.00000000000000 0.00000000000000 0.00000000000000 0.00000000000000 0.00000000000000 0.00000000000000 0.00000000000000
# FDY_3_2:
 0.00000000000000 0.00000000000000 0.00000000000000 0.00000000000000 0.00000000000000 0.00000000000000 0.00000000000000 0.00000000000000 0.00000000000000 0.00000000000000 0.00000000000000 0.00000000000000 0.00000000000000 0.00000000000000 0.00000000000000 0.00000000000000 0.00000000000000 0.00000000000000 0.00000000000000 0.00000000000000 0.00000000000000 0.00000000000000 0.00000000000000 0.00000000000000 0.00000000000000 0.00000000000000 0.00000000000000 0.00000000000000 0.00000000000000 0.00000000000000 0.00000000000000 0.00000000000000 0.00000000000000 0.00000000000000 0.00000000000000 0.00000000000000 0.00000000000000 0.00000000000000 0.00000000000000 0.00000000000000 0.00000000000000 0.00000000000000 0.00000000000000 0.00000000000000 0.00000000000000 0.00000000000000 0.00000000000000 0.00000000000000 0.00000000000000 0.00000000000000 0.00000000000000 0.00000000000000 0.00000000000000 0.00000000000000 0.00000000000000
# FDY_3_3:
 -0.520085268004475 -0.562487348908537 -0.583596393010600 -0.616757613542802 -0.659138311935250 -0.692010412271867 -0.668407042785907 -0.650951560208604 -0.659903705034675 -0.610253876817070 -0.572316061700694 -0.623975430592055 -0.661403410457934 -0.684681165679901 -0.597240053040204 -0.433785620167137 -0.157352210940594 -0.127562286721570 -0.0922829989395527 -0.0469974944290893 0.0132973039967764 0.0436725330055220 0.0244888852996669 0.0122350118769991 0.0226746643175148 0.172129502599939 0.236103057606875 0.277261039503717 0.244393133630739 0.329200068533119 0.317466912295675 0.442427812592683 0.451873501578871 0.476252443523886 0.498811827115958 0.459394289201685 0.400441874738647 0.374722333086867 0.530301247292794 0.790077575636991 0.603168647907979 0.456076758562218 0.433684384424337 0.445307127223484 0.475771717612573 0.394048865584434 0.440388212831902 0.441466328468638 0.505583659433357 0.505373731573916 0.200684866786535 -0.0854010174799485 -0.222987030255437 -0.223246957851603 -0.265956047068795
# FDY_3_4:
 -0.367148918972256 -0.426659685694507 -0.451161140146833 -0.486384509115760 -0.517332247560850 -0.496552496546250 -0.469627389523245 -0.475394133132790 -0.481380102925374 -0.408923314780298 -0.481101313312415 -0.471063643889075 -0.549785634656123 -0.615239347270271 -0.448458793085398 -0.305129109242387 -0.0235130965759155 -0.0634482485306850 -0.0653862179077807 -0.0803669071680451 -0.0565512918100753 -0.0534248723919502 -0.0760970225746858 -0.0425790187333240 0.0324532555045788 0.0354163924382124 0.150746609485999 0.104096061694739 0.246188274982089 0.110419175447498 0.305197126915914 0.245337423064696 0.324306960952309 0.304515610946517 0.351156921876739 0.420068783486917 0.356823186237265 -0.0490543963332034 -0.0490543820655949 0.566423321643725 0.405220265788797 0.410385317450941 0.431005796353290 0.810075378097504 0.656651185018631 0.715646386621361 0.380868391456168 0.413707113115447 0.419831296682610 0.483007600400297 0.114162369936718 -0.185285514178601 -0.224285522284078 -0.180696682781560 -0.192625252409635
# FDY_4_1:
 -0.512614570412963 -0.579912593849580 -0.625105219106245 -0.689227264086759 -0.723983528125738 -0.759828707029219 -0.756770470739099 -0.743848404866528 -0.721973675835520 -0.679794841594957 -0.683768889819100 -0.665541117176166 -0.660690954655274 -0.607025827730833 -0.543073155195305 -0.463650870206562 -0.394453753725916 -0.330774177155724 -0.295645241435639 -0.261507586702255 -0.264764170414032 -0.238980532697097 -0.207111551854924 -0.156258221579571 -0.128472870913388 -0.0497193158345419 0.0257400264901409 0.0974231966901063 0.137832454889069 0.197890249264712 0.194518355752180 0.255211277720562 0.247086096925819 0.292093209651015 0.331035884938909 0.363194112179777 0.361974135615912 0.350630351201138 0.346649797320867 0.352191024910666 0.371346117768097 0.420012039315939 0.528021641227145 0.619685816790185 0.733648155724313 0.824738763844987 0.869163095827491 0.874610241579767 0.842456475296029 0.781599588362712 0.686122373693220 0.567721227840555 0.448971776091905 0.350159032867904 0.272770992961809
# FDY_4_2:
 -0.610377428223939 -0.668273171787214 -0.714377882244481 -0.779271457506094 -0.814067636142797 -0.844954215196056 -0.849128111151197 -0.844960152477057 -0.835210068525937 -0.812861896237689 -0.800379175416410 -0.762311774101135 -0.736044305177796 -0.672739962778266 -0.592742104352505 -0.507847455614986 -0.433102311917270 -0.369915412039589 -0.344580562557670 -0.311812457359519 -0.299720928710287 -0.278376675074995 -0.243259129587715 -0.192694298375001 -0.151445833243585 -0.0678290471210018 0.0422234298795115 0.155216729989991 0.249754142779420 0.347432268792721 0.359867710738861 0.399409195851979 0.382899053134441 0.408601865995342 0.424117886415235 0.417234379671005 0.380732674221349 0.346321027276748 0.334815017043816 0.332892480978711 0.345920701868682 0.439547910365374 0.572781543151418 0.661521549809644 0.822326515817471 0.978254488334640 0.984497075297291 0.889271097962548 0.856123574418699 0.807262748039143 0.726498273059010 0.614358117076254 0.518768076140626 0.411401314948868 0.328232603861390
# FDY_4_3:
 -0.567087249654604 -0.625911850535819 -0.665803085629998 -0.733836142241080 -0.770056120778809 -0.802431243699611 -0.797046807842418 -0.772361796551831 -0.743542837385748 -0.704326977037783 -0.685905419147877 -0.657284031660205 -0.639107570553095 -0.590824666831375 -0.527365584343034 -0.432468751854632 -0.356889049667390 -0.279407696321735 -0.253065673681563 -0.216402530670379 -0.204002641728059 -0.195749767961498 -0.166790242444586 -0.0968009590309497 -0.0686789195829815 -0.00966535528078524 0.0657367786734602 0.116991646635637 0.143018049480919 0.211841792815275 0.220011895284503 0.259641970830828 0.256529737179470 0.293068039022963 0.359870775848036 0.372239145959752 0.391651818736973 0.381315901919316 0.394866543049104 0.416692591274453 0.426793213024535 0.489815353411362 0.637768540409939 0.638634353232704 0.749588993552826 0.817173903461986 0.831193046228019 0.784746022215963 0.745354940341073 0.699763196336634 0.590866619590167 0.456585527597231 0.350660725898230 0.255273021126047 0.205118828980438
# FDY_4_4:
 -0.559002011450559 -0.618527137053900 -0.657919740607619 -0.728074559019615 -0.757953407697723 -0.791597501678629 -0.783339612264758 -0.759494397609965 -0.725699092153592 -0.684895376423324 -0.667055890007284 -0.634109941250108 -0.620705646101379 -0.574088447683464 -0.511888778656894 -0.434987476867490 -0.360884528644910 -0.286125524757260 -0.256343964055951 -0.224230240816405 -0.217150784951894 -0.198562869075193 -0.175185799302576 -0.107102252167354 -0.0898814066750812 -0.0122834151217893 0.0530516746363930 0.105441275578802 0.136793825894235 0.200929754848749 0.206834294798054 0.248319050799012 0.241047951817430 0.278328299281471 0.345423454976000 0.384977204991705 0.394726604366063 0.378564552054149 0.404730372336566 0.435264620150759 0.454086857023151 0.495027149135946 0.640991850282607 0.642647458728140 0.748765311301516 0.804600194129073 0.820448000513475 0.770043663869068 0.748404125822523 0.678630060305143 0.582085140647948 0.454319689524187 0.344344625748978 0.241751604908561 0.196511133625011
# FDY_5_1:
 -0.00599311699407963 -0.00599303926341506 -0.00599303012187509 -0.00599307033171410 -0.00599307902593011 -0.00599309160463708 -0.00599304996390444 -0.00599309575592262 0.275160260949032 -0.00599312163126982 -0.00599303305383110 -0.00599303760678289 -0.00599307439683745 -0.00599306537182827 -0.00599308247502268 -0.00599308326018306 0.284263655741596 -0.00599307507054565 -0.00599309465696702 -0.00599306831937891 -0.00599313385323015 0.343688597352970 0.308663340642634 0.265862520980856 0.230395258436224 0.134095700032771 0.0169870284100025 -0.167465783067162 -0.382438778067267 -0.434952801964438 -0.531679643143414 -0.00599305149310521 -0.00599306855635824 -0.00599314708315752 -0.287329575207256 -0.140549042630909 -0.000434603455399873 0.105391613021174 -0.00599308186747844 -0.00599311426108891 0.229603027152222 -0.00599309223390261 -0.0300551298480968 0.0579041350927801 0.129149768789777 0.122979980648341 -0.00599308630329105 -0.00599309149909306 -0.00599304929822448 -0.00599307768554631 -0.00599306734284717 -0.00599308052931598 -0.00599306563881648 -0.00599309856306114 -0.331467914753795
# FDY_5_2:
 -0.166134646879180 -0.227644631615106 0.00455071587589898 -0.237356724418668 0.00455065176157535 0.00455066242031768 0.00455069183736248 0.00455062054139957 0.134362992614094 0.00455062627993811 0.294567743359794 0.235604414188232 0.00455070447164721 0.134609965484003 0.134065682241145 0.00455071609746752 0.203949370719455 0.231330099704532 0.00455064294797395 0.00455053748385562 0.00455051098345819 0.00455064628865812 0.00455065909167099 0.00455065793375723 0.00455048285311125 0.00455055175832789 0.00455068163031661 0.00455068727484323 -0.541136347872167 0.00455061642844337 0.00455070579203013 0.00455061116116076 0.00455070883936584 0.00455070182417919 -0.307899406201329 0.00455063650104829 -0.0794444719642878 0.00455060105702368 0.00455060826982737 0.00455052787470925 0.00455069309762993 0.00455059650853232 0.00455049674981725 0.00455049337916150 0.00455069951944767 0.00455053442146972 0.00455045688069680 0.00455062502681339 0.00455067019040803 0.00455060261093535 0.00455043507079003 0.00455067456446648 0.00455072195567388 0.00455061301183416 0.00455048237243885
# FDY_5_3:
 -0.338609421422237 -0.371770264715925 -0.491931043195762 -0.432563729171514 -0.482295640166184 -0.474370471339653 -0.457544951568473 -0.408557543972535 -0.362954921273675 -0.131789806373016 -0.0646854940813924 0.0195626593081385 -0.0868431499234096 -0.0622222798650237 -0.0423257211230979 -0.0418915507286196 -0.0159453946010489 0.0289001837443542 0.0965875782402926 0.128962377767080 0.0298138307891415 0.190398113061736 0.0298138327622094 0.0298139436462394 0.0298137376788238 0.0298138671287626 0.127397984638970 0.0897536619903791 -0.0833192970405080 -0.0902612048113730 -0.269198324686396 -0.275792135645738 -0.252734021453430 -0.164357500733623 -0.0522161869218570 0.0472976971620770 0.189116270736577 0.260708432131057 0.440347478074989 0.524201757246331 0.520876388824111 0.520794046020054 0.585786158362297 0.587768074722259 0.471002825994367 0.168140702596717 0.289352990829785 0.264683514504599 0.242437235398171 0.214756587287536 0.0402407508885504 -0.0673311802164881 -0.162000688719149 -0.206950505625828 -0.307680252159650
# FDY_5_4:
 -0.00686521147343038 -0.915552313121505 -0.913142534044227 -0.00686527242682827 -0.00686521089210873 -0.00686512592506821 -0.00686515805949489 -0.00686519962954185 -0.00686508849188455 -0.00686512085197071 -0.00686520210793534 -0.00686517673442316 -0.00686529182994294 -0.561475726323957 -0.00686519711525795 -0.476815698032274 -0.00686512619703999 -0.389301922769231 -0.00686530857214878 -0.229123545519817 -0.171584651917511 -0.144968149096274 -0.150195438792674 -0.0811934898225772 -0.0884376954867758 0.00720072878905126 0.119931145343179 0.171466084738751 -0.0269185138443506 0.00626706841263120 -0.146043775659899 -0.0680475006428731 -0.131021711936478 -0.0559387852859425 -0.0123342028439614 0.0986601468671820 0.171454471876366 0.318010592800805 0.573888395080017 0.644193469737127 0.794253340564332 0.702382346869855 0.864889881234409 0.931998784408840 0.546273676086089 0.0882813794176183 0.0581898310569622 0.0289055384103650 0.0558756706443491 0.0428320767195805 -0.152966728129005 -0.223163940099612 -0.302241120939683 -0.341989987006500 -0.546384507435306
# FDY_6_1:
 0.0121698487534553 0.0121701421110557 0.0121700325941411 0.0121700670888531 0.0121700364680698 0.0121701224581036 0.480940546081582 0.494904283796602 0.0121701750499864 0.475758344012530 0.0121700546171725 0.445202694453509 0.0121702041526720 0.0121700521946987 0.0121698625891665 0.472640448781033 0.497859993356183 0.0121700886707307 0.0121701029786757 0.430080194484607 0.0121700835417250 0.0121701776440856 0.0121700554623018 0.0121700328825761 -0.220051235500659 -0.369642509927924 -0.468262316494584 -0.538200167050487 -0.564649609099748 -0.505543376557558 -0.527024017937034 0.0121698517235159 0.0121701007791596 0.0121701223585352 0.0121699472969611 0.0163015845360973 0.0254248462031203 0.0121701687822126 0.0121701794879502 -0.206317193211705 -0.312434171842292 -0.327661112808111 -0.162805545638242 -0.0278931558039533 0.0522180033619925 0.0121701642196862 0.0337779800756489 0.0238017701174399 0.0219694011531903 -0.00866116626672296 -0.0753882978914156 -0.0997731056862133 0.0152284783662903 0.194271244227936 0.441845494803395
# FDY_6_2:
 0.131364488111137 0.0161926034487417 0.122077085966333 0.212209039425417 0.390657905420435 0.784508929365375 0.729148621427418 0.600885941551434 0.439119067929947 0.431468787213463 0.382836289794225 0.395320649053755 0.324151949650220 0.376807872415162 0.451955043244560 0.437415216298643 0.475940441196551 0.471769429068959 0.390989927719003 0.305664957616080 0.260050265141717 0.0456969449803583 -0.145021850606800 -0.221717713565762 -0.534149575115622 -0.656687920536835 -0.734582243062031 -0.666373124472525 -0.727092738097929 -0.658723807709570 -0.649944414070264 -0.587316200818234 -0.478202747106030 -0.287481605555581 -0.113696873693098 -0.0854361936594180 -0.106357195110364 -0.219890282591927 -0.357619312899321 -0.480025613240155 -0.566348066528387 -0.439958585006318 -0.141565277544876 -0.132749883463075 -0.0527492369372019 -0.0718054346589875 -0.100120029783373 -0.0870823977856762 -0.112713324072747 -0.131497393466389 -0.194356130722128 -0.0768722384530635 0.182260747475265 0.453786920622725 1.00585828619677
# FDY_6_3:
 -0.0845293058957713 -0.0845195724705508 0.171110667497583 0.299790456800860 0.574934730407920 0.749579429298399 0.471159926256825 0.352889708926194 0.305392187910824 0.446739326669354 0.403044747597506 0.305878719005256 0.204589561191105 0.391689671025077 0.458230856997807 0.485284273467683 0.497775717473808 0.373838954314185 0.367222925630392 0.275792436670006 0.204159990977107 0.0567519701505018 -0.169680958031713 -0.352536803111015 -0.551168616538872 -0.675920238894040 -0.733138292406654 -0.701094468511583 -0.730692208849593 -0.599979804546357 -0.603691236075100 -0.508689235454696 -0.418351904920016 -0.217784214070594 -0.0755850814233657 -0.0186125321247884 -0.0682857313851533 -0.163400051843110 -0.260827615756418 -0.397645291397732 -0.429307002195411 -0.250201212608161 -0.0520154575569705 -0.0689805907652557 -0.0591203756942567 -0.0848550941386353 -0.102642969113717 -0.0917693891554979 -0.0957684643089772 -0.129390629208539 -0.115764595069130 0.00685125513764131 0.205719906566536 0.478875950583102 0.808645572966002
# FDY_6_4:
 0.0699971317024635 0.0674020601703736 -0.0199179869090415 0.257904019570179 0.549240697896574 0.753473181763447 0.596649744810540 0.508153618304431 0.456222798123115 0.421999810660028 0.415794262932453 0.333794645866604 0.331987679422012 0.389265072565350 0.443360497890970 0.475789576936684 0.446008310491553 0.441408024501599 0.346236447318247 0.322557349261210 0.146889521773338 0.0574640760302443 -0.169841050390237 -0.439001142795939 -0.712213966186787 -0.715519232607551 -0.747130511084179 -0.754607658707014 -0.729218309078487 -0.668087806659545 -0.674978748947861 -0.511739506126544 -0.358572012876441 -0.199220794319977 -0.0354664292385851 -0.0371634176290611 -0.0978677285661642 -0.170449083368830 -0.275029036002183 -0.394267423230581 -0.431811267193041 -0.292006692932138 -0.0646398730002704 -0.0900636604837754 -0.0799434830634884 -0.0955635619312409 -0.121767817034138 -0.112844495068613 -0.123533965758917 -0.140619572623011 -0.132629730496871 -0.00407569004520297 0.201326443986645 0.489302375208134 0.877564307169520
# FDY_7_1:
 -0.781857475486533 -0.834865874295841 -0.856352790195652 -0.874487368786504 -0.881294493072233 -0.895315530130333 -0.913367742226017 -0.820643524124117 -0.692478301662128 -0.547508299575393 -0.263188619843545 -0.153937846018905 -0.0512751904903972 -0.130715579888040 -0.236258339704772 -0.266802908855029 -0.232389002024179 -0.192822571286844 -0.0219881518598655 0.0578903081018511 0.209422995481922 0.312565620282411 0.283494901027071 0.316813117656339 0.320490788987748 0.319935307451407 0.267568516249153 0.256368105410599 0.272147156799901 0.00675393385350542 0.263839034708094 0.0370326478315803 0.0230157430615607 -0.00167881775767231 0.115041231528802 0.163936590330664 0.260909905390760 0.449964651882111 1.00727566506913 1.23508347142574 1.42850625821741 1.43234413563378 2.10709938889899 0.820726088416828 0.282203463380529 0.0669713346507423 -0.0460234882172621 -0.0756001074682073 -0.122881618600140 -0.154225800338994 -0.234922762682527 -0.362796623692101 -0.484599878742407 -0.579815147675753 -0.607306507027229
# FDY_7_2:
 -0.375300823849681 -0.360700375006256 -0.370938511213359 -0.399675386904486 -0.422577505794250 -0.443419336738472 -0.345709666251624 -0.183390552495817 0.0122342572262019 0.247395425556086 0.289586887705046 0.251725880290710 0.197561896824061 0.124026307608352 0.0961348290696517 0.0849477327257921 0.109399254934025 0.214883085243077 0.289740254963369 0.324745212585907 0.332085116354606 0.301483889625817 0.213405950644569 0.188968063491415 0.137420681378517 0.0341320912680420 -0.0419554090547619 -0.199834989175372 -0.330512134279010 -0.362795091859825 -0.373118455638464 -0.337578769264880 -0.340424324653223 -0.279972829965676 -0.156432440204964 0.00933232339810743 0.0843619181669423 0.180674438953324 0.317494606728819 0.400283290263584 0.419686888767639 0.295560490713558 0.373315732281943 0.214276730670773 0.153676373706442 0.117428561104109 0.106878637011572 0.0863991304425426 0.0865372625883193 0.0319186122787606 -0.0200514069705543 -0.151480629638230 -0.250758685093543 -0.290188559348404 -0.290885931170826
# FDY_7_3:
 -0.687540462090715 -0.727776246657995 -0.730286241316683 -0.765554817817319 -0.782139140984191 -0.818186203050635 -0.769112978097124 -0.668161715458103 -0.540354474345750 -0.166223387626557 -0.00907419250463051 0.0721629697129153 -0.0667228030128109 -0.140873950483762 -0.187626063029622 -0.167031258394031 -0.126185216221422 0.00297057796433140 0.0903921245984134 0.195943852535451 0.280808613167380 0.277528088143014 0.199759266623903 0.308182274026783 0.290918871890316 0.239516089312544 0.199666613175224 0.113396842322171 -0.123747821382529 -0.0501137706375867 -0.193942547288423 -0.150709108825887 -0.207077901080397 -0.127523631504810 0.0181280323012998 0.175793627622394 0.368240019035445 0.712523907576437 1.16161644416021 1.40311962250165 1.57380958179372 1.05976837695494 1.14170240095617 0.477048706433667 0.194490662181928 -0.00966267669100465 -0.0272530585481792 -0.0740714028098100 -0.0716508110573862 -0.0951435481532408 -0.230288773939547 -0.341579920742071 -0.458698119078086 -0.478225193231669 -0.564950128928326
# FDY_7_4:
 -0.802009914312697 -0.832594370619241 -0.824972616848934 -0.858885722253036 -0.871148340777387 -0.920911572040474 -0.856104056730735 -0.748894591260310 -0.606074191229073 -0.234387201238275 -0.0906018519564237 0.0202518397464709 -0.126144547666581 -0.227036039974959 -0.289912661774614 -0.243229048961815 -0.194936746288244 -0.00524953448530911 0.0900386902837885 0.272378744867876 0.378220286837968 0.338023637980095 0.305698782097024 0.421919841945168 0.342563337948024 0.305793778396661 0.257255615730053 0.280870261556577 -0.0473269316830557 0.229603092453127 -0.0508232973384872 0.0213424252269683 -0.0756559116260111 0.0400309853873434 0.115059701057900 0.265809229497354 0.492017935278183 1.16996893204481 1.54095039835255 1.76403092887391 1.84453993092211 1.03945645313735 1.01361729754773 0.259908352506782 -0.0118859516637248 -0.168966277580253 -0.203404977542091 -0.236733216018809 -0.233340052297920 -0.271068568769803 -0.380563226424242 -0.501378426127691 -0.597395810902302 -0.613334903001250 -0.684379920282074
