# Number of parameters = 356 Objective function value = 86915.9548510920  Maximum gradient component = 0.0136549238962881
# lnmuRT:
14.4312102235
# lnPrat:
-0.648695622005
# lnHR1:
 -0.00316023790262 0.0159717120910
# lnHR2:
 -0.144751526437 0.0188442380154
# selpar:
 0.162117213225 -0.521645046862
 0.0982366066208 -1.28340889715 -1.75065276352
 1.75562332393 0.572354349291 0.0526356347343
 0.987384990098 -0.272877189020 -2.56816295479
 -1.42192709218 -1.60027946855 0.683032901090
 0.291826341626 -0.909689986389 -2.49420161451
 1.23932802377 -0.866802027755 -2.99999999056
 0.564541578222 -0.805979222393 -1.72004987885
 0.752041473256 -0.656071176837 -2.24423549690
 -0.0658064656826 -1.31474388417 -1.07158791497
 -0.471344223247 0.101385819730
 -0.971171236149 -1.41346149482 -0.377085941314
 0.973340947530 -0.259097879874 -2.21826798475
# lnRD1:
 -1.21828257817 -1.12428169285 -0.528903781704 0.419184213092 0.394963069037 1.11179913523 0.00429767243764 -0.0135531352429 0.311851569763 0.705315609981 1.38531175749 -0.0607485191191 0.440613826609 0.0877251720320 -0.564412838046 -0.687839303807 -0.663040176734
# lnRD2:
 0.437953199374 0.167836347848 -0.0943739281568 -0.0645361584425 0.188511305003 0.478372904840 0.704438444870 0.370271389119 0.0285314670891 -0.170188469605 -0.256063888692 -0.466511545640 -0.688219331242 -0.568697308797 -0.331114624377 0.0629290622990 0.200861134510
# movest:
 0.0669926525616 0.110368686522 0.229775783202 0.293455889593 0.0337913041824 -0.0387254393572 0.0895199282129 0.252487025416 0.186286221738 -0.0759341327211 0.269523588056 0.683978863958 0.312571243261 0.614009222230 0.0749527127166 0.898417401039 0.0774136774645 0.107893283266 0.366114744848 0.184303507297 -0.00473550257669 0.165984864783 0.410569025575 0.505447961231 -1.89394336345 -0.971388023721 -0.0925501942241 -1.47512391750 -1.21113090731 -0.599183219088 -0.467151967210 0.942785010545 0.0553345331197 -1.74054150646 -1.44989228013 -1.05620272629 -1.68981830392 -1.40361962438 -1.54065096483 -1.98157514524 0.425253288720 1.92948081624 -0.353518315649 -1.11020819340 0.500155560613 0.543582756206 0.952116282812 3.45754444585 -1.00948548583 1.80776946273 -0.194119616987 -0.587613680537 0.807678495724 -0.252118188323 3.26229909964 -0.892217003903 3.42274743671 0.724745110715 0.760519207625 2.61214512019 1.87869416956 -4.24875399432 -0.252756664342 -3.32990220669 -0.582090959206 -1.31472842748 -2.72270710675 -1.70304886178 0.393135405297 -4.31017003949 -0.864494689565 -1.05602559821 -2.87474551830 0.889698326946 -0.674205840640 3.45238675802 0.179830289497 -1.57872038161 -3.96117528981 -1.85808312261 0.699818660238 -3.46928421756 -0.511530304751 -0.348774324026 -3.30934073206 -0.250585371875 -1.56131368626 -2.94352614769 -0.868459833871 1.24536965841 4.80728730788 0.593742055577 1.64082685394 -4.58931828160 -0.372409925311 -0.136971602179 -2.96859615547 2.18977273532 0.957599709348 -2.95153185893 -1.64423878797 -1.02481459516 -1.53483561590 2.87705138567 2.73055343391 5.76090188320 -4.57372243312 -1.06022020135 -7.24190507098 -3.78648309734 -1.57228213682 -5.93083339668 -0.682514772639 -1.24994568535 -6.13963807245 -1.75722258091 -0.625319012939 0.322781984056 1.30876466643 0.637410639601 1.96584170480 -0.204800939604 1.07185813970 -2.27862671246 -0.373687625746 5.06826668403 -0.526602774888 -0.0484533797835 -1.06730243698 -6.12711421051 -1.39405008471 -0.845291619176 1.42860374986 0.529808874503 0.711731064883 1.58957960040 2.40186549184 2.22021257424 -3.27099192757 -0.167013505936 1.90809545916 3.12093207899 2.53406810751 0.0223584038953 -2.51421175085 -0.592235741240 -0.224941154519 3.55543849682 2.80815390597 3.33471175845 4.21149109393 -2.33440070622 3.17265624146 -1.14990199317 -1.55549373975 0.845812246003 3.28566081329 1.84952188149 3.39533123709 -4.42170584539 0.341783627087 -0.256205012418 0.419191018238 3.13477826802 3.05161172087 3.56308421532 3.79021611760 1.84530747191 -2.07412771100 -0.236114643723 3.42471278365 -0.831019514940 -0.145651629854 -0.538887597162 -4.23749442778 1.48643916723 2.39200636736 2.17909356571 2.79969295339 2.31253855032 2.72164684841 3.66067771220 2.97202327590 -1.33555821822 3.91260413458 0.369231620568 0.189850203348 5.56425246320 0.0288555030200 -1.11951433612 1.07911189372 1.31842828067 3.95435114383 4.86974993912 4.53557663580 4.90019619887 -1.77606930333 1.86687838591 -0.578215968908 -0.307170749401 3.39048333308 3.22440810922 3.13972592655 3.58201608056
# lnqE:
 -5.39389576666 -4.39686061827 -4.69780306885 -5.47206510098 -7.14864630389 -4.89138266103 -2.17575297021 -1.65754587660 -3.93899701729 -4.24318184597 -1.60884012134 -5.60003534716 -4.24501841509
# lnqI:
 -2.29999999975 -0.516474319944 -0.130421025624 -0.131022496114 -0.819809052688
# lnqCPUE:
 0.0463818761976 -0.258467666204 0.0792735010117 -0.324386278949 0.202418520064 -0.213286327350 -0.981633378991 -0.310349266352 -0.279998585665 0.168500535450 0.0520847285388 -0.0714118986394 -0.382904145146 1.15268394322 1.12696647835 -0.562890274691 -1.60433581848
# Fmod:
 0.0872266572474 0.0292021990251 0.178629757297 -1.70201484018e-009 0.0969065226178 0.156223317371 0.0211558247564 0.0413569001975 0.225967132888 0.0243982417670 -0.356113350543 -0.0358224688270 -0.286443036737 -0.0263160701118 -0.0298579348540 -0.0900967756309 -0.0205893721680 -0.288866468781 -0.164433614542 0.252661557873 -0.0154639807032 -0.00204226492001 -0.0177213429358 -0.0339966772178 -0.00798627128113 -0.00974184604671 -0.0100241451867 -0.0115262611385 0.00137591756462 -0.0287347698655 -0.0334130887468 0.0196746802989 -0.00356589078320 -0.0326616295251 0.0178899829649 0.0824888589869 0.0777473225369 0.112124353123 0.121853020232 -0.0414649845017
