# Number of parameters = 1827 Objective function value = 8651.93674796181  Maximum gradient component = 0.00465827317630347
# lnR0:
 13.2864702400592 11.3000444599897
# selpar:
 -0.930104837268119 -2.04064478907374 -1.95133737980910
 -0.815711755046098 -2.20314861751531 -1.75891468609902
 -0.319332773425072 -2.37863559838212 -1.61959320500884
 -0.384132423271967 -2.08424456523752 -1.55730687375522
 -1.04829902275447 -2.40896681372398 -1.64960498313145
 -0.174032932288798 -2.14864455005250 -1.67308182635226
 -0.622582586984926 -2.88404925864528 -1.83939979476169
 -2.15415101641099 -2.63862454681528 -1.54432902500264
 -0.382437580069858 -2.07476677871114 -1.50044002077823
 -0.540480316253588 -1.95392214255288 -0.384903569073474
 -1.52810684188242 -3.84179457079303 -0.872053499221895
 -0.888018096841674 -2.31850892695334 -1.63324736912445
 -0.285326291488721 -2.07194538857334 -2.02586457622767
 -3.69229303038154 -0.758581012513925
 0.228442881137136 -2.32939706149443 -1.28663907977395
 -3.11935505612270 -4.99999813349465 -0.980062507606705
 -0.782481740362369 -2.06810886337902 -1.77098501160560
 -1.41519621437240 -2.52820526451945 -1.30620524731564
# movest_p1_a1:
 2.31087502789301 -0.157160684385950 1.09128326515794 -4.24518575172335 0.787754708123792
 -3.67780686476420 -0.515509791466573 3.06605969250653 -3.10840118994360 -0.354502114305278
 -1.62125953250976 2.83033409058845 1.35620266978026 -4.69111646202697 2.29176588366474
 -3.27766136607663 -0.890538306553369 -1.67816247372397 0.164050267396171 -0.458381138055682
# movest_p2_a1:
 -3.23035097945640 -0.0109081194005691 -0.0767236475737194 4.83814321145838 0.00545566295363642
 2.22342483712008 -0.0144185045031691 -2.82116925901742 -1.48415761291810 3.38876491014117
 -1.99927223381536 -0.124518294631647 3.58981306049006 -2.28636329813770 1.45413092155998
 -0.958755215142992 -0.656171541182571 1.82417088609534 -2.29715447878218 3.36809125822923
# movest_p1_a2:
 -2.43236356257748 -4.20581970782530 -0.290662118788613 0.791007518272886 -1.31851012709286
 3.12845562288733 -4.52230873358905 -3.15693233386971 3.81448527508773 3.02965757301587
 1.39311557396315 -3.10873423353420 -0.0440809251766279 -0.555720848541419 1.91510506832132
 0.510269423925786 -3.62352569838726 0.681022698452290 -5.11091756207011 0.409067498333361
# movest_p2_a2:
 1.65791784449786 -3.98747359191898 -2.49490223000700 0.574918015395344 -3.37825745880164
 2.58067227311566 -3.57451363687345 1.62625978326696 1.07972835337620 -0.188234228041455
 3.19959055365526 3.48553449279162 -0.289722738679268 -0.316485605297591 1.56627479444845
 5.81249814817368 1.21758111633754 1.83442577889951 2.46302199212476 0.0299541597436033
# movest_p1_a3:
 0.603939222727361 -1.16390093292619 1.19489173116854 -2.88292072509033 0.776312433236280
 -7.26135700897094 -3.92279320799712 1.17499362639482 -7.99999933066472 -6.37415640030352
 -3.99067854061065 0.240697179850981 2.27697602349501 1.31404757561540 -1.99574005987068
 -0.890689567842096 0.124166292795405 1.96326489004749 7.99999995216072 -4.31300449393763
# movest_p2_a3:
 -5.21533740032091 -3.62812722037713 -2.35018139484263 -5.05903992885452 -3.41321469513766
 -4.60487301777432 -3.27204490436512 -4.09635405835839 -2.80253357948628 -4.99433979010809
 1.07844668786388 0.329322470427472 3.88296190093297 4.57462198830824 0.569271226490251
 -1.96314878965276 -0.193031201133278 -0.383233611817969 0.193094102168374 -3.16063350795845
# lnqE:
 -3.39440795460437 -1.75221413983492 -0.710226615602320 -2.17180854487773 -0.164660856879745 -0.863020377214543 -1.43610586293271 0.609783713518798 -2.95445560729068 -1.97166975423734 -2.83524860593574 -1.96038437066920 -2.49698386928842 -0.605104693391306 -2.02718100527944 -2.40275211241010 -2.87303868570648 -1.55738198465563
# Fmod:
 2.75970311313763 0.804181099045269 2.52865748847800e-007 -1.49912083406078 -0.500628979223379 -1.38287846311073 0.790026208385323 2.89490177931651 0.362670899040846 -2.06219381387080e-006 0.170061740089415 -2.24661708593843 -2.18284541186610 1.16006155400766 2.80395105102965 -0.496847785280850 -2.11986967133570 -0.429005224709988 -2.87687790046062 -1.93262581803627 1.03801905697414 2.49753059515039 0.0361069215026407 2.23760721103020 -1.18481395489829 -0.452687497290969 -1.14824479075607 0.898243997586556
# visc:
 1.06761865662971 0.756030375165082 0.857623675060820 1.56168666172384
 1.28620530356631 0.0211758593168492 1.02160166788910 -2.99999971207211
# lnRD1:
 -0.665892713643501 -0.595800655912465 -0.0918985089703874 -0.342005864949339 -0.264865660767585 -0.405302694129757 -0.464424254450287 -0.420857402841023 -0.326792478436505 -0.279555832117967 0.0846382869325271 0.297451896987308 0.365190753536130 0.366844053815396 0.682321914208449 0.400850416009240 0.756151843081033 0.628389893321551 0.539401961343021 0.830175505781298 0.0862190852759728 0.00181285184025318 0.0475871681208291 0.191333324926055 0.518547138673386 -0.426503137622556 -0.731770123195398 -0.781246766815679
# lnRD2:
 -0.324364638394281 0.773924420372279 0.0221667542477216 0.227587768346313 -0.432756678342409 -0.670344842890824 -0.376311971777688 -0.605093829958619 -0.457787520052007 -0.194974080383465 -0.594080081930848 -0.723956198068794 -0.463225362286377 0.756794353951492 0.160598501488867 -0.497695522924649 0.152786357852319 0.325534029210899 0.667428095777556 0.0919556407874090 1.21546174308648 1.50138325298795 0.657328214784314 0.408347391500954 -0.295391009906076 -0.272075824563863 -0.494533888549210 -0.558705074365441
# lnRD3:
 0.00000000000000
# lnRD4:
 0.00000000000000
# FDY_1_1:
 -0.0501763918772292 -0.0501763704899098 -0.0501763853474756 -0.0501763517146689 -0.0501764003973223 -0.0501763613511098 -0.0501763929727174 -0.171865145061436 -0.224881832386550 -0.274399592865059 -0.229026598151683 -0.365307203497869 -0.405533598183485 -0.263618191467595 -0.0341745204040706 0.242555542097564 0.194883732390464 0.176692721440703 0.204517034048000 0.240274572578161 0.237717255147618 0.189626133110385 0.0942385935057347 0.0795709944884480 0.0931313180563237 0.194263988417502 0.226926010061888 0.224163138291459 0.147604199124389 0.239850954931470 0.288921090322382 0.367600934955055 0.424636504035902 0.390874109877265 0.435183610648931 0.0726737629525754 -0.146486001753404 -0.0925787594482474 -0.0614197004566742 0.0916280738068625 0.247837642931760 0.239277567148953 0.285777702018455 0.273209710802510 0.268548165738106 0.117863822349772 0.00440394094078709 0.0477501851723426 0.0859907128290894 -0.240419574615707 -0.452548244054947 -0.710721040604816 -0.873636818689970 -0.801444977284693 -0.728897271144218
# FDY_1_2:
 -0.0526345268968304 -0.0164484777650297 -0.0526345176908993 -0.114537268829179 -0.132242984723092 -0.132817654361829 -0.0526345097528659 -0.127944925000168 -0.167932155382017 -0.210808276702919 -0.138888810150400 -0.268358749141414 -0.305075865136217 -0.122161304927602 0.0711984006552769 0.198655258283752 0.250795751653589 0.171519887258896 0.197101673513938 0.230887888737325 0.244174653226138 0.192435387622239 0.0999865783011754 0.0969215039231424 0.106817581015314 0.172472927973315 0.233794003059440 0.231500406268490 0.156701061891916 0.238627825528533 0.292919041367516 0.358457554709089 0.363599522878157 0.325405709698669 0.393984957860043 0.0513348141363502 -0.145902691880495 -0.0833125395680838 -0.0397727633280453 0.110179295482797 0.235544782723077 0.229340716526964 0.252472708370378 0.259829961059726 0.253364736684183 0.0857787833309801 -0.0396872104118965 -0.00220090555828538 0.0138541135963042 -0.298566539634069 -0.494060164929638 -0.726503858187835 -0.879262796293779 -0.789763086557072 -0.725504904527050
# FDY_1_3:
 -0.0509809285072130 -0.0509809253853707 -0.0509809018419928 -0.0509808868076776 -0.0509809145472687 -0.0509809476327195 -0.0509809321251448 -0.0509809066981580 -0.159666480263188 -0.200987947334103 -0.0204620848545544 -0.151194559564587 -0.214389642569360 -0.0407772737046962 0.160688130363120 0.232429442556719 0.325637885017357 0.211975291267034 0.233325910475445 0.267602011897319 0.285949401287130 0.314136994937684 0.196951765183907 0.130821739787791 0.144269798043134 0.203969126847033 -0.0509809048891402 -0.0509809243399891 0.203045535973134 0.277868770042614 0.341415407112414 -0.0509809379584484 0.350678549343606 -0.0509809066061552 -0.0509809170847714 0.125276722859991 -0.0958885761913374 -0.0216997200637922 0.0142693026493331 0.145863892209830 0.265442113630194 0.238895188963231 0.249744833765645 0.267375354500639 0.271596400621159 -0.0509809085658409 -0.0523677848778125 -0.0509809563057738 -0.0143182640470277 -0.298365323216774 -0.475049174365057 -0.688116138494651 -0.836566402273715 -0.744531540615729 -0.680134857603415
# FDY_1_4:
 -0.0454096314287543 -0.0454096228247656 -0.0454096137453538 -0.0454096540869771 -0.0454096127951876 -0.0454096276134853 -0.0454096157573195 -0.0454096281432953 -0.171647330711642 -0.156664004308576 -0.0454096486000986 -0.257305274527378 -0.134481998974884 0.0101427986893598 0.159331367016764 0.243382348391836 0.392494348662574 0.252472540885611 0.270124031055299 0.246422142724481 0.189392603764381 0.267668791037714 0.204293854781724 0.118135690167297 0.141210098454941 0.243622685292774 0.217873923523501 0.267133967320166 0.262982367557307 0.347642820220822 -0.0454096182351605 0.236392367677317 0.166401828724440 0.278377534437184 0.384177403948869 -0.0429798041857280 0.00326397732543764 0.101811002382597 0.124370187021766 0.202925597826117 0.125867668872820 0.190747116280985 0.101182127726010 0.0537452690336876 -0.0262641452720225 -0.177064810085167 -0.204806101929220 -0.177574238535839 -0.383470230073269 -0.484211218127402 -0.642807035170912 -0.736870894445991 -0.688196770654256 -0.555082797811132 -0.510065532759966
# FDY_2_1:
 0.489700507482665 0.381288905177194 0.442530932781664 0.425777645483198 0.383065626654270 0.360387973338855 0.372501883273387 0.406131205627189 0.365746664140391 0.409298001339438 0.338681084619652 0.304298285439953 0.338741982198119 0.360182159634468 0.365389031008431 0.375407702112603 0.444980102323936 0.296016332834531 0.205943560889774 0.160192584741608 0.152723710901811 0.0890239498358317 0.0720836984162435 0.0478559359192439 -0.0419795288420539 -0.135199821416183 -0.158533679703004 -0.207997682441383 -0.321868887443157 -0.319988093903141 -0.371591141108399 -0.383527058974463 -0.431611194179166 -0.400218014701305 -0.345470324939574 -0.338425323671239 -0.359417532194134 -0.332053673716887 -0.361912385698177 -0.483576986690135 -0.533960015529711 -0.499610569859068 -0.434160872513025 -0.361867633035494 -0.268915244197167 -0.265552555223256 -0.197877626353435 -0.110796418076148 0.0134581342721687 0.0461148197558575 0.0666490401468985 0.0635610996736403 0.0501216856809637 0.0262379475560189 -0.187979928850298
# FDY_2_2:
 0.356816276143258 0.288814314258326 0.309416928620940 0.275596348841094 0.218045374323782 0.191645374210322 0.220166031793294 0.278007399222895 0.346346064419866 0.0276366565437286 0.326745218279353 0.282372065952262 0.367010241914517 0.374154904518105 0.371820454407364 0.349312061952353 0.398992460070700 0.272446145188648 0.236546330964076 0.204588589980769 0.196356585169188 0.100425959057567 0.0649449621880948 0.0144474493966179 -0.0453989817545336 -0.202799768025375 -0.211464329951047 -0.230616261987870 -0.341630104505457 -0.329940255279256 -0.427121435807993 -0.394444177563044 -0.344566045770745 -0.311781432742868 -0.272324312572214 -0.230611873461661 -0.262062820120619 -0.334206634816082 -0.421853621805708 -0.498402067013588 -0.558111915123347 -0.485022635730182 -0.423151833457216 -0.478205669498573 -0.388451437708608 -0.287340101069005 -0.166266858047591 0.00228266642251608 0.202594491002306 0.251895375778671 0.285773321705841 0.266418944890215 0.265241885284316 0.181826903280197 0.117086788031399
# FDY_2_3:
 0.266545934129168 0.182454393074457 0.235841614818966 0.161397537577829 0.118715831737428 0.133991745557634 0.242324756151524 0.326225672794605 0.396639065143436 0.145511567404907 0.249149960195152 0.201212714713100 0.246200844535797 0.258504993522739 0.264404531333504 0.299882103869613 0.345390468131282 0.293894367975429 0.262035967052911 0.235590686145931 0.202567322300726 0.119066013760513 0.0626662287047998 0.0594111206674197 -0.0125816511286845 -0.108950661462284 -0.233925921262158 -0.248539820519529 -0.343082464728246 -0.297193510148479 -0.346982167039052 -0.324482862128924 -0.283617414970764 -0.280267270097667 -0.230935924728861 -0.191239614998364 -0.206139737124978 -0.305668110537957 -0.415046573495523 -0.542075302743351 -0.472244496674952 -0.407969264293264 -0.532131339435312 -0.492925665004077 -0.376143956021460 -0.246499835924825 -0.0431344305570572 0.181459966081520 0.245297424921603 0.308717382166576 0.313331417381738 0.263314231398408 0.192420708641315 0.0760333102031782 0.0515781129325565
# FDY_2_4:
 0.517129575870729 0.530898804616567 0.519214019976373 0.447196148897321 0.416040422867252 0.444553923415347 0.559599829080076 0.613446898951235 0.621653061903512 0.405882555914329 0.422808844140518 0.358623977761828 0.399728606837869 0.388141501803639 0.354210905230588 0.322293449970676 0.351281080530633 0.232407855966455 0.203939408299795 0.171581810777926 0.167191758213295 0.0158634442208219 0.00615153600006793 0.00447740993980752 -0.0513571280941547 -0.169406709289199 -0.240571347798087 -0.370848700755582 -0.445472786080369 -0.468470808471424 -0.465323709888507 -0.416366754169052 -0.417804374007260 -0.427250632576967 -0.381088169939225 -0.355806328316045 -0.340067141251671 -0.425040896906454 -0.576003845298873 -0.626035687425285 -0.553694785049857 -0.458654441651114 -0.393284496519720 -0.399423844982631 -0.412287292311286 -0.336086280635063 -0.122251571773182 0.0768930199966609 0.138822865486734 0.148571856013473 0.136649255945581 0.0947200592393540 0.0171672844519626 -0.110425977206755 -0.124117461922664
# FDY_3_1:
 0.00000000000000 0.00000000000000 0.00000000000000 0.00000000000000 0.00000000000000 0.00000000000000 0.00000000000000 0.00000000000000 0.00000000000000 0.00000000000000 0.00000000000000 0.00000000000000 0.00000000000000 0.00000000000000 0.00000000000000 0.00000000000000 0.00000000000000 0.00000000000000 0.00000000000000 0.00000000000000 0.00000000000000 0.00000000000000 0.00000000000000 0.00000000000000 0.00000000000000 0.00000000000000 0.00000000000000 0.00000000000000 0.00000000000000 0.00000000000000 0.00000000000000 0.00000000000000 0.00000000000000 0.00000000000000 0.00000000000000 0.00000000000000 0.00000000000000 0.00000000000000 0.00000000000000 0.00000000000000 0.00000000000000 0.00000000000000 0.00000000000000 0.00000000000000 0.00000000000000 0.00000000000000 0.00000000000000 0.00000000000000 0.00000000000000 0.00000000000000 0.00000000000000 0.00000000000000 0.00000000000000 0.00000000000000 0.00000000000000
# FDY_3_2:
 0.00000000000000 0.00000000000000 0.00000000000000 0.00000000000000 0.00000000000000 0.00000000000000 0.00000000000000 0.00000000000000 0.00000000000000 0.00000000000000 0.00000000000000 0.00000000000000 0.00000000000000 0.00000000000000 0.00000000000000 0.00000000000000 0.00000000000000 0.00000000000000 0.00000000000000 0.00000000000000 0.00000000000000 0.00000000000000 0.00000000000000 0.00000000000000 0.00000000000000 0.00000000000000 0.00000000000000 0.00000000000000 0.00000000000000 0.00000000000000 0.00000000000000 0.00000000000000 0.00000000000000 0.00000000000000 0.00000000000000 0.00000000000000 0.00000000000000 0.00000000000000 0.00000000000000 0.00000000000000 0.00000000000000 0.00000000000000 0.00000000000000 0.00000000000000 0.00000000000000 0.00000000000000 0.00000000000000 0.00000000000000 0.00000000000000 0.00000000000000 0.00000000000000 0.00000000000000 0.00000000000000 0.00000000000000 0.00000000000000
# FDY_3_3:
 -0.195609362999993 -0.273244745037381 -0.315509455929572 -0.379031950067431 -0.420753647498941 -0.455922073517938 -0.460787431814179 -0.505666231676433 -0.548112382197225 -0.608338208717640 -0.516413650568956 -0.538270632913017 -0.542149301003611 -0.448890910957507 -0.354845075047476 -0.335102287629229 -0.275919411906073 -0.228791229092719 -0.167740595692058 -0.119116027765500 -0.0762249415226181 -0.0368677310863205 -0.0270418902695548 -0.00902338647770954 -0.00108406551173804 0.101228520354370 0.178157799209305 0.236905908268950 0.273418486711069 0.345845930601602 0.346907415274070 0.388565020245307 0.400688632192976 0.394888174348464 0.521450248549132 0.499866282406073 0.447993509450350 0.366452366689977 0.357674046656530 0.321713366328813 0.267489093677221 0.256043149833625 0.385155130335122 0.382158120562395 0.391327290282133 0.342026207798772 0.375169596383940 0.204621056832093 0.222396865488512 0.152015052701195 0.0753114596505851 0.00255321222272705 -0.104675473844782 -0.115232268274191 -0.177657574035515
# FDY_3_4:
 -0.0403990531918214 -0.124476502517386 -0.178074214598714 -0.222151912106565 -0.255460345381119 -0.264659950673512 -0.275598847938473 -0.296599464437241 -0.314359803225787 -0.319293682495749 -0.364039676799878 -0.347312840704749 -0.335805965238888 -0.300961007869444 -0.219376931613827 -0.202990638582348 -0.123704538009290 -0.127162083206284 -0.115248531554783 -0.115811783953455 -0.115542954726149 -0.105927736981023 -0.0882694503375320 -0.0451382916008897 -0.0102246739039957 -0.0297237334918003 0.0601592338307438 0.0280073130922221 0.146473331255018 0.0738879084354781 0.233988820812496 0.185386668720078 0.246957159530293 0.223093947728208 0.261551018201821 0.274680655522483 0.246437188179196 -0.0406837915877149 -0.0406837835434989 0.122688487501098 0.146179528167468 0.265032779317819 0.295158347267865 0.465075909129351 0.377618912074475 0.439980565588208 0.293999261317326 0.372666024740895 0.284559129503318 0.243753051997889 0.120594586024167 -0.0349627417154838 -0.0887359379935394 -0.109854280957169 -0.154694676999809
# FDY_4_1:
 -0.293908239489793 -0.358727163254494 -0.388001342674542 -0.431126346139216 -0.457584117729944 -0.464832424268562 -0.446865366935470 -0.411628959615993 -0.376305957543140 -0.337227504356361 -0.267225642302208 -0.199222968561291 -0.167603136465968 -0.151904688396098 -0.136363371092577 -0.0863005861326685 -0.0420205137703500 -0.0141583946206894 -0.00996157364273858 0.00276467368767780 -0.0242663546976341 -0.0232526888225258 -0.0289634003959248 -0.0264494226668107 -0.0276906259623336 -0.00574604041633658 0.0247032654870513 0.0511819797624404 0.0630097852731930 0.0898758514659962 0.0849959890928573 0.125279170483737 0.123975747791390 0.179734879330497 0.240255984083993 0.289836998285804 0.293074183739416 0.213552200057500 0.144014078478620 0.130022464364550 0.108029767785563 0.0371559021837073 0.0323013072666344 0.0734845684315439 0.102402706443800 0.141240767657642 0.183242451979162 0.185334020644693 0.182173149117967 0.283515594623947 0.336282234088046 0.354358112290071 0.353205895386352 0.362290724906584 0.386042375763232
# FDY_4_2:
 -0.408651800877713 -0.467031224334566 -0.494201820818551 -0.555953588904760 -0.556059783329667 -0.558065206142036 -0.560725468047356 -0.554270652594962 -0.554523184822394 -0.507870239938509 -0.409682438407843 -0.297874259666693 -0.235316051824497 -0.232376014908838 -0.245967142628292 -0.155022842334553 -0.109655615840472 -0.0718778039699077 -0.105658580796789 -0.122590648972159 -0.0900100953400282 -0.0820162899398062 -0.0872002403393019 -0.159752389086313 -0.101529136169776 -0.0403578734993747 0.0227779343279946 0.107145567478729 0.161565006837641 0.202131418632261 0.206862960873357 0.219850880855914 0.250442472711681 0.300832975987419 0.405916275619861 0.433439995405875 0.458985192635112 0.371776215438260 0.285429138826285 0.326536381612194 0.344795988059958 0.188150341861821 0.141592616091359 0.233454965581428 0.268363788198397 0.226046264831667 0.220383447964483 0.198353307286821 0.128402463506848 0.221195302371544 0.272400876824357 0.309028025053830 0.344851614301030 0.408793419614778 0.504735554744253
# FDY_4_3:
 -0.456563155082552 -0.503048824564752 -0.524803434014784 -0.578682997275465 -0.595064353033167 -0.613413114687452 -0.603952254313066 -0.578317652117008 -0.557540941157090 -0.445072478334017 -0.339572178801048 -0.259995300281567 -0.253734662495966 -0.254988154577919 -0.223209558485323 -0.174757001170728 -0.132739158445385 -0.0794564438281313 -0.0664117190076905 -0.0536161646433275 -0.0731640590706200 -0.0694905534713606 -0.0816641741861874 -0.0376051667194821 -0.0509680548948979 0.0159479381792023 0.0641097704444744 0.141854565591286 0.136582621763113 0.204287255247872 0.190378846640671 0.248044449699319 0.264499261097094 0.316352138601793 0.452004297043733 0.520274638049357 0.481680169529679 0.356026509115511 0.380687832003723 0.401541303308147 0.272747827750858 0.197581084820836 0.281915701561184 0.145576381756051 0.128646316616818 0.100501036076742 0.0345785339266251 0.0711389562444829 0.149194322777472 0.222695099569398 0.304638819490698 0.342875279156656 0.361924107325676 0.400411085434759 0.419135405835757
# FDY_4_4:
 -0.410087770729719 -0.455925671930888 -0.474536942775854 -0.533554277656846 -0.547915166278205 -0.563019722162779 -0.549602848609046 -0.519344961571000 -0.487830291656138 -0.378749747297525 -0.289996336095584 -0.213818572335436 -0.216372536106432 -0.217849924760984 -0.183029618291106 -0.131481526891867 -0.0929672485506273 -0.0420991241556260 -0.0286529643419809 -0.0196210248510290 -0.0345017248457096 -0.0443887099483525 -0.0608958812212078 -0.0122266535806602 -0.0368810191802285 0.0125506523511409 0.0468959064812428 0.111022875483393 0.0909165539892755 0.158432741834004 0.140829197314105 0.202866226179574 0.223438181567515 0.272491248540476 0.375875771920910 0.458926934316785 0.403420442146839 0.291234634483946 0.293710834865013 0.291732663871198 0.174110836487650 0.119442708449252 0.205869514354262 0.0706386409048069 0.0650809815275656 0.0713250779629788 0.0241649287257474 0.112456487782345 0.180763524682229 0.288725082468574 0.351008894645208 0.364320028348366 0.346854112396162 0.391358230620599 0.404886351123666
# FDY_5_1:
 0.00910236326106625 0.00910238519909720 0.00910236763397895 0.00910236728326927 0.00910236570596742 0.00910234335548862 0.00910235375391563 0.00910236309264453 0.283553780138918 0.00910235855782490 0.00910233680098946 0.00910236714097687 0.00910236265248196 0.00910236047453614 0.00910237612519113 0.00910236684520990 0.281607170685497 0.00910236239818404 0.00910233872582841 0.00910235770834086 0.00910237394466692 0.209890690882036 0.167726943130928 0.143147431090001 0.114831708639191 0.0605672641191914 0.0155187015651023 -0.0497895965796998 -0.144594069154275 -0.139722657647239 -0.188022915965378 0.00910237585896231 0.00910239194965198 0.00910236355058755 -0.0589467427350188 -0.0277057854050920 -0.0266881210628547 -0.114782073214243 0.00910236161309116 0.00910236072096923 -0.348766475356697 0.00910235175591120 -0.232727956340711 -0.257261196975198 -0.224533102267702 -0.0629207646148789 0.00910235709067495 0.00910234069127222 0.00910234206653301 0.00910234626783099 0.00910234201848611 0.00910234800753626 0.00910235057399708 0.00910235265928902 0.299239911583670
# FDY_5_2:
 -0.137555022601640 -0.201325762507584 0.0408476193617888 -0.230758186554820 0.0408476188058015 0.0408476148253491 0.0408476264491861 0.0408476109888127 0.187882269206685 0.0408476202921726 0.0821878993440004 0.0112371290717750 0.0408476047245525 -0.0482536365440840 -0.0317746642464050 0.0408476026443365 0.0249001858240865 0.0593219466017212 0.0408476224551384 0.0408476401236059 0.0408476040413328 0.0408476003766553 0.0408476213857538 0.0408476127826338 0.0408476144132104 0.0408475886182158 0.0408476095141763 0.0408476024677080 -0.549127855237969 0.0408476089164891 0.0408475958546574 0.0408476016742929 0.0408476166646396 0.0408476200446683 -0.458259642257003 0.0408476257901071 -0.424074359758872 0.0408476098053087 0.0408475876100196 0.0408476315278880 0.0408476153962285 0.0408475903013814 0.0408476469201817 0.0408476115837173 0.0408476349793112 0.0408476136261084 0.0408476143312075 0.0408475905829801 0.0408475830945978 0.0408475958323020 0.0408476154612840 0.0408476199283685 0.0408476231221781 0.0408476047516472 0.0408476075901154
# FDY_5_3:
 -0.0700998144495935 -0.0934643866134511 -0.462992991302415 -0.185724109641196 -0.186450760191638 -0.186223268563016 -0.128495262798062 -0.00963089572503198 0.0748629667850546 0.107126649326447 0.0878174785925067 0.123868141435622 -0.0186098907358470 0.0229549493154137 0.0578479499165829 0.0889257343654788 0.0959514487521153 0.108018754353182 0.193418305990645 0.0799519388936214 0.0523068998499787 0.0400693372044372 0.0523068807733780 0.0523068815902898 0.0523069037882355 0.0523068895163265 0.00249367437279655 -0.0509661063590579 -0.154553880134830 -0.115159742134200 -0.228721936260406 -0.224148329676233 -0.188423670170319 -0.127241875446326 -0.100205428615393 -0.0196076972390178 -0.0680671400396373 -0.159370927477013 -0.160335310150101 -0.223793556618205 -0.355594384173604 -0.281560901118198 -0.182017941809877 -0.265584606459467 -0.201871481457185 -0.0413138816606700 0.0345798558432313 0.178466957296032 0.485544919182118 0.535007994445063 0.549307990838330 0.469137646930661 0.399868120683624 0.316146173129968 0.177328733848851
# FDY_5_4:
 0.00823069170109671 -0.446897681058916 -0.456150191198620 0.00823068171213061 0.00823071232505525 0.00823067462500328 0.00823071160718860 0.00823068377476778 0.00823067565752402 0.00823070392459182 0.00823068695485686 0.00823068067326029 0.00823069132705636 -0.240517432429622 0.00823068685264440 -0.107235021580168 0.00823068630414627 -0.0591901668655435 0.00823070696338592 -0.00326773847223714 -0.0276079511991075 -0.0426742401120660 -0.0693425691996640 -0.0198577936880361 -0.0495502913593205 -0.00768603662454202 0.0315150177854770 0.105292740089689 -0.0563943578424445 0.0424145740230878 -0.0685125415983102 0.0187937221024052 -0.0139740787587462 0.0925570954678731 0.181158664875824 0.273372630781824 0.0514237542722206 -0.00392995473245060 0.152561456373127 0.101044191651044 -0.230366400952565 -0.261487634712820 -0.0924319847527223 -0.212599355473374 -0.150307059985471 -0.100905309972930 -0.235704738471566 -0.214478461942859 0.166241963801277 0.247192064928551 0.314465858752159 0.322382702167926 0.336399148287501 0.340797912555047 0.278225820666362
# FDY_6_1:
 0.0251432411017770 0.0251432692417073 0.0251433070848218 0.0251432840534370 0.0251432433022639 0.0251432787864217 0.131794378666905 0.222857467042742 0.0251432378684505 0.295165922809831 0.0251432621919057 0.199267550715557 0.0251432751889749 0.0251432655269393 0.0251432649582857 0.179829751193190 0.202921773797751 0.0251432711670490 0.0251432514910122 0.180318598045417 0.0251432561219168 0.0251432596875588 0.0251432677652519 0.0251432820161537 -0.168556507344605 -0.237445055891650 -0.306325566068796 -0.357422507607787 -0.404674953217986 -0.346940564823875 -0.377511525162964 0.0251432573396715 0.0251432655679483 0.0251432671823644 0.0251432782820074 -0.231087847998803 -0.320317723732858 0.0251432659087068 0.0251432483960737 -0.455332053144299 -0.494445700471483 -0.465438821951955 -0.419450267925112 -0.428832135920818 -0.220628445341589 0.0251432731659389 0.103279868756001 0.314153900755440 0.499676285822166 0.538363119795721 0.504472962567621 0.405405847097902 0.319404384193828 0.229675655921535 0.304383836026334
# FDY_6_2:
 0.152919934489800 -0.0263317606205393 0.0653034155376902 0.0437207842655423 0.0397788326526541 0.281753342931356 0.337775136720703 0.313581528947635 0.210260436144735 0.238628546716798 0.191121648499844 0.268098211021222 0.156964669578699 0.206530616205215 0.228745320947231 0.160911439534075 0.204201401162556 0.279516259616716 0.258528091256641 0.145111330939356 0.136714969991347 -0.0534467395317492 -0.164882184164788 -0.0282868558969471 -0.287411439352490 -0.396498538220478 -0.408208210251733 -0.316319165914216 -0.420567402478998 -0.396329915962502 -0.418987546544331 -0.528650142741859 -0.549848467127158 -0.410930849496421 -0.295121398342915 -0.366046690634568 -0.480700897323651 -0.491403725165866 -0.436118946863886 -0.434754171148329 -0.480368041429662 -0.513493211464938 -0.363094525700915 -0.286165112568306 -0.00342230695212059 0.170108226329374 0.333053558900639 0.499302212960711 0.621527729593940 0.623936070294728 0.550456856804203 0.446652053767004 0.363108923524709 0.422184695835215 0.606892000729026
# FDY_6_3:
 -0.164917619917569 -0.174553665244744 0.0478223400654574 0.0475129429584624 0.164826773252442 0.278205874130828 0.163043722311710 0.149329133594008 0.119072229478006 0.343273173740575 0.257511371126742 0.110228489377056 -0.0329335515705209 0.155898625120469 0.199057787129465 0.178154684320748 0.231276588964604 0.157320982143368 0.193498795374196 0.107115626329054 0.0808733355683804 -0.00932669990875222 -0.120054392718831 -0.191864708423635 -0.321285235627487 -0.410862446027882 -0.459278823403504 -0.411106438035372 -0.468761145364719 -0.321473863848660 -0.398909953054779 -0.432678321098230 -0.440353928964887 -0.305124493446730 -0.222294404665903 -0.261386626039295 -0.340964500332692 -0.353842135946608 -0.333401112602683 -0.416338964062461 -0.423777963406231 -0.348909684034020 -0.288214904020569 -0.213478937515062 -0.0139095245710845 0.148410281143589 0.350593214741056 0.563625761531602 0.643528017791677 0.651999651297164 0.585907243543706 0.483702389399989 0.428096001626940 0.452983782023462 0.587135225768152
# FDY_6_4:
 0.0674736447513857 0.0359320092087611 -0.112381620380097 0.0216470814912086 0.144897832641052 0.269217325813444 0.240919919920433 0.256513822114128 0.234391643002720 0.220609860825923 0.235884436897141 0.123239574253424 0.136739429800981 0.164700891940455 0.193767055763382 0.226206654361102 0.204773794992940 0.246846974480730 0.182953155649175 0.170969647962274 -0.00134872095848641 0.00665563529429521 -0.108932573523509 -0.347633630035442 -0.603466263050928 -0.468575781159832 -0.458584314496453 -0.496848833293336 -0.472793421338324 -0.426859768463900 -0.499879563478218 -0.426180704842245 -0.350560448881998 -0.267686136947383 -0.122411609705271 -0.304297421486460 -0.403887345351449 -0.371772254773398 -0.322881999379051 -0.362116277068887 -0.397042828115588 -0.396643912829406 -0.280839005724734 -0.219121493821401 -0.0203336916841415 0.141548678605489 0.375436395664660 0.595739308382615 0.657965190522506 0.637184609471004 0.566032979783490 0.471918354863262 0.412213321785153 0.428558065639879 0.572142324906926
# FDY_7_1:
 -0.832857085952602 -0.878375682582928 -0.903301968489165 -0.926052019040134 -0.935659993188001 -0.948547301408825 -0.952021748863911 -0.893952212902316 -0.823874618322079 -0.764243598150551 -0.701468527858850 -0.629997304477439 -0.542949123815557 -0.499147462674363 -0.520015193073792 -0.495722226194354 -0.442970410453026 -0.378288878036928 -0.276793725416075 -0.274283055757268 -0.200258730520646 -0.157845322518498 -0.203717795085875 -0.139421302682372 -0.102113688748575 -0.0645853058426459 0.0259204519910720 0.153179946716616 0.455898329442230 0.496864167326241 1.16386044236086 1.13964221798749 1.17402913117767 1.23659807626616 1.48949487834108 1.39369162502317 1.29381607584011 1.15276862649522 1.08530721834315 0.813298750124866 0.819862692388846 0.549571526620430 1.70494339303454 0.449586384717207 -0.183790907128488 -0.316455216944834 -0.334579293319260 -0.301478216191093 -0.278663460900055 -0.211866953223284 -0.141084500121998 -0.113735011316094 -0.0912734598206789 -0.0725215851248077 -0.0644210480495960
# FDY_7_2:
 -0.732142423658975 -0.780581924793153 -0.804416284232955 -0.840421087653339 -0.857200318646195 -0.875169305300011 -0.866632555777867 -0.827792701711730 -0.771442318933096 -0.719906772452729 -0.614039671633673 -0.524440110125339 -0.463132140255180 -0.461535742474984 -0.463601908067681 -0.404680116750416 -0.357388081126147 -0.300400713596542 -0.261157473191181 -0.230247633310189 -0.207058492773076 -0.198772958022846 -0.231760048704833 -0.172743183204331 -0.144677020707031 -0.0934735066017609 -0.00448499934778295 0.102304780664986 0.269511539222447 0.348197811854057 0.563471477946869 0.600639372911717 0.574714381481327 0.660483514288636 0.924503121267794 1.11154075572303 1.20250038185871 0.863990637598840 0.924902045725676 1.10060114531280 1.07980852504482 0.913411041559196 1.94704401018658 0.383197310740096 0.00253416629400233 -0.120161676517292 -0.143362096314948 -0.196904294092355 -0.211869179776219 -0.0954873575047311 -0.0188073417647959 0.0204900731584585 0.0746306587459813 0.134604421644513 0.192810265792850
# FDY_7_3:
 -1.01190690134040 -1.04366916131065 -1.05438416760441 -1.08926519962440 -1.10940029059233 -1.13059089337152 -1.09962395898831 -1.05453267758918 -1.00263042142965 -0.923261546184100 -0.842430456579680 -0.737232010960893 -0.712378340535682 -0.714365773135607 -0.721430436796295 -0.640820179831583 -0.587117529216915 -0.513594362186229 -0.491585608961690 -0.453568084809551 -0.416963945071669 -0.407528917819241 -0.435110772257361 -0.313632942548109 -0.311491807909600 -0.257518021971597 -0.127771755164317 0.0724766704677370 0.189973587447068 0.708636713047306 0.850257526373489 1.16210762441033 0.830447668257783 1.10928776283012 1.60929301382277 1.73551104193019 2.17513827289364 2.96780643856785 2.48679731028550 2.50905732915380 2.20015784258915 0.903273908567296 1.25989474146247 -0.135980364930479 -0.369122214549265 -0.475373636605392 -0.474205216194868 -0.471024996178035 -0.441689510611616 -0.323092517908379 -0.245976028434712 -0.212333198511088 -0.168053495135472 -0.146627074683577 -0.102833034572644
# FDY_7_4:
 -0.912060009784587 -0.932642638833797 -0.932674225118358 -0.971181331553530 -0.986085430642626 -1.01562238639597 -0.970533050451418 -0.905624139395817 -0.847159156544356 -0.769651947731448 -0.697725453030344 -0.592809359694135 -0.589112934083115 -0.602218621082680 -0.610445051128232 -0.533998817594404 -0.469856384373123 -0.331833477604498 -0.341077210000516 -0.272770902585908 -0.230734601742112 -0.235988309405666 -0.247332613783962 -0.124843994769323 -0.135487155170501 -0.0696586282933089 0.0460936606224710 0.357463981907543 0.427693181295956 1.27884185971924 1.22319671592165 1.51057660741904 1.50010715989986 1.85128408441974 1.34663741453563 1.42295102511529 1.43900225982464 1.53732846721465 1.17102622725609 1.16242928686861 0.988370214828605 0.612438000512457 0.788657861671944 -0.257441980809414 -0.445982961357308 -0.494318007458895 -0.449327970913963 -0.389944591791020 -0.357515530401335 -0.242097998744418 -0.170059182616709 -0.150974002893402 -0.127114500457183 -0.135507442338551 -0.114686008457489
