# Number of parameters = 1827 Objective function value = 8307.49069518747  Maximum gradient component = 46.4592374576636
# lnR0:
 13.4980783161536 11.3403815095904
# selpar:
 -0.885504892906200 -1.85004364864691 -1.98876197194576
 -0.716926859863916 -1.88420343206137 -1.81884429903060
 0.0288380275577893 3.17138458660816 -1.76803548030839
 -0.111095525265430 -1.61560544328129 -1.87952926360877
 -0.985596302111061 -2.26177183542085 -1.68243313361351
 -0.228962869096682 -2.16864309979932 -1.72449622499185
 -0.616759647050301 -2.74240754858914 -1.87513683429947
 -2.04910789204524 -2.36875282646342 -1.56442344348737
 -0.320624699493318 -1.86779561386802 -1.53871626748264
 -1.58631763957438 -2.83535187573017 -0.278107672838247
 -1.54556350016141 -3.99302811714627 -0.788274951624660
 -0.777960805756050 -1.87662088877016 -1.68840364548536
 -0.822693430046250 -1.88322168320867 -1.79205025068696
 -3.60361665571278 -0.768972023710285
 0.0602575293617171 -2.35066699985121 -1.36990559222456
 -3.12802970050138 -4.99914006154298 -0.994330165713536
 -0.715666528530939 -1.86061869493227 -1.81627822001029
 -1.33477021786832 -2.32937798940301 -1.33150188905730
# movest_p1_a1:
 2.72801237635816 -0.509522233877356 1.16031867993032 -3.00475361948306 1.39954809434109
 -3.79089054252780 -0.552059217491280 0.981762629764441 -2.69845300009409 0.595259886890361
 -0.628263657923174 4.74161092303403 1.45367146048520 -4.37074519932908 2.76031330175500
 -3.53667815202092 -0.365230504798381 -1.24701184289949 0.443121714536105 -0.0225923599627631
# movest_p2_a1:
 0.688854824910885 -0.0222021811909636 -0.117855185243007 -0.0558053590313081 -0.0581961455979263
 1.27826944805926 0.110383851104862 -2.89431591627202 -0.104318791829288 2.85429108382881
 -0.603960305895683 0.522630462093211 0.911554937826864 -2.05487463920445 0.420420985747578
 -0.304413184591915 -0.166854855420010 0.173832115458280 -2.40246589969934 2.79489476638008
# movest_p1_a2:
 -2.80527908050603 -1.56773975947460 -0.400467627890365 0.459995581565609 -1.84264987185538
 3.35631701103055 -4.12701743611765 -1.16641693845940 3.40186847647968 2.12598021147450
 1.19047889915146 -4.53480812797023 -0.447240628288161 -1.30083398276762 1.59051798429087
 0.372245697883860 -4.96328048204344 0.424583024534504 -5.81365712944865 -0.000538039284522895
# movest_p2_a2:
 3.78716147783060 -3.61945268118907 -3.39282849001310 -4.41457523391373 -4.26688697187426
 3.75326814557507 -3.54867074935509 1.42582177437179 -4.48833379937775 -3.50795778981866
 2.32041895446451 0.875558556550464 -2.36815579594415 -2.92122282141975 -0.704659186611300
 5.79344456233124 0.578873867990179 -0.212869831646114 1.35982065391517 -1.93975287671670
# movest_p1_a3:
 1.15827497063257 -2.69071709096173 1.26941157401424 -2.64781035808341 1.30494906727594
 -7.19287723586638 -4.08314347731834 -0.961576391418729 -7.58992947678696 -5.57619131785190
 -3.56260063483433 1.34635616618012 2.85409236672518 1.98789501660998 -1.53212252748695
 -0.805260335210413 1.44022707601880 2.06995844974261 7.99660626281389 -3.79340157848718
# movest_p2_a3:
 -5.17860593007224 -3.47640667761059 -2.46470412672684 -4.03010314050070 -3.88301371748482
 -5.70050652701193 -3.67398941582961 -7.95660993627595 -3.55948636788828 -4.34592241520363
 0.295578933662268 0.641755576121488 -0.397691279139530 1.86293587150280 -1.82053372737528
 -1.73247073833174 0.645210853095804 -2.37298268758815 -0.923108184178092 -2.85671854935872
# lnqE:
 -3.51993795834649 -1.89833611139486 -1.29409046700472 -2.33567510321256 -0.299480820239948 -0.671746167430410 -1.45269081921381 0.501292803943931 -3.06641654433383 -1.94867345617226 -2.95183992127964 -2.13501747520319 -2.01131502007506 -0.680882772400773 -1.74064066496305 -2.46992523901015 -2.99768190001057 -1.65280087547642
# Fmod:
 2.55807952450154 0.670846544527192 0.000113233777687492 -1.47879354687267 -0.452580967233862 -1.21399755394285 0.775019916753040 2.78064120398899 -0.0713620259536773 8.63226270604629e-005 0.305756415844064 -2.20354864609949 -1.96540174348115 1.18157258405171 2.67358983440804 -0.841671895503227 -1.86944112728554 -0.348947415849608 -2.60561099557708 -1.80992230830151 1.02205017751496 2.28057923666664 -0.244903150056363 2.24362268492468 -1.10853692236503 -0.0938106134798551 -1.00695246331320 0.823523695729525
# visc:
 1.03588778142024 0.757910834225130 0.871364029660138 1.49177425565563
 0.421419344386140 -0.528502810887432 -0.0422805069613270 -2.98781540574284
# lnRD1:
 -0.530005263520264 -0.638270639728663 -0.200965235927687 -0.329877871497259 -0.347090146470296 -0.402642310078170 -0.500568104040517 -0.428194347400434 -0.362854879441418 -0.332209424972201 -0.00340844470862198 0.306127548651294 0.285226073002959 0.300373038766287 0.608000229548280 0.452892720634395 0.718578959106964 0.614700179447545 0.508628328102720 0.898323837471048 0.167841541103482 0.0970037205040650 0.0339075317564355 0.287201340145534 0.449384324137009 -0.293752588890072 -0.646341877469045 -0.712008238233369
# lnRD2:
 0.0437136561289275 0.810807780849779 0.0318247322031518 0.381535255819968 -0.358196959052690 -0.617697496635059 -0.478856207427005 -0.529202503286044 -0.672488487903823 -0.159234060232152 -0.675994698747215 -0.893641265924145 -0.639761122924632 0.474141963794059 0.117511131438765 -0.884840163511089 0.0290512043543090 0.148351590646546 0.489737724426037 0.432014818253509 0.745827607760024 1.50121134726364 0.444493284005349 0.365072071618080 -0.159163514478529 0.421892959748997 -0.0864688459200642 -0.281641802268697
# lnRD3:
 0.00000000000000
# lnRD4:
 0.00000000000000
# FDY_1_1:
 -0.0462785253505449 -0.0505020971840904 -0.0523862560996187 -0.0461612991368506 -0.0461548985633820 -0.0459413494997807 -0.0481051494818732 -0.129260807028128 -0.159063102483505 -0.204565784632040 -0.219465409887162 -0.374249976467126 -0.423591248076875 -0.271586094766174 -0.0530287432892460 0.169871181465839 0.151093772482824 0.177514402227291 0.202568903187444 0.234615979184408 0.234035425626887 0.249564515554553 0.190577694341714 0.141965661735397 0.120265100148761 0.246586833423847 0.301117317720868 0.229184960390396 0.122265515036376 0.217977816090073 0.277335590500599 0.389001659222223 0.474176442176316 0.453413204487767 0.485718897680119 0.129929048568190 -0.0721576615444089 -0.0712394789343463 -0.0759636814216065 0.115139487853029 0.302672446617708 0.234054280071772 0.240574699497658 0.226723274012491 0.228979590297996 0.0918361307452975 0.00100571975159931 -0.0646179095546109 -0.109409835501203 -0.234638118891442 -0.347948276493012 -0.750838289622861 -0.998138316851611 -0.910090399685809 -0.834382839652134
# FDY_1_2:
 -0.0505105772848777 0.00528836403642436 -0.0504464659873242 -0.0836977803206231 -0.0989401388377277 -0.102130487201260 -0.0504039300827843 -0.0975364282105592 -0.117066458056978 -0.157591160174672 -0.151185773269046 -0.295810412892374 -0.331909870887464 -0.150249562564241 0.0374250408211339 0.151264513483563 0.206220575969741 0.165609112189237 0.190968969205414 0.222555775695888 0.237544732703253 0.248834233238872 0.194231945354009 0.153642890393392 0.125545041584266 0.227499984756987 0.299137688912594 0.224089542055271 0.117387652420484 0.208522977018469 0.276099999291988 0.385283628297796 0.434079744708078 0.405820366906697 0.459961136595931 0.109558018360358 -0.0895796129143588 -0.0731371565786371 -0.0708687570909720 0.122254799817959 0.289404767251511 0.225196293038402 0.219483667777785 0.218632148168418 0.219042487945642 0.0733946254978336 -0.0232579202775839 -0.0923624780168523 -0.144572119669871 -0.275196918680553 -0.386221581941206 -0.777072584931305 -1.01914169099318 -0.917583513446589 -0.847507343186358
# FDY_1_3:
 -0.0485769460376146 -0.0484082623248913 -0.0484250783028374 -0.0478983463318640 -0.0485829662686030 -0.0486730448685537 -0.0484687493866302 -0.0487034515922224 -0.0932651805605337 -0.131441245883104 -0.0505151874818765 -0.198497947189726 -0.254790083788145 -0.0876316971569086 0.104892478256410 0.188016382511659 0.266695079044758 0.210111475228451 0.236901182700903 0.270942354414892 0.286903833994266 0.348257562896806 0.282424289958437 0.196842706036932 0.170244124391850 0.268596234224504 -0.0487239913485955 -0.0489145097738252 0.164246709400743 0.253886219300005 0.331738972041980 -0.0489615179433653 0.468995898600340 -0.0488136509767476 -0.0487441957030676 0.178895351768298 -0.0431223951054051 -0.0187007762102777 -0.0214851253484984 0.163133521180137 0.335576992427851 0.261719529967770 0.250011435079797 0.254462545735579 0.258283652431647 -0.0486158046036391 0.00536072341022692 -0.0483547707022684 -0.117855947737441 -0.247299385316014 -0.355077863596746 -0.739260091395760 -0.980309833255920 -0.879139535114838 -0.809881673698325
# FDY_1_4:
 -0.0417249838850371 -0.0413974450172738 -0.0418042252430644 -0.0412701993713107 -0.0415513823209867 -0.0413082646965421 -0.0414274479356076 -0.0413757138880728 -0.100891848195456 -0.115951776007275 -0.0414392602874411 -0.257854903506680 -0.109405771346451 0.0355977492702990 0.158806135970510 0.247577152182857 0.411861892018229 0.305191855169776 0.324776358098670 0.298343666683723 0.270125522600913 0.320639083295083 0.255023516100219 0.168201488341696 0.204122814217728 0.307606820199274 0.238864423608630 0.248288384202340 0.265387017090693 0.344582502483120 -0.0412808441563508 0.324414534709027 0.260566649295296 0.339724150462866 0.343091978599156 0.00842735649195859 0.0266527894584365 0.0769971751628151 0.131962154221068 0.218268755923609 0.109540632808583 0.124536378895164 0.0426246526242593 0.00848393438849439 -0.0735471530123448 -0.202063224827804 -0.269992447315196 -0.300047092493499 -0.415832451620455 -0.460045010037580 -0.703734339787929 -0.857681345457528 -0.786481740503214 -0.687374700662720 -0.664803952998676
# FDY_2_1:
 0.488555390597618 0.384428785536331 0.409738848944750 0.388628024788347 0.355681581780763 0.334118759111325 0.311396378761947 0.339111709697896 0.343306947029612 0.391457304456956 0.345073777817642 0.324707970787303 0.361694427280554 0.370621420264579 0.375914435103864 0.388266255165630 0.457121261662737 0.304582970907571 0.238794460210634 0.201482387513572 0.187659914290615 0.112711861608449 0.0834415325977041 0.0654089863011283 -0.00145953596196792 -0.112691207960227 -0.103723096042614 -0.148777404166872 -0.261767136120232 -0.277903159531860 -0.336303561073693 -0.324850724268397 -0.347209245718751 -0.315503958542730 -0.274543835457084 -0.276577903299464 -0.308306468462964 -0.287830977837741 -0.332253818451420 -0.436380955517575 -0.488499064638443 -0.466728216473301 -0.405302616274232 -0.345176574941810 -0.305761777193538 -0.330329787030594 -0.275718420178459 -0.189574017609854 -0.0406567765303542 -0.0352111946282207 -0.0342041375870538 -0.0415162728606237 -0.0473814559383322 -0.0840646149246177 -0.327697476994501
# FDY_2_2:
 0.346564405395737 0.282572661886808 0.289581301643422 0.254255309110528 0.198871008925186 0.168697346367811 0.216493545038796 0.299865735237314 0.392157186930072 0.0657626324556838 0.394436508771131 0.350781904200979 0.393351516379688 0.396357865409095 0.388723759111788 0.364896006143511 0.395089102000642 0.293471373036000 0.264579846226652 0.229052955688012 0.199264936866787 0.104481317556657 0.0613279734599602 0.0342857398155011 -0.00509654846613372 -0.179074246734566 -0.160031640648033 -0.214351194950741 -0.323630747082241 -0.305964580666750 -0.385112182216350 -0.338653581931536 -0.275124198403165 -0.266921033184191 -0.231764399948000 -0.196849105739812 -0.233219649306663 -0.319021725546653 -0.412380535335768 -0.482878578459509 -0.542890373155885 -0.474290262156017 -0.412049573899658 -0.503286302121690 -0.434319191346419 -0.337971404766145 -0.227805479976351 -0.0451338640162245 0.159056509382192 0.195410000137778 0.213389337110711 0.170448572168152 0.140539007447489 0.0575192980515481 -0.0134642618971340
# FDY_2_3:
 0.260171270253792 0.153760882511278 0.207029431829909 0.137255429379279 0.0977750283507258 0.0867363628370868 0.196179950270684 0.316143726505646 0.418514084511528 0.174963858190065 0.304222709714949 0.254095427287444 0.273580275181344 0.283278094127685 0.291515533311207 0.322405159205438 0.341838248430706 0.308619065534228 0.288115383482330 0.255845952359013 0.202616994593914 0.117734321983502 0.0708715600552977 0.0884158446566677 0.0441107428434418 -0.0533873278288021 -0.179207247558403 -0.212353450761900 -0.326252028790600 -0.277904718852847 -0.305514925509428 -0.267158923860824 -0.218290792405107 -0.220938093756116 -0.180228069980554 -0.150826681802046 -0.172111992822901 -0.286485888537635 -0.385742841079284 -0.512019142263194 -0.449898721139847 -0.386093447463616 -0.519023005439083 -0.532468717848202 -0.438800800934528 -0.316295750141779 -0.111812046134044 0.118421871937110 0.175303303129066 0.240557844613658 0.240886203335445 0.171914252810162 0.0920716429878628 -0.00583902528802573 -0.0262968160217011
# FDY_2_4:
 0.531775894584157 0.504337346779510 0.494953530154586 0.426324644594905 0.392397419468045 0.395286584060856 0.510331486065592 0.605949278548281 0.641196107782023 0.442355823981139 0.481922391461785 0.407364705912554 0.428533977117520 0.418110819842608 0.386855344182775 0.342614149374450 0.352284887783980 0.245344144331445 0.227349914955597 0.192212792621911 0.165964276934434 0.0125678485458141 0.0140189830273594 0.0307291145962794 -0.00554927859506523 -0.115546450025014 -0.188426228053351 -0.335482808440534 -0.429273051220114 -0.449674597119275 -0.421897244890425 -0.357308341758575 -0.357449597511193 -0.371311597850219 -0.332684892665369 -0.320473119980733 -0.312699418002664 -0.405763952479045 -0.544478510298630 -0.589538188862311 -0.529306704301162 -0.433379830787765 -0.378100542104098 -0.413254175776060 -0.472314519617546 -0.407341311125982 -0.188608070110883 0.0179628795846079 0.0677538929996200 0.0792847359972602 0.0579386899042336 -0.00446462741522931 -0.0928493846763094 -0.207306042717468 -0.209239178808309
# FDY_3_1:
 0.00000000000000 0.00000000000000 0.00000000000000 0.00000000000000 0.00000000000000 0.00000000000000 0.00000000000000 0.00000000000000 0.00000000000000 0.00000000000000 0.00000000000000 0.00000000000000 0.00000000000000 0.00000000000000 0.00000000000000 0.00000000000000 0.00000000000000 0.00000000000000 0.00000000000000 0.00000000000000 0.00000000000000 0.00000000000000 0.00000000000000 0.00000000000000 0.00000000000000 0.00000000000000 0.00000000000000 0.00000000000000 0.00000000000000 0.00000000000000 0.00000000000000 0.00000000000000 0.00000000000000 0.00000000000000 0.00000000000000 0.00000000000000 0.00000000000000 0.00000000000000 0.00000000000000 0.00000000000000 0.00000000000000 0.00000000000000 0.00000000000000 0.00000000000000 0.00000000000000 0.00000000000000 0.00000000000000 0.00000000000000 0.00000000000000 0.00000000000000 0.00000000000000 0.00000000000000 0.00000000000000 0.00000000000000 0.00000000000000
# FDY_3_2:
 0.00000000000000 0.00000000000000 0.00000000000000 0.00000000000000 0.00000000000000 0.00000000000000 0.00000000000000 0.00000000000000 0.00000000000000 0.00000000000000 0.00000000000000 0.00000000000000 0.00000000000000 0.00000000000000 0.00000000000000 0.00000000000000 0.00000000000000 0.00000000000000 0.00000000000000 0.00000000000000 0.00000000000000 0.00000000000000 0.00000000000000 0.00000000000000 0.00000000000000 0.00000000000000 0.00000000000000 0.00000000000000 0.00000000000000 0.00000000000000 0.00000000000000 0.00000000000000 0.00000000000000 0.00000000000000 0.00000000000000 0.00000000000000 0.00000000000000 0.00000000000000 0.00000000000000 0.00000000000000 0.00000000000000 0.00000000000000 0.00000000000000 0.00000000000000 0.00000000000000 0.00000000000000 0.00000000000000 0.00000000000000 0.00000000000000 0.00000000000000 0.00000000000000 0.00000000000000 0.00000000000000 0.00000000000000 0.00000000000000
# FDY_3_3:
 -0.161577781410007 -0.242832312707257 -0.288064834757383 -0.350155218904390 -0.386434391651188 -0.419125640098159 -0.430742834006446 -0.475770600157954 -0.513240623037334 -0.555007573181933 -0.507041846997331 -0.534981918402208 -0.521520421438821 -0.432491800088501 -0.347258014027226 -0.327943452580298 -0.262365007073823 -0.209430324098716 -0.149992750864824 -0.109498171795561 -0.0785442163620873 -0.0418453558141029 -0.0195096071284277 -0.000853974991146651 0.00725701147062457 0.111186184882005 0.183325699317027 0.240199102633666 0.272278802227808 0.350454912206122 0.344918687556555 0.408400261425495 0.432749511604346 0.447746640634155 0.513860549622938 0.494057107607944 0.444956664664979 0.373849092770298 0.380730972801054 0.355455297656362 0.266459440542876 0.245872207965205 0.350082095969937 0.344676787429299 0.345670522178895 0.318172016887074 0.318299545144044 0.187225142497617 0.189333884021186 0.133758504051691 0.0359652083996159 -0.0798934392423316 -0.173265494368801 -0.198220211943783 -0.279334037038779
# FDY_3_4:
 -0.140742912092639 -0.227851116646964 -0.285798139986355 -0.330969243638072 -0.362628212270701 -0.373439869996181 -0.392149055902475 -0.418680195109457 -0.441382002824569 -0.444256464077929 -0.485649909629432 -0.472933151192764 -0.455848890198590 -0.414407694031714 -0.327796250676992 -0.298613025725579 -0.213810760970399 -0.215952133549943 -0.192110051895167 -0.187415729988907 -0.175250929965856 -0.147953807673877 -0.120563870065838 -0.0669389312016957 -0.00793145438569098 0.0147209704128564 0.133403700029116 0.134955151990447 0.286424727578461 0.228302810337403 0.417170888374068 0.382342219992895 0.470992233367466 0.452226493202666 0.481455252675352 0.481611906875796 0.411718938456940 -0.0420527726998543 -0.0436807331048161 0.355444927705659 0.338684596131245 0.426270917656302 0.435754930622783 0.622980381363623 0.518575025577811 0.565828510541377 0.313642140972036 0.310963556678028 0.254485555194173 0.224253682527041 0.0289160411984932 -0.184304294774601 -0.239064247830856 -0.262558066789471 -0.318391640564652
# FDY_4_1:
 -0.314510030202708 -0.378810587840808 -0.408683799730120 -0.452567854021781 -0.478216440964471 -0.487690156647566 -0.467127592425036 -0.429671945130900 -0.385695154638385 -0.340562016896583 -0.272917569017907 -0.197593612193558 -0.156614414418956 -0.126989944931406 -0.0961888891776599 -0.0494391270843673 -0.00935626126908833 0.0269073605007748 0.0350016294794965 0.0402506818765069 0.00972929544117935 0.0101689522676207 0.00619644134212489 0.00472901541601463 0.000667429625909222 0.0183947990165391 0.0466605839357197 0.0721976707702956 0.0808716316853337 0.112519825451418 0.111667984011197 0.147350493992717 0.148810265536011 0.212201145921886 0.271431136901840 0.323214700153803 0.326376562539709 0.244236067339951 0.176322351071829 0.147638156836343 0.113859440275765 0.0559672415769425 0.0533814368961531 0.0654914852585844 0.0727148515966498 0.111536744443618 0.154941914923060 0.141404729797861 0.130330336948066 0.223986356461823 0.267054888266452 0.275697212847750 0.261713262884086 0.266446841569589 0.284564471730682
# FDY_4_2:
 -0.436102927620236 -0.497766765472022 -0.525544103718278 -0.584252183269604 -0.587280013307183 -0.591136003520283 -0.590757473089241 -0.578399091913672 -0.568279596165931 -0.522390753798507 -0.427455503427054 -0.315492394589052 -0.241491375977871 -0.219006630534059 -0.209706320661928 -0.132080810779542 -0.0909372560741473 -0.0383646973941468 -0.0605884075569929 -0.0769681943710048 -0.0600090645152538 -0.0441562879580631 -0.0455501980735298 -0.110226079949938 -0.0799781674358988 -0.0278689292745773 0.0282576464708037 0.123875194149400 0.189796079958210 0.238671574735358 0.256647896141977 0.259318026373875 0.295028972971014 0.356364287160392 0.465695093936875 0.496057981611087 0.530357816719642 0.429907265244505 0.343082308414648 0.356821415406203 0.355303837592408 0.223050661084658 0.184769456783702 0.235741519885780 0.251904869084454 0.217742296081930 0.216003122165106 0.109821146991579 0.0333149510440724 0.134360802930358 0.180351545583925 0.217795949765779 0.239029832684783 0.303233639128989 0.389484040346502
# FDY_4_3:
 -0.502829734817771 -0.550422910612591 -0.573425985202026 -0.627388449689848 -0.644861414212934 -0.665149313110135 -0.657994335098509 -0.632613557415879 -0.606639363327874 -0.489398448983987 -0.374784804907604 -0.283126471243924 -0.262182303556247 -0.241737904800546 -0.205138270126408 -0.162129218902806 -0.113020232356339 -0.0495731056834880 -0.0356804800971699 -0.0319486951441294 -0.0464275424880235 -0.0360294770279369 -0.0534392820570414 -0.0154205075908595 -0.0313038857605565 0.0394404763622334 0.100542738938119 0.189547840233865 0.193210666573791 0.277848217387947 0.246492841014341 0.293416246308496 0.328895666695532 0.394194877510879 0.542256558140037 0.618171111551611 0.573425122393644 0.452845984173872 0.472398765324563 0.475504364815194 0.345324777482491 0.276636814801625 0.342896899002412 0.170749797515628 0.143000705161770 0.108406964631991 -0.00535494658760319 -0.0641852779767322 0.0290172903995399 0.128260836370450 0.196169543784713 0.216409834771095 0.245832224548609 0.281528799397543 0.279779953486975
# FDY_4_4:
 -0.457635450722986 -0.504533037308806 -0.524906063882196 -0.583398448835912 -0.598461780608766 -0.615256771166515 -0.605478001986136 -0.575544653237055 -0.541382900740479 -0.426604794951283 -0.322918615755672 -0.239201778837432 -0.224499320052037 -0.205930304471920 -0.166367795610328 -0.120485193536048 -0.0742165240784928 -0.0129921833408812 -0.00176360395413727 0.000417831050161300 -0.0105520652383010 -0.0141901912234136 -0.0349531860840834 0.0100177282674526 -0.0149335268077366 0.0415653366323628 0.0884675431665403 0.162626047773420 0.151341358829300 0.235703291769365 0.205258404237016 0.259874251932790 0.294822355854597 0.357341566878615 0.471651365888473 0.559908439423812 0.495348295924415 0.389279079026326 0.391079293004395 0.377689954500470 0.261296999025296 0.204306154312751 0.270175638636876 0.0991813910199686 0.0807225469232563 0.0758178116904041 -0.0142927035182709 -0.0415407840717727 0.0576018861041586 0.157848444114863 0.223595313799581 0.228909761396781 0.244337428488828 0.272692840482182 0.263161319866206
# FDY_5_1:
 0.00841161096342676 0.00814300246254492 0.00813260417083901 0.00872425814146956 0.00877526107180200 0.00815878277508338 0.00881237123076824 0.00818820814745854 0.310744928177512 0.00818254191990205 0.00825627600380459 0.00885706921036141 0.00805491711343505 0.00806431419691796 0.00667180662441920 0.00837600111628108 0.313680043179726 0.00838544426215078 0.00796854982445224 0.00835238465140316 0.00889392874940994 0.209863452372547 0.165639100720090 0.153774642835066 0.138204274203420 0.0976051391431941 0.0599176764517089 -0.0348704985304970 -0.147702852448146 -0.138515451463330 -0.180304902352005 0.00815716833377563 0.00824192914676710 0.00843659681114735 -0.0406413858000926 -0.0155577544155556 -0.0203998249870358 -0.100799779040660 0.00850887593638790 0.00811875288755600 -0.343593604478351 0.00834512321443322 -0.220438536464297 -0.282189240038565 -0.272484215754671 -0.138584987554805 0.00752340165213069 0.00828824759140863 0.00833138630113657 0.00819647423503474 0.00825990147033691 0.00813161421951366 0.00831933900291800 0.00824558765081081 0.214140045155460
# FDY_5_2:
 -0.174155688972895 -0.239225588870974 0.0398673283682230 -0.283917689553692 0.0399074729221752 0.0404070206546812 0.0402073349466315 0.0399799465438906 0.160999794264205 0.0400856540139816 0.127838423276872 0.0496399117436162 0.0401913079014995 -0.0246950177790510 -0.0109219138345042 0.0402414422562428 0.0251392117324208 0.0564430931716867 0.0402629820312331 0.0403287902105390 0.0399141622004931 0.0400847455756402 0.0402962643543590 0.0396026990640786 0.0399299458137974 0.0407593633150892 0.0397054547041110 0.0400437865713044 -0.541711706962545 0.0403507733003319 0.0400924556109330 0.0401610650353131 0.0406217225381016 0.0401581740075084 -0.427273361800698 0.0398246292521658 -0.403000143790564 0.0399141312635512 0.0400602661421199 0.0398847134948031 0.0396574552436327 0.0408000247793408 0.0400446341523373 0.0401414710030559 0.0403364812700083 0.0399762324431446 0.0402253509720754 0.0399046963295358 0.0403645512014062 0.0401881236140987 0.0399173697969438 0.0402331258729283 0.0400060875694064 0.0402663087329596 0.0398951323024508
# FDY_5_3:
 -0.0912716633785086 -0.121496183766542 -0.450951691305242 -0.219037540082580 -0.228615276861536 -0.224856451189950 -0.175666279087695 -0.0746824961898450 0.0119312366150267 0.0922931748367873 0.131028940321524 0.175280426389010 0.0220686077163429 0.0675819390400275 0.0919375131395677 0.111054202271599 0.125133992278573 0.137102420912982 0.200845481856455 0.0897941712484077 0.0469455638909152 0.0567659757303332 0.0472127537073942 0.0480710755890959 0.0472791844840941 0.0472138896874846 0.0743750898734089 0.00997339211031342 -0.106958606646531 -0.0598903921237720 -0.197047775536738 -0.184944261510276 -0.128332533365603 -0.0652115799215284 -0.0294257989282853 0.0464228585686895 -0.0209340546474569 -0.0996623228229067 -0.107232359711057 -0.167441604160517 -0.306148447437262 -0.248473046454353 -0.155936585155095 -0.260644091785323 -0.210323005804283 -0.0691832384094983 -0.0602466732922854 0.0600358430649991 0.388157891565510 0.441478879259682 0.467297641056892 0.362565580221725 0.308101205722511 0.252085297026133 0.104579731389187
# FDY_5_4:
 0.00180462579786694 -0.497555735209717 -0.507508726044756 0.00156361132906662 0.00181164601997813 0.00175660291385887 0.00214649679436379 0.00145727386504573 0.00138360851086199 0.00135285251606837 0.00176579733656828 0.00165990007698030 0.00185015298436769 -0.210053451321039 0.00184296280346812 -0.120232854125853 0.00157826630388607 -0.0390401709618711 0.00213667792948440 -0.0232015182746420 -0.0194547124056744 -0.0273467069695695 -0.0828739754048662 -0.0467502323734966 -0.0638345708205106 0.00845464681095026 0.0975368837986139 0.173926681187621 0.0123864373686279 0.117943558202245 -0.0590867280356554 0.0257881545253442 0.0399631292510378 0.158194089349062 0.259909291492439 0.369696893320773 0.101434885301481 0.0709806416585563 0.202712274211233 0.152712629781177 -0.163308804038541 -0.237134759553616 -0.0897752325005435 -0.188031708110960 -0.107975534044826 -0.0745149821596385 -0.329433482913660 -0.331226917186728 0.0858221221128945 0.164033408062769 0.242887862519798 0.214105027911231 0.266229280413087 0.282733176909210 0.146779253086148
# FDY_6_1:
 0.0218339000413201 0.0219979780543684 0.0216806890319349 0.0220985215145810 0.0223189844836526 0.0217688917386840 0.153023142803216 0.236817246282844 0.0224042592825672 0.302348491810666 0.0219668232699956 0.242506316339678 0.0222577557691763 0.0217302665055645 0.0224696749484842 0.222202131678884 0.252436026107992 0.0218338263933284 0.0221043255212385 0.197036801335308 0.0220293327993714 0.0218867807886993 0.0220165169120733 0.0218745272132108 -0.133943296012423 -0.205718410983384 -0.286228226255089 -0.333010801846104 -0.356587545960278 -0.291108516040630 -0.319486334002642 0.0221423049763216 0.0221080275748186 0.0218572328645119 0.0224159165521187 -0.182437420773480 -0.278379720534691 0.0221584760873132 0.0219643178837274 -0.397826711316001 -0.426311363889467 -0.433075119785662 -0.428042657070972 -0.442300108068989 -0.216290079069518 0.0221866225550741 0.0804659981371016 0.255572373819054 0.411693776246014 0.444699719397842 0.386730381077613 0.288317221193349 0.235766598077292 0.191580134587050 0.300443999953291
# FDY_6_2:
 0.132065231866807 -0.0132881379471462 0.0725198905020045 0.0792931726051479 0.104056156698000 0.330121975025592 0.378583866014680 0.360166298588392 0.255254199352105 0.280243483062675 0.247498633724205 0.308427610898636 0.223558874453389 0.246217847528398 0.259021168830143 0.218345841945285 0.260523485159067 0.299308830589740 0.250925759125196 0.161293219745183 0.144699115155819 -0.0190392396744902 -0.128320667148126 -0.0417036459296910 -0.294786691459454 -0.397505067273728 -0.431095715495519 -0.346503893825161 -0.391881899600804 -0.362977986475281 -0.396259549562845 -0.457903956725581 -0.474153988555744 -0.360171071997699 -0.280444289651220 -0.331578886110888 -0.436928019336112 -0.445179337662107 -0.392983442356425 -0.418214136326873 -0.477960836542421 -0.522608703168274 -0.456186591730644 -0.356169813108324 -0.0237387844473494 0.127019081487531 0.267474967779833 0.393642680746591 0.491022942849631 0.470048078803032 0.371286594160602 0.298831096323384 0.268945713549750 0.364899247255962 0.592289288285126
# FDY_6_3:
 -0.158505200691061 -0.163004959915489 0.100460848179723 0.126662711060918 0.199825075442972 0.274063673347329 0.166552786686856 0.171252719819075 0.164981214575876 0.373132499208032 0.302873624551375 0.173730291022209 0.0390550266268059 0.218890745982785 0.246978470351662 0.239325645473538 0.276776267169915 0.182771912168657 0.205684114609932 0.130078344060413 0.0954654961708501 0.00461007519342612 -0.136941029980394 -0.179095510750424 -0.302905399999902 -0.389520349764785 -0.434564126293583 -0.381661291732529 -0.427936882891381 -0.305650534201217 -0.366737271849556 -0.367503188223068 -0.375404048425930 -0.270952566683318 -0.197359360508709 -0.231511015864390 -0.301669350616374 -0.315952462015278 -0.308068552853063 -0.393245506808388 -0.417512523253019 -0.368822187153463 -0.349139166859739 -0.274756854436023 -0.0705529327759385 0.0625618060062356 0.241908003301421 0.432936034184107 0.509314756197510 0.501352044712485 0.430525279032477 0.358816501276906 0.340082349726079 0.383573836501058 0.534730121906392
# FDY_6_4:
 0.0647187858914902 0.0504599392319390 -0.0917252817348841 0.102386869809533 0.183407813999626 0.266872910389120 0.243038250773167 0.282026295439654 0.300857622103681 0.275197107804913 0.293250969745660 0.195272984941444 0.212221234016994 0.223919170678548 0.241482244103084 0.266046237401098 0.237881786320009 0.262452878465146 0.196396100267720 0.185197213969846 0.0150175302078127 0.000955898515217674 -0.127614775574770 -0.325130650115865 -0.573413513066122 -0.439800503356506 -0.431554519223127 -0.447845415051981 -0.425393198123317 -0.384657544068594 -0.449030002670097 -0.361490415734513 -0.300368342971687 -0.233210499705839 -0.133609393437170 -0.267030953202296 -0.353405700832590 -0.331144291245282 -0.300647228897465 -0.350168202237841 -0.391269686603026 -0.407920754270025 -0.340324978905354 -0.280658602791567 -0.0754091487921652 0.0554488135783272 0.261736595381610 0.453888540179728 0.513456592075792 0.485689301388673 0.403330053767854 0.346292659023354 0.322017917585458 0.357994396050632 0.523908889504954
# FDY_7_1:
 -0.861266272845958 -0.908839571065495 -0.931801893280075 -0.953640437900436 -0.964015963551189 -0.978103336705534 -0.979778098611696 -0.912017410003749 -0.825064429202273 -0.746009826799173 -0.679466718953482 -0.612049158565259 -0.521087257365043 -0.468145521141071 -0.476178203986249 -0.449308363716277 -0.401664858481846 -0.336324488548916 -0.212086212266650 -0.208643210222241 -0.133547149889095 -0.0936061588300459 -0.146526846480940 -0.0854374074920652 -0.0486816379683819 -0.0201921655796791 0.0640245318980672 0.191258225856828 0.502442946386025 0.540298705146507 1.29145942393701 1.22999726440070 1.24564699705045 1.33552155869106 1.61899097882978 1.44298662226500 1.31078414518783 1.16068905235828 1.08738369253623 0.804805252665770 0.790051476202232 0.567204530016027 1.56251273721328 0.305412861824341 -0.251890296833392 -0.400377750423795 -0.420665588682686 -0.377030941427999 -0.332128350201871 -0.276635913743234 -0.218235311513514 -0.204178499588004 -0.203747533726076 -0.206554849245566 -0.206543367626456
# FDY_7_2:
 -0.773455250316688 -0.828490283604420 -0.850570732723187 -0.887173713291247 -0.904173117553794 -0.923960579097335 -0.919073455094368 -0.878310377407755 -0.826328175505510 -0.761202317011523 -0.665739668960241 -0.570026354587979 -0.495040748208477 -0.475002190813572 -0.457252730214021 -0.408266373257715 -0.366179946806093 -0.295159417097852 -0.239522564198246 -0.214444642779282 -0.195500667182058 -0.182651572704242 -0.213442605353586 -0.166515884640853 -0.150177495518099 -0.106227042204830 -0.00423193601823619 0.108309855115796 0.277636356107936 0.389876727350552 0.646450860620953 0.654068544687523 0.597732754196473 0.718485054928286 1.02067667898101 1.21131881823534 1.32909582517259 0.964418762436892 1.06334851286112 1.18260212889810 1.18723011878957 1.14552556233048 2.18461948541351 0.340080530003230 -0.0240559772847809 -0.158592185555946 -0.186148040889357 -0.258851701829937 -0.282150657984841 -0.178717227694642 -0.109860757077307 -0.0778787772032388 -0.0461430240935430 0.00214666756658570 0.0568949480688525
# FDY_7_3:
 -1.01566389931413 -1.04884823930279 -1.05847670298139 -1.09325923135748 -1.11487417676813 -1.13517186462586 -1.09634339671572 -1.03545558511520 -0.963953455077031 -0.879858853774450 -0.810568279943526 -0.703700109091332 -0.673501623139061 -0.655225779943320 -0.652900116120656 -0.578979271826929 -0.527232395107725 -0.436846573453134 -0.405054740376195 -0.373809425453512 -0.342734677368002 -0.333874030187802 -0.366595022707461 -0.241291317074840 -0.249491061596437 -0.204405450802205 -0.0863511489228173 0.113667037577671 0.224805113687887 0.815445844571235 0.966640522110571 1.29199619907163 0.888519607777962 1.25072469784572 1.77199922936205 1.77874008406154 2.24560959902095 3.17372007761977 2.53167771823817 1.97872019488747 1.80497679822455 0.859979152754851 0.885344548120073 -0.201950119382531 -0.448289315884575 -0.551985228171724 -0.521311431245179 -0.505001398407368 -0.480605991596863 -0.374280580053269 -0.313178791769985 -0.298983309410627 -0.285984124983030 -0.278146972710217 -0.238382733169610
# FDY_7_4:
 -0.900359368585283 -0.921736581234699 -0.920881104631660 -0.959630842907629 -0.975572250940578 -1.00187597657812 -0.947993316576257 -0.866708655337523 -0.787863520230055 -0.701111783638519 -0.637884112877463 -0.532849349709239 -0.525862697217203 -0.525903655264338 -0.524408770410864 -0.454394396104550 -0.394704613154707 -0.239065992956977 -0.239637090953397 -0.174485967459505 -0.141604970789398 -0.150640927661708 -0.167454583634142 -0.0379062210321071 -0.0604052634171411 -0.00545852288357315 0.0972836803447633 0.402258320465995 0.456584960786625 1.30412716500501 1.24646788244655 1.48763850994456 1.45411948302861 1.79627173290807 1.32136820330239 1.35779927527456 1.34229961243811 1.38998326292786 1.10667976028205 1.07041318167778 0.922565857322921 0.571450773401944 0.553131604808963 -0.311307753672092 -0.509308516755379 -0.554324119022461 -0.486084571268989 -0.413295423684528 -0.382650228567848 -0.281784891780054 -0.226274436771267 -0.225804592102718 -0.231771816604221 -0.244999289858522 -0.216437090092055
