# Number of parameters = 1827 Objective function value = 9001.19904788229  Maximum gradient component = 0.000529721984284380
# lnR0:
 13.6928618109337 11.2544762086232
# selpar:
 0.250499493902453 -0.717919777979868 -2.81516963852312
 0.612786736211897 -0.691300426136019 -2.67031450106287
 -0.463208961250036 -1.42985380126535 -1.43232404254948
 0.539409383078509 -0.988896137547917 -2.07958515310185
 -1.34531217499221 -2.39587111783963 -0.322010599534882
 -0.798350835625920 -2.30417628415237 1.87727476717565
 -0.132758155515995 -2.03623856919853 -2.17396773182471
 0.300519234821120 -0.231215810489736 -2.23278921144319
 0.255931341544736 -1.14468349168724 -1.17569336237770
 0.320295501030866 -2.17648150363793 -1.29781412185691
 -1.54859768294525 -2.49782267905159 -0.225183504502994
 0.731436666216395 -0.642500534698627 -2.49801902399929
 0.621437115382191 -0.0491022478157612 -2.74608138579166
 -3.32575708464023 -0.830583434254770
 -0.0782509891961967 -2.36003560149280 -0.0749274633760386
 -1.32136933916442 -2.63056651401889 -0.969654793230145
 0.622968523912448 -0.687327866031274 -2.68463826624545
 0.676358593171406 -0.855080619727353 -2.07854985102842
# movest_p1_a1:
 6.52712353599638 -0.147714229111579 2.63093071102820 -2.24600236606415 1.48974700045412
 -2.93767437548592 -0.327033809948948 4.22736880062241 4.32098499758830 6.78135873572455
 -2.50748544173280 2.58473151987673 -4.60973697367682 -6.81887945958340 3.22284251116898
 -4.03172148383402 0.344317357342554 -2.29450667368420 0.262749689127080 -1.30290673760334
# movest_p2_a1:
 0.906018188843355 0.0149979130559981 -0.0921019045159417 -0.0413803253930061 -0.0451496628250228
 1.94742854115157 -0.00584989959468807 -2.39155451763833 -0.0370589106099048 0.0498905543913288
 0.106509273242381 0.0843122628821558 1.07126948154681 -1.71842099939577 0.977197971189153
 1.31178359622036 -0.327210301092258 1.50046844204884 -2.19658850871230 0.159436523453872
# movest_p1_a2:
 -5.36288229420505 -5.87999329815782 -1.37541081069550 -0.787473368394632 -2.77542555575280
 -1.70783960535740 -6.69202930294219 -5.13660968524595 -4.82883920011485 -5.15919695868901
 3.73226461671659 -3.46174723549252 4.86886145142525 1.48655123987484 2.96660538988307
 0.462643677688209 -3.52426894723571 1.55997105500040 -5.43733984174764 -0.0687635300539142
# movest_p2_a2:
 3.61669397941435 -3.49146043123442 -3.60935154919342 -4.41693619444528 -4.29443682758895
 4.65296616297386 -3.59964571374810 2.23642447034888 -4.22097211936754 -4.14138144221532
 2.70251831327733 -2.14987786627269 -1.71639611107663 -2.96880849804631 -0.813446730102855
 5.91713593618261 0.715803310575225 0.114103553541524 1.28697131321579 -2.84544299291691
# movest_p1_a3:
 4.85713613057933 -0.344157234453406 3.92289652135125 -1.48684920926650 2.51934194121596
 -1.32679382877961 -1.29894481209419 6.51885070521880 2.79643570106282 3.14295066252941
 -4.92955880039021 2.19086412664154 -1.71755384727249 0.531866670935532 -1.31497027313145
 -0.629111160787685 1.26433641739147 1.57086191768962 7.99999997873092 -2.96076335251351
# movest_p2_a3:
 -4.95739941710801 -3.55394382353174 -2.62440842595716 -3.94156925988694 -3.81662793441656
 -6.79076677767115 -3.59298524782283 -7.99999987521074 -3.70795496499931 -3.67620750444850
 -0.314056797341611 3.35092535006126 -1.29430617509879 1.39641662824304 -2.20122283958096
 -1.91284324533167 0.996463125027779 -2.33381378594574 -0.977842076256154 -2.12622770782029
# lnqE:
 -3.80022737576709 -2.23317520012033 -1.68213853797557 -2.67787902688143 -0.849693908638301 -0.895941131610705 -1.48402592833394 0.0594204900347446 -3.45401034975592 -1.55930640344838 -3.15779514361052 -2.44465451329853 -2.20498759054530 -0.674198794002608 -3.19550195837102 -2.79714105901355 -3.32127643901347 -2.01166456237759
# Fmod:
 1.90627528880543 0.842684400237681 -3.00209993372594e-008 -2.59370098071102 0.639359231867724 -0.588405109756101 0.558829804889139 1.91308731201036 0.666298350458426 7.55654948075042e-007 -1.75293241353295 -0.0145123258354583 -1.25269915853646 0.217097425174275 1.87881213211006 -0.399904223528241 -1.08441944103530 -1.91516951133195 -1.43983725482454 -1.13140194482943 0.516421127933929 1.82616770790053 0.277960885656393 2.29378794867138 -2.53245794423805 0.850029765724064 -0.289936010748315 0.608564211834473
# visc:
 1.19733763565994 1.16167011382264 1.41780272624993 1.63093687998721
 0.399228058130533 -0.506014859330303 -0.370908076813575 -2.99999974623259
# lnRD1:
 -0.881082803917118 -0.824495547740336 -0.356928044039760 -0.335173767705304 -0.313411152648892 -0.408159434708325 -0.496698546191130 -0.485655959852914 -0.341980481696252 -0.345672959893341 0.114832054644339 0.489590179418845 0.553107846735053 0.622201701629801 0.580731536881791 0.335277107841442 0.201029964462318 0.217295151438131 0.780035788024856 0.318959364739329 0.187094483985559 0.492495887757407 0.574864624909344 0.986706638115964 0.639181282067245 -0.702890776533457 -0.784177908277596 -0.817076229446999
# lnRD2:
 -0.493921889004892 0.733737097901273 1.50312964931904 -0.311277019857700 -0.228430680734289 -0.562339769494247 -0.319674225514034 0.0292826056393823 -0.522248106232833 0.340402792444470 -0.375599758119535 -0.684553764294313 -0.500322504117901 0.647509610291271 0.399266317315723 -0.766760386882274 1.11873804155876 0.0894140064375526 0.681955563579516 0.506376234143772 0.111175479470291 1.50312967549814 -0.0780716512662087 -0.432619646356015 -0.553785768531497 -0.560515439910370 -0.624206311937472 -0.649790151345617
# lnRD3:
 0.00000000000000
# lnRD4:
 0.00000000000000
# FDY_1_1:
 -0.0346595516293946 -0.0346595564420187 -0.0346595534674834 -0.0346595505685561 -0.0346595511694088 -0.0346595564445962 -0.0346595487433903 -0.588391313130589 -0.594698480393133 -0.587137226815384 -0.557516797157378 -0.550553100523335 -0.496084086930540 -0.602905495265222 -0.643300380550244 -0.405726890342374 -0.278898086961057 -0.145183136322960 -0.122288358197535 -0.0829615901406471 -0.0538774267776927 0.0219056431263990 0.0562668814780900 0.0273397470554450 0.0275676057398572 0.186755271618698 0.247122168767107 0.260103365437733 0.193697741630619 0.253849583178659 0.267391327810384 0.356550468178104 0.436923612944905 0.453046302791731 0.520345416475144 0.381391681275282 0.246917214327179 0.193104247703611 0.167487307039328 0.318478076174553 0.534620395329979 0.311591521115032 0.190268794025930 0.255396106028192 0.353698887899572 0.324236521035265 0.284912170693425 0.242110324725510 0.204726090344097 0.227091839550575 0.213279246545498 -0.199553509943113 -0.517655034266120 -0.548851792627087 -0.539975985236646
# FDY_1_2:
 -0.0347834057570975 -0.480935224548770 -0.0347834025239318 -0.511966999889660 -0.529753564722679 -0.537869047621643 -0.0347833991642486 -0.490168816947024 -0.487530852299727 -0.470250935350805 -0.421892843048014 -0.416421103687794 -0.349021304628482 -0.449993646374586 -0.530691893326449 -0.307903206733815 -0.0918251927862477 -0.0826031791485662 -0.0569325708272752 -0.0149110028670052 0.0560079129142952 0.0932438818091741 0.131018694000745 0.110931124607400 0.0755940740403511 0.220725690505555 0.313457953964005 0.306689324705807 0.205822780345333 0.261607176316883 0.293597467826020 0.409913553581652 0.447804655668413 0.451112668709423 0.565364629943095 0.378842156127684 0.206973606861328 0.169050938065878 0.173995775185615 0.359203086293398 0.573619864797750 0.326597771237953 0.153046968098115 0.243342524733636 0.367236630028395 0.324798531981115 0.267890741501303 0.228593249036632 0.190936722369139 0.205796885035637 0.194869714136073 -0.247244016535183 -0.584831539523846 -0.581693367992451 -0.558896238122503
# FDY_1_3:
 -0.0341602191148813 -0.0341602157526864 -0.0341602232751588 -0.0341602218926540 -0.0341602160147541 -0.0341602230527243 -0.0341602191368629 -0.0341602291131991 -0.500257229811385 -0.480719836521489 -0.361168604223383 -0.357610394501387 -0.305736825231591 -0.421378949745383 -0.496575920477923 -0.317476098982107 -0.0630939530783850 -0.0872260899413360 -0.0586149830799543 -0.0118722370825109 0.0585821599458396 0.154442643349059 0.179583336368955 0.108176474574771 0.0756578446710363 0.217758164862257 -0.0341602246866040 -0.0341602120577283 0.208825917567652 0.264693513715615 0.311547239549940 -0.0341602224832118 0.453721561622532 -0.0341602284632017 -0.0341602271257391 0.416341411703261 0.216156108907346 0.195148103543045 0.191003295768544 0.368859693412847 0.597321112051228 0.329672951192521 0.154938004943625 0.253041542594068 0.376648616776375 -0.0341602153626721 0.261492724267305 -0.0341602202869429 0.189796615032993 0.203741949871553 0.189302908850555 -0.254215726818698 -0.592032805543588 -0.588680389817773 -0.567390532467012
# FDY_1_4:
 -0.0332030556680723 -0.0332030520248728 -0.0332030483184536 -0.0332030526512464 -0.0332030543609819 -0.0332030540485483 -0.0332030532943320 -0.0332030515053870 -0.513357747758464 -0.504795155871629 -0.0332030558547381 -0.495013107484311 -0.543900442733478 -0.599276914035100 -0.456649547240279 -0.267605038383047 -0.0105670342174938 -0.0777884802605354 -0.0312855685097634 -0.0132992702416797 0.0207863789974566 0.135244873043210 0.0978197557254940 0.0295964279436588 0.0932513845776803 0.225562014860570 0.192855074134057 0.226244510557336 0.214317750463039 0.324697422279987 -0.0332030485777955 0.389253702747323 0.370535014485093 0.451274876074262 0.554599807132462 0.215501810189994 0.164797886397434 0.207014127823901 0.262201286347358 0.421201211726331 0.216790229421686 0.137954064263802 0.128417809399901 0.160083869745721 0.198318210443975 0.149000277718098 0.136366377918759 0.130799746843311 0.101942448036623 0.0994189796671269 -0.230601116044241 -0.492737041654301 -0.531307514422676 -0.477732533027053 -0.477900290777170
# FDY_2_1:
 0.317398749565320 0.226630458397825 0.248192330641385 0.249657802702178 0.266456441262635 0.318262654517802 0.283505852039114 0.260010124095951 0.181395211977602 0.154357265090188 0.104505930333219 0.0750467734203067 0.0750302517900757 0.153750490624065 0.258798577422982 0.295821424993050 0.354481084131348 0.321636788330320 0.272198574162519 0.249366908948432 0.222544730638002 0.166125928568687 0.115886082048884 0.00603340636329969 -0.149446065597482 -0.262675944997899 -0.334807802547151 -0.349095221375827 -0.408419889352883 -0.394980215514789 -0.439536789110004 -0.401256270158609 -0.359448699052459 -0.278474872606558 -0.172828834637912 -0.130435803870825 -0.0874194888230770 -0.101322551629593 -0.158795216790238 -0.249138651309726 -0.331437566836812 -0.183626435923589 0.0215785024221116 0.0673552404877318 0.105707418637667 0.0751739452827394 0.0112291323386209 -0.0526522605634174 -0.0379023964749009 -0.116070190604565 -0.249779890135130 -0.216565065430139 -0.0880387333432095 -0.0242698758004593 0.120286651253194
# FDY_2_2:
 0.251327177481604 0.199168533514727 0.180735517045573 0.146513404271754 0.0928269897036522 0.0617780938101912 0.121336421338507 0.152720850332664 0.191760230642407 -0.0898069613952240 0.195273799193262 0.152510930414975 0.175267350996335 0.277089886703290 0.374723618223158 0.361342463640142 0.401603224126411 0.348661424300835 0.339843250520182 0.317090279639229 0.285717880101432 0.220457651747233 0.173862188602588 0.158889036071857 0.132263349771480 -0.0703934119636374 -0.0744153030767965 -0.224791814658383 -0.380834568038698 -0.417953266335225 -0.498394522098172 -0.463327735120225 -0.461504845566217 -0.428130432393891 -0.331451649855673 -0.205934521782230 -0.114693390418004 -0.0542562972532073 -0.0567584628427865 -0.0394108373344338 -0.0128042969064104 -0.136698187290176 -0.176994029100335 -0.0606831535933930 0.0335701420400076 0.0598075577827385 0.0807251889651123 0.00714883925925152 0.00685296107080562 -0.0386514392396807 -0.0993713285504388 -0.193275545899603 -0.296672562213457 -0.292859049268038 -0.280800629117068
# FDY_2_3:
 0.0252015170839870 -0.0122300482428914 -0.0364353048098566 -0.0580077031657195 -0.0954629130687705 -0.142648631851674 0.0271733620660076 0.144980335077552 0.264170935643325 0.152862455813953 0.170137910678167 0.109160102492661 0.163022085897552 0.186536984816977 0.228406320497476 0.277077012789130 0.358579895845314 0.355295945038253 0.362966897994731 0.359107041611120 0.328546418730023 0.257821658047115 0.193641542808257 0.197460979410431 0.169696659295452 0.0308277501772627 -0.128833461998952 -0.259847738434889 -0.400764941325874 -0.419193170134714 -0.445608906036657 -0.434058059066517 -0.425135798622070 -0.361925382519367 -0.235799622767971 -0.0652550586857911 0.0180723916402659 0.0790431878252267 0.143538763758461 0.145069101124848 0.172728923411088 0.000943754437016153 -0.131301047814867 -0.0531922744616955 0.0569757204039377 0.0935019607804584 0.0970294145641997 0.0237519569202805 -0.0244987766430961 -0.0817796366884657 -0.112673045830495 -0.262090229867764 -0.367995466365188 -0.365675038384472 -0.272916729892770
# FDY_2_4:
 0.285924355053354 0.294962691735282 0.232984936614548 0.206687037076967 0.184360723258617 0.196213453925016 0.353855233533195 0.401556434520041 0.406270147246980 0.327131417984715 0.333585957586253 0.234536760437653 0.275747054188790 0.281530333181758 0.274398314419513 0.272207536680406 0.357165331782913 0.294875731237228 0.312064787514629 0.296148832829473 0.275745458837596 0.145668013032416 0.138653745611039 0.164042812343196 0.158094920401442 0.00708058139585087 -0.127463886078585 -0.310215530620767 -0.486056555857623 -0.545501471421724 -0.530427423556243 -0.514515608191464 -0.535971669562434 -0.491165078304394 -0.370170617762794 -0.210980511975364 -0.0823468670615374 -0.00945061921187652 0.0244054918648598 0.0914567537696974 0.0948164817322122 -0.0564680494375106 -0.0361524563923047 0.0505131104245527 0.0369461285150950 0.0293497891203566 0.0132789801167813 -0.0859096811236925 -0.161784446393498 -0.233367388979590 -0.283556909771706 -0.436579482671607 -0.546286992335610 -0.554739808725825 -0.443148282536279
# FDY_3_1:
 0.00000000000000 0.00000000000000 0.00000000000000 0.00000000000000 0.00000000000000 0.00000000000000 0.00000000000000 0.00000000000000 0.00000000000000 0.00000000000000 0.00000000000000 0.00000000000000 0.00000000000000 0.00000000000000 0.00000000000000 0.00000000000000 0.00000000000000 0.00000000000000 0.00000000000000 0.00000000000000 0.00000000000000 0.00000000000000 0.00000000000000 0.00000000000000 0.00000000000000 0.00000000000000 0.00000000000000 0.00000000000000 0.00000000000000 0.00000000000000 0.00000000000000 0.00000000000000 0.00000000000000 0.00000000000000 0.00000000000000 0.00000000000000 0.00000000000000 0.00000000000000 0.00000000000000 0.00000000000000 0.00000000000000 0.00000000000000 0.00000000000000 0.00000000000000 0.00000000000000 0.00000000000000 0.00000000000000 0.00000000000000 0.00000000000000 0.00000000000000 0.00000000000000 0.00000000000000 0.00000000000000 0.00000000000000 0.00000000000000
# FDY_3_2:
 0.00000000000000 0.00000000000000 0.00000000000000 0.00000000000000 0.00000000000000 0.00000000000000 0.00000000000000 0.00000000000000 0.00000000000000 0.00000000000000 0.00000000000000 0.00000000000000 0.00000000000000 0.00000000000000 0.00000000000000 0.00000000000000 0.00000000000000 0.00000000000000 0.00000000000000 0.00000000000000 0.00000000000000 0.00000000000000 0.00000000000000 0.00000000000000 0.00000000000000 0.00000000000000 0.00000000000000 0.00000000000000 0.00000000000000 0.00000000000000 0.00000000000000 0.00000000000000 0.00000000000000 0.00000000000000 0.00000000000000 0.00000000000000 0.00000000000000 0.00000000000000 0.00000000000000 0.00000000000000 0.00000000000000 0.00000000000000 0.00000000000000 0.00000000000000 0.00000000000000 0.00000000000000 0.00000000000000 0.00000000000000 0.00000000000000 0.00000000000000 0.00000000000000 0.00000000000000 0.00000000000000 0.00000000000000 0.00000000000000
# FDY_3_3:
 -0.668999320232972 -0.735286793790225 -0.752968719684094 -0.778448687693036 -0.798732426976086 -0.812923010056152 -0.785370890580052 -0.768727689305007 -0.768955714453637 -0.726265733803935 -0.657142880852562 -0.638022470636171 -0.639503300844082 -0.632151568938397 -0.525332668013368 -0.382524775169946 -0.162982726841898 -0.114031466737226 -0.0657666848984951 -0.0279940894787635 0.0148822616531571 0.0547805278861554 0.0567086572206323 0.0574718110980791 0.0771175387865616 0.212225124986842 0.274870821646437 0.319623840440576 0.292445232379569 0.373316685493321 0.365046851343056 0.481100948716865 0.481228176344837 0.509282262567084 0.507822168174945 0.471795365760392 0.424377853915380 0.428825803970099 0.593263084860778 0.826102567824213 0.623167414214459 0.497746924610614 0.493127756853530 0.504068825599124 0.517222128384745 0.444813077898553 0.503929263701389 0.460529288675968 0.515420657826731 0.495957683461990 0.190103225619467 -0.0617276175329565 -0.169621429266079 -0.169856713606928 -0.225036452523480
# FDY_3_4:
 -0.545288729219770 -0.601346554205972 -0.620686978121509 -0.642958055412694 -0.654737902168350 -0.629890949446518 -0.601524861048178 -0.599732024645998 -0.595923140440752 -0.534357704533615 -0.530168014028641 -0.468405404291206 -0.516471798417790 -0.550881278820695 -0.398611969196904 -0.261118629270978 -0.0414933434290278 -0.0576438132641734 -0.0495554289073773 -0.0586164209452894 -0.0402170932264991 -0.0144270694290047 -0.0174917029222751 0.0173311133128196 0.0843117633162583 0.108500001428598 0.209005707594285 0.189736977720906 0.287951355149925 0.210318360098098 0.365004981781465 0.338497488225894 0.391147815109919 0.386339165370065 0.404954914365559 0.445127675623246 0.396574249496513 -0.0417052347769710 -0.0417052446455028 0.613882924176719 0.469230674212398 0.449509053707688 0.482772055765394 0.738965374895350 0.644007316511210 0.656437870195044 0.425709357738840 0.429298046862817 0.435786509529879 0.459182424370606 0.122833497596850 -0.142759516207108 -0.181578151402582 -0.151816369404196 -0.171303292326771
# FDY_4_1:
 -0.560571452306635 -0.627180322724459 -0.672443179353103 -0.735453707828438 -0.768476953204045 -0.800783516196731 -0.795993423075089 -0.776796758180648 -0.749815730691832 -0.701027780464435 -0.691722534068013 -0.660624693529035 -0.641928099605581 -0.577445359140486 -0.503577767268518 -0.415767089338448 -0.342022339855246 -0.275146389448051 -0.241117943155330 -0.207424176875694 -0.207686521318316 -0.187191037229527 -0.158625470616121 -0.111997050929210 -0.0839969241153098 -0.00836307789290136 0.0614597331533424 0.125241391150475 0.156326291651277 0.207289445990450 0.198121902291263 0.254391262272829 0.243010627745212 0.283079493746554 0.320443112049475 0.351487834883368 0.350942755182963 0.343592633956116 0.346144389852244 0.360380400501472 0.388320557270290 0.444885979887287 0.556074101200223 0.668660013943049 0.791630105772596 0.873477260100618 0.893586330292788 0.874653007729635 0.818259867620355 0.737275777939728 0.625881880927701 0.485970381003811 0.347523059420124 0.238529616431276 0.156540084444676
# FDY_4_2:
 -0.655667396851838 -0.714930637905238 -0.760491698331435 -0.822757328229157 -0.855499494091322 -0.882295725400373 -0.882513897855685 -0.875822907695557 -0.857510212438416 -0.828520678470501 -0.797270157889593 -0.746051847377444 -0.705077249639274 -0.630807638574290 -0.541936609457699 -0.448624702798294 -0.371616083320527 -0.306644655840287 -0.280521672012970 -0.249986842441969 -0.245275028613144 -0.222112258029260 -0.190365592347862 -0.141813187028724 -0.109125669521849 -0.0307350515765752 0.0715256643681668 0.175785567664367 0.253917119473891 0.338617013979197 0.343841227948540 0.380798502684137 0.368734628179527 0.396882891535235 0.420109876324718 0.408551356030233 0.381372833835979 0.349985606874600 0.342822972380164 0.348669759352028 0.374606912624445 0.480748482967788 0.619216952398033 0.722532035527078 0.828734271239955 0.982879670841142 0.973288389808739 0.896177187617964 0.834246641475091 0.762369810951321 0.660491382597895 0.522850737047874 0.406943744450762 0.294734493559547 0.212538490000867
# FDY_4_3:
 -0.614544968700235 -0.675439046099463 -0.714337678805066 -0.781795721064701 -0.815662644391045 -0.844964411290075 -0.835816040436892 -0.806104665851951 -0.771162412158359 -0.725935429952357 -0.693242249683437 -0.650947062859525 -0.618409182222767 -0.557405565181632 -0.484405922601264 -0.382918587381204 -0.306656903241886 -0.230953841510859 -0.206142016055498 -0.171842384070730 -0.159843311902482 -0.156556744718469 -0.130915094013983 -0.0644463609733505 -0.0358302412529982 0.0203506090055262 0.0895698614486827 0.135735992411751 0.160726559897944 0.222014456842945 0.225829540484550 0.260722503450405 0.252533794052231 0.281920169606862 0.349922087660743 0.371590109272869 0.387396224110623 0.378939969365220 0.405052938270966 0.441715506733716 0.460621118338516 0.527763449092710 0.695318542832539 0.701124340734511 0.813021806171188 0.862810714258263 0.846582212905259 0.779067874893581 0.717904930649457 0.651600545421289 0.530328422938314 0.372726621924653 0.249183791984609 0.147118034684094 0.0970857569762163
# FDY_4_4:
 -0.608588712578876 -0.668862898817216 -0.707238421183243 -0.774349365258871 -0.803774188612726 -0.833024119722345 -0.821487947323129 -0.792487621918549 -0.755259955473195 -0.707641357910291 -0.675594588305300 -0.629102815727375 -0.599881964524075 -0.539310770184418 -0.467526841511968 -0.386124635093377 -0.310356160772485 -0.234087098535356 -0.206143640389405 -0.173594037666896 -0.167967458742518 -0.150432189008610 -0.131240642675085 -0.0652421520728820 -0.0471424670143562 0.0229606155892642 0.0851342204282702 0.129040809199462 0.156319596653522 0.212261926922742 0.216479137331289 0.252476779246749 0.241567353475445 0.272965828206844 0.340064698092463 0.374911630876054 0.388633063392160 0.377320314446778 0.413560417611666 0.456785249770048 0.482289143245019 0.529603353404591 0.696690130138639 0.700648632520449 0.805028239979217 0.842041839156310 0.827197810043929 0.756724297651682 0.708711767924476 0.626308194240054 0.514563881664856 0.362232308857742 0.240285485269803 0.136198614133326 0.0874567115497048
# FDY_5_1:
 -0.0116247102788021 -0.0116247172775868 -0.0116247150241778 -0.0116247162132977 -0.0116247137405965 -0.0116247130435772 -0.0116247170497681 -0.0116247107288759 0.223521295674128 -0.0116247121338240 -0.0116247166858823 -0.0116247137750108 -0.0116247153488532 -0.0116247142700459 -0.0116247161768797 -0.0116247125793450 0.256676164103572 -0.0116247165975246 -0.0116247154512068 -0.0116247150160518 -0.0116247158319183 0.268544966505081 0.232948748247602 0.200455938932062 0.186419591599372 0.132314982209942 0.0459107452126510 -0.105312847775616 -0.313175242064736 -0.365969651456967 -0.465500607881347 -0.0116247142142861 -0.0116247130544583 -0.0116247137065002 -0.279046202459516 -0.145887165126565 -0.00961865236693509 0.0873903792931918 -0.0116247152705593 -0.0116247152562446 0.253304574537362 -0.0116247131825247 0.00760018282343307 0.121484047511527 0.186593250532710 0.206511808305927 -0.0116247129866121 -0.0116247140701871 -0.0116247148509670 -0.0116247144670732 -0.0116247196806672 -0.0116247140764798 -0.0116247122955249 -0.0116247137242354 -0.341550728297334
# FDY_5_2:
 -0.139867500500945 -0.202051162291213 0.000263858214407813 -0.203131431763424 0.000263859903538427 0.000263858645245401 0.000263858240352393 0.000263858893313634 0.105305308136716 0.000263861280220306 0.254775750788455 0.214803773863805 0.000263856157911507 0.142337465566215 0.147556136350875 0.000263861034135376 0.208716603407096 0.216073987659703 0.000263857708631948 0.000263858345518047 0.000263857163486685 0.000263862689839394 0.000263856634887299 0.000263856021278580 0.000263854429019810 0.000263859859483001 0.000263860386434816 0.000263856956223146 -0.471082237535581 0.000263859880595890 0.000263861784726965 0.000263858938543232 0.000263857677976470 0.000263858844219572 -0.240975737300887 0.000263858992642179 -0.0435430248002900 0.000263858696118485 0.000263857651888893 0.000263860271033794 0.000263858713204373 0.000263861497506939 0.000263859250726400 0.000263859947378913 0.000263857265473549 0.000263857801935091 0.000263857195591671 0.000263858128714583 0.000263859177570696 0.000263860804510168 0.000263861944401905 0.000263858614431827 0.000263859195360910 0.000263858145776490 0.000263855435218490
# FDY_5_3:
 -0.373442143926957 -0.380122268811282 -0.512181679692545 -0.441824695600239 -0.485393535829178 -0.461062270807548 -0.440758839335062 -0.382052106283941 -0.325107351333069 -0.123605409871646 -0.0724665221479117 0.0621077728899017 -0.0669607779288002 -0.0116383190904184 -0.00615748415856990 -0.0191950844092677 0.0227218671841875 0.0605124822351002 0.111190400892949 0.117682576087808 0.0261788505861020 0.157232203083823 0.0261788518101202 0.0261788562282492 0.0261788566301153 0.0261788539189205 0.103827944367518 0.0632416043663684 -0.0999924534909853 -0.101829463237408 -0.250219627535977 -0.247344289186224 -0.235169392076778 -0.143982272566124 -0.0509511020781044 0.0595017435564762 0.190574491231852 0.250704327865168 0.418668528060897 0.509558551067856 0.490329676923355 0.479128512586232 0.584613786571878 0.593139324525207 0.496467315395155 0.231205788072076 0.299147298872789 0.263228019511023 0.237129019555606 0.196225885425375 0.0129741532006939 -0.109825216399470 -0.212391260980586 -0.248188384003179 -0.340145591921528
# FDY_5_4:
 -0.0154550898516617 -1.01704589744130 -1.00168305648755 -0.0154550893978487 -0.0154550866469363 -0.0154550835902489 -0.0154550870722290 -0.0154550911314966 -0.0154550886961389 -0.0154550955406541 -0.0154550939999727 -0.0154550855652620 -0.0154550886320257 -0.564455520030142 -0.0154550918290559 -0.539086584608311 -0.0154550904958237 -0.433516924805024 -0.0154550899305612 -0.309882064574673 -0.244216583431891 -0.218548543916505 -0.226014541872852 -0.157569907263993 -0.175260825619185 -0.0560885523454851 0.172473834015673 0.207492199934870 -0.0134114674924464 0.0111006562828757 -0.0698474546986640 0.0242482649175659 -0.0954769268539091 -0.00213566650618380 0.0186245284036575 0.150254514773452 0.138357428321185 0.300555491560398 0.605687306438420 0.661074375736336 0.954521264357199 0.774288024141612 1.01351303893309 1.34047724116716 0.728346362881043 0.118958854969158 0.0594516684534392 0.000806114000327037 0.0293076738941227 -0.00290891027357554 -0.227275818068218 -0.295935532847903 -0.373474666962232 -0.402082260572773 -0.667249884128865
# FDY_6_1:
 0.0106982745194516 0.0106982729591442 0.0106982762259861 0.0106982715069423 0.0106982744068946 0.0106982749608932 0.467521397117065 0.493563759484186 0.0106982728054112 0.474143355250403 0.0106982737397314 0.402348134576237 0.0106982724349688 0.0106982738671086 0.0106982747600601 0.387969457973944 0.413403252010791 0.0106982719022003 0.0106982726542743 0.357778177559599 0.0106982702300268 0.0106982729023514 0.0106982757302094 0.0106982720007517 -0.156850698848307 -0.310225527361915 -0.398486030477638 -0.487508682185946 -0.521642636493960 -0.477270594758860 -0.508566087364455 0.0106982753753901 0.0106982766486782 0.0106982759118250 0.0106982739581593 -0.0187041777511553 0.00211680014496133 0.0106982722839252 0.0106982716400598 -0.186351965717989 -0.285809609212596 -0.338915075633004 -0.171616562226679 0.0233834026848200 0.108888230691013 0.0106982759704661 0.107505913043067 0.0712929761929736 0.0600682492719992 0.0186256546494125 -0.0607313407799129 -0.132620476079570 -0.0460488362176031 0.126214317921664 0.329766653142547
# FDY_6_2:
 0.148061783960690 0.0316307650057696 0.128878039967667 0.207697216825000 0.371619538667790 0.756611816431026 0.690984971520128 0.567514517050310 0.408762595786004 0.395931813745989 0.343709538602452 0.369429742774230 0.303377979649061 0.335078702842836 0.376745204362988 0.357287062529445 0.401402652284574 0.399737288090419 0.324546377705499 0.240277566993982 0.204594867197685 0.0321218581845190 -0.126308162302709 -0.179209132209520 -0.483790694634966 -0.602166330184055 -0.679256700904702 -0.615069947825677 -0.686234182603036 -0.631457872518772 -0.642650349361029 -0.596748550884684 -0.504356827023763 -0.314500336598813 -0.133821732730270 -0.101222165399429 -0.110528026124646 -0.214208890751213 -0.349373400100030 -0.481170002453971 -0.576285261337437 -0.422203882650110 -0.0883649418954918 -0.0740671300010957 0.0156388053052420 -0.0183639748809076 -0.0572907756959121 -0.0367230224398282 -0.0690386748297210 -0.104506138260103 -0.191108826463134 -0.0766994253681076 0.195099168368869 0.472203461888913 1.08778202269204
# FDY_6_3:
 -0.0748345025709614 -0.0797646474964675 0.173440477118751 0.288854540981896 0.543662716723319 0.707277017420512 0.437520477969131 0.328016837835348 0.276903185067054 0.427909421975082 0.380119847026201 0.290063737166732 0.183050233562841 0.327623910311968 0.373874758956453 0.401138789283722 0.423164169537011 0.303935293325469 0.296432766246629 0.212573779731100 0.164048994911659 0.0488676558527809 -0.144486988558946 -0.310144138677873 -0.503240601115315 -0.620713937574111 -0.681661541394691 -0.652673009738856 -0.693675953161896 -0.575021336728546 -0.597361632260048 -0.516906340407789 -0.437589241221307 -0.236990301492228 -0.0886905307921127 -0.0273076351785098 -0.0629943162410558 -0.154201646452105 -0.250905229238206 -0.395650063664160 -0.430563216993223 -0.223684347497894 0.0121639641148685 0.00227311974287532 0.0122828730415949 -0.0274571439956000 -0.0524199648336734 -0.0416092426637156 -0.0540142040302043 -0.103351006790633 -0.115870186354456 0.00362972726602391 0.208030888948613 0.486261178055240 0.840662544951708
# FDY_6_4:
 0.0861285004213227 0.0794496836949144 -0.0177424797136751 0.249898952840209 0.519765450120549 0.706644598504301 0.551985828215505 0.469650678934440 0.419898544276751 0.380025099001749 0.381862606825989 0.305716335236805 0.299973204733806 0.326819279360832 0.360919262437956 0.392152150674953 0.368373839084011 0.365385084394699 0.274938278090286 0.256605818826651 0.106313847321212 0.0524889777981024 -0.142837278911769 -0.399028055527085 -0.665447422366892 -0.659202394199265 -0.692654553421317 -0.704836454259389 -0.689598680227799 -0.639677068411203 -0.664237642620498 -0.518815379215256 -0.378313482430967 -0.218796612506052 -0.0454049776154894 -0.0471096006226403 -0.0940463179842234 -0.160858872688426 -0.260742018810310 -0.387033053374595 -0.430864950182931 -0.264074355312696 0.00345415062999172 -0.0171195506663081 -0.00612203879071765 -0.0360834615230398 -0.0693960034158242 -0.0599540911493887 -0.0797715025574339 -0.112471568604370 -0.127891954521286 -0.000512112940433453 0.209069301327848 0.502950043286807 0.920174418531591
# FDY_7_1:
 -0.709149535858615 -0.766166352925627 -0.781864080994632 -0.795901578412340 -0.799094893957543 -0.811762999116737 -0.822902123274335 -0.697143657581737 -0.529901162268561 -0.336292483219825 -0.0270548389147732 0.0542582379062712 0.131708562206575 0.0127523407682186 -0.111132356622170 -0.150474664123828 -0.138092195318236 -0.0761127129925259 0.118529266367480 0.144374210480342 0.306486028390994 0.400098526018707 0.284903968226876 0.304131990976447 0.300337121074437 0.275015208597534 0.200543802947384 0.179583651791435 0.180589133924234 -0.0585913877637403 0.198689017191760 0.0166180925069558 0.00151665910638394 -0.0359651608752947 0.0616605250389132 0.103148861638789 0.196950648631337 0.342893343673903 0.796980807702256 0.997748833555457 1.18762992344845 1.16815612682388 1.60095245297569 0.705155034636538 0.212169671808102 0.0369252836756650 -0.0442124393974555 -0.0825727270885495 -0.137839487334000 -0.176002089181752 -0.269382500180463 -0.387103660864934 -0.517327867618693 -0.616439454834921 -0.642024921369725
# FDY_7_2:
 -0.339607125568397 -0.345001693967717 -0.349266504690459 -0.376300117222435 -0.395597100337705 -0.419594716128270 -0.311949232525144 -0.144434890836352 0.0659409036202771 0.320748935000930 0.352182042038379 0.306904138965803 0.237195966728157 0.164555556370618 0.125366483272370 0.113884983176795 0.132645567140925 0.220553639481441 0.276533423261058 0.299684547030955 0.312698156583855 0.274451039744207 0.180781114760250 0.165223764608082 0.129363510626512 0.0365667653832529 -0.0258185333383376 -0.180103414329642 -0.300986867713032 -0.333082842072726 -0.334569439681372 -0.305792145266924 -0.317993817332565 -0.272028856785868 -0.163649747020464 -0.00336780920338378 0.0603640542604080 0.151680190784241 0.296919964007700 0.396709921763778 0.436359169999563 0.303219278369200 0.399368937302893 0.246374321186523 0.138035675369152 0.110043131961765 0.100589899262704 0.0510355120531325 0.0369744601904362 -0.0359587861976505 -0.0974641726175825 -0.236241435548249 -0.349609277537654 -0.391274444680186 -0.413262083703249
# FDY_7_3:
 -0.724917175613141 -0.732169022433012 -0.727668018964725 -0.756641200417577 -0.770487585754439 -0.809574806180482 -0.745114782469161 -0.637118752996834 -0.494051652952538 -0.0397459222635247 0.103717011875390 0.182130450840904 0.00935384944714135 -0.0717345757417110 -0.141766967569693 -0.126068375495533 -0.0916861491918756 0.0377578081370776 0.0994984613903863 0.182169566132703 0.276935901737109 0.265156698043771 0.168740184428001 0.297894110670680 0.246659500765230 0.194794787376500 0.187005681848255 0.116624869104367 -0.129483789394936 -0.0231386589986769 -0.166516918487128 -0.115795388942714 -0.195981646105332 -0.126958985203689 -0.00739131077841703 0.141435865832894 0.305678462793782 0.639450141954589 1.11225819879605 1.40224663642528 1.73625311040592 1.05872318466961 1.15475296810060 0.447974062122084 0.161770017439827 -0.0394494705073184 -0.0655772584459898 -0.119804957801111 -0.114710988817061 -0.154452171123120 -0.290538546953041 -0.406504213897691 -0.525892472774009 -0.539623362832609 -0.638416401231062
# FDY_7_4:
 -0.827312171647584 -0.855177701515117 -0.839559019895863 -0.867884308526288 -0.874697656010483 -0.929964892530327 -0.849980615916922 -0.731965513532613 -0.579265067995783 -0.125979990018901 0.0183191273609610 0.148606175834258 -0.0366809208180426 -0.167458469717904 -0.246804560417940 -0.217528207935007 -0.175235739438951 0.0440940272264029 0.0921241943012864 0.265288445645529 0.385957287356922 0.325379500464082 0.276805035997234 0.404284121326514 0.302508015916292 0.272146324411685 0.255370851539558 0.326895121133037 -0.0301895882834503 0.326516048008733 0.0186615400372184 0.0995329917268847 -0.0323658503991079 0.0672930954284264 0.0997165861738970 0.235369343314239 0.424329965491378 1.09025462418657 1.48022114205253 1.72525747571132 1.93242883299774 1.04496988987443 1.03568156802268 0.232151107942032 -0.0449955729827004 -0.202691106730058 -0.247774157800322 -0.288737275715513 -0.288455490282280 -0.335807994410852 -0.447563737138675 -0.571236615353979 -0.673047339954114 -0.679906313324397 -0.761896561188672
