# Number of parameters = 356 Objective function value = 87437.7653488649  Maximum gradient component = 0.00727792077299112
# lnmuRT:
14.1306225023
# lnPrat:
-0.523146745955
# lnHR1:
 -0.0124638629630 0.0378568659970
# lnHR2:
 -0.135848776079 0.00732338302688
# selpar:
 0.203188568348 -0.571311347573
 0.0666888692858 -1.25115360279 -1.60193697607
 1.68428583198 0.782076333421 0.0913196650818
 1.16543648429 -0.220168944209 -2.79027017902
 -1.44913698915 -1.60158692648 0.445527191292
 -1.04141223046 -2.46548012248 -0.542682466221
 1.45410348361 -0.828052638178 -2.99999999813
 0.698989517545 -0.711823087114 -1.70886615885
 0.752944779287 -0.639182952803 -2.07656533540
 -0.0429927000351 -1.23800810884 -1.02553218397
 -1.07624896836 -0.202958346730
 -1.06391345960 -1.42836419681 -0.0729299361384
 1.08183178228 -0.147674829727 -2.17179796929
# lnRD1:
 -1.21284585822 -1.12007854241 -0.574390719824 0.557628048995 0.322001646591 1.20513934886 0.257577143059 0.0924235468841 -0.557460150690 0.946141847311 1.42105081489 -0.190826284063 0.218693853666 0.424026285403 -0.449100670444 -0.674367425728 -0.665612884281
# lnRD2:
 0.429250034298 0.212247601871 -0.0929325037919 -0.0893017247251 0.121186673177 0.378881862838 0.744139791203 0.560439355805 0.107777562333 -0.215480634492 -0.284959394012 -0.447543511393 -0.692577539426 -0.621748474839 -0.422668687452 0.0563386719571 0.256950916647
# movest:
 0.0580822581819 0.108182903090 0.190009957370 0.212230063387 0.00458974979837 -0.0399146486463 0.0732867334571 0.240740487601 0.141709188912 -0.0617671628444 0.217273488746 0.621229968294 0.552365481662 0.703199566755 0.0177894525759 0.496041522393 0.0547754796772 0.133379719486 0.746146550544 0.371333789371 -0.0132961708893 0.134057918027 0.665651442420 0.585199644384 -1.88987540169 -1.03400734768 -0.0161765294191 -1.43249270291 -1.34757740256 -0.632625374790 -0.344861612530 1.16447563143 -0.0291468197568 -1.80156942503 -1.54024144250 -1.53601383958 -1.88285934826 -1.52851115117 -1.69706464414 -1.94048968336 0.355686519912 1.83554145159 -0.533804603890 -1.17558593445 0.432399174617 0.378136405280 1.03921781263 3.75383702221 -0.974691681964 1.37267577217 -0.710270238358 -0.737956427156 0.760632292066 -0.544112267007 2.97594985312 -0.594746155447 3.73907329586 0.672188820808 0.669963710664 2.60921626339 2.02203436191 -4.00705096843 -0.268106470089 -3.17835677983 -0.414139897319 -1.39632440330 -2.36320538115 -1.50576178783 0.487893646970 -4.22947964447 -0.884681049358 -1.11384968262 -2.79064704473 0.793738386649 -0.444198190726 3.43792134891 0.532895017161 -1.52172376352 -3.85578402601 -1.77219910160 0.102170005108 -3.69452740017 -0.545098147348 -0.679421974545 -3.56818932332 -0.679050991800 -1.76438686717 -3.16161380096 -0.876526604226 0.819254494428 4.36778788321 0.489779989054 1.99581197036 -4.50558453395 0.0940465617625 -0.360437960390 -2.69106898502 1.75991350105 0.946214606503 -2.94529866379 -1.41933891160 -1.09610958816 -1.59701378407 2.27853285556 2.58430251506 5.86432571592 -4.22454449583 -1.18854256995 -7.11047921167 -3.92963503136 -1.39035648061 -5.95592515390 -0.358621156502 -1.11850604157 -6.34248606666 -1.85571152560 -0.878232711910 0.672170034591 0.952098595565 0.578278790542 1.61721528984 -1.02128241247 1.25244770565 -1.94667627945 -0.343004661044 5.44077920762 -0.698268362355 -0.0887940038914 -1.01437387039 -6.29394614189 -1.51829780018 -0.861560381306 1.35409224035 0.414118630237 0.720666754295 1.50377384246 2.57048506800 2.91500991660 -3.14711312752 0.0687875232041 2.38506732469 -0.207324156315 2.50698334655 -0.842163081832 -2.82671631901 -0.683628860668 -0.0263727139954 3.31997039603 2.58828939458 3.19860323601 4.14687803372 -2.36632237746 3.02722387137 -1.16356655822 -1.57232346057 0.461562806575 3.48667205519 2.07421711978 3.35142081682 -4.65015119683 0.153246004187 -0.225548786639 0.815809475495 2.75804344916 2.80856304186 3.40537627767 4.49182375528 1.87736055624 -2.01678859191 -0.273006237111 2.66838906557 -1.20034923559 -0.136086642370 -0.799375804473 -4.38652301184 1.64378491502 2.24499170503 2.10340248489 2.75860271049 2.35875884660 2.75779578501 3.32757970881 3.10742634134 -1.76274381372 3.40983755101 4.77913031598 -0.0498419976534 4.37097721181 -0.199464454406 -1.64461491706 1.91245201139 2.54282359412 3.74297685377 4.57003369831 4.34404748089 4.79462143055 -1.50298497963 1.80900482013 -0.541006485984 -0.438362926265 2.94180223557 3.24728209089 3.69021084363 3.61558950633
# lnqE:
 -5.38579001472 -4.41598932220 -4.66886364849 -5.44348053441 -7.13833903659 -5.17140462045 -2.11893712239 -1.66500984217 -3.92516014276 -4.24290931738 -1.73156334832 -5.65762225836 -4.24651169962
# lnqI:
 -2.29999999975 -0.532904186198 -0.120743773146 -0.133752994242 -0.800740159422
# lnqCPUE:
 0.0868242730291 -0.250843260819 0.0624333745191 -0.333083296558 0.202592825678 -0.217541523538 -0.991093812775 -0.307414517942 -0.262654633029 0.175537807045 0.0534088306148 -0.0776493503078 -0.363777086537 1.13329729111 1.10408368213 -0.458952290241 -1.57727828814
# Fmod:
 0.0725609478628 0.0427659696164 0.187306036200 -7.19277881700e-010 0.0843072475996 0.124507655801 0.0193590164821 0.0373028981417 0.197831112795 0.0153332823555 -0.342673047271 -0.0290419223798 -0.290640711878 -0.0261327586041 -0.0290180189654 -0.0920770594993 -0.0197886703903 -0.273681696270 -0.169937358994 0.272752305702 -0.0119404378403 -0.00122158151245 -0.0175025898489 -0.0436108236189 -0.00779418002337 -0.00978532174064 -0.000290710431254 -0.00372684553093 0.00587116867071 -0.00999696807751 -0.0339816050547 0.0181818949403 0.000262697792945 -0.0336888706605 0.0146673245816 0.0906167643941 0.0814343982551 0.127217222744 0.119658804094 -0.0654055687170
