# Number of parameters = 356 Objective function value = 85225.0  Maximum gradient component = 0.0142392
# lnmuRT:
14.4900233612
# lnPrat:
0.463301693810
# lnHR1:
 -0.253852663832 0.234244452648
# lnHR2:
 -0.411177039562 0.283896217404
# selpar:
 2.46849496079 0.246088467797
 0.290306044673 -1.21872473968 0.733629561909
 2.86610570502 -0.433513090535 0.00457141558895
 2.32640755257 -0.443957444823 -0.0258019067827
 -1.27871530309 -1.54625269467 1.14234365950
 -0.759276616748 -2.43824964991 -1.83391830008
 2.99999994506 -0.795888090236 -0.00198104177443
 1.45470963359 -0.712251176177 0.158634485274
 1.20411310497 -0.817535072585 -0.177748789134
 0.873886085309 -1.02860713468 0.0145236631699
 0.165781807619 0.429683576729
 0.0315176405280 -0.832657108634 -0.118418090029
 2.78575240391 -0.509234791013 0.0242301667399
# lnRD1:
 -1.05237016234 -0.120082410776 0.165341360282 0.392207406468 0.419919115052 0.446456438200 0.494118103631 0.599762844454 0.444713911784 0.323409626238 0.348029101977 -0.787096837402 -0.420469479158 -0.176694525054 -0.204233475332 -1.07746126793 0.204450249906
# lnRD2:
 -0.178626819583 -0.339576405850 -0.360612246417 -0.266805305802 0.232648694180 0.390839235085 0.219623202996 -0.116038779077 -0.242155315065 -0.410534830951 -0.565642234527 -0.775398811164 -1.00241852771 -1.01571297944 0.259067216632 1.27414300203 2.89720090466
# movest:
 0.153149124385 0.118055989087 0.208166939823 0.362648919008 -0.110652422547 0.0928632238304 0.130314892461 0.106677845426 0.496536467830 0.137333770561 0.412264950234 1.37151090015 -0.0836048801073 0.386972727803 -0.0941316051010 1.24724040413 -0.0108313807813 0.0524967896538 0.0622414291739 0.0806400147712 0.0466554357070 0.573510656811 0.372639244953 0.845759294234 -1.34068720190 -0.496285647402 0.732443383117 -0.844198442726 -0.261243533612 0.708706149004 0.384034031573 -0.390902957328 0.195580993835 -1.81762198424 -1.51697376036 -1.46969009684 -1.77872862689 -1.60545124130 -1.00825252859 -2.92722567899 -0.0155496835607 -0.0604873561820 -2.44759669004 -1.73474269266 0.334382451766 -1.43921841664 2.06355462706 3.15104831867 -0.983107155791 -0.905223310314 -0.846226839633 -0.877956987370 -0.825153359611 -0.589425302111 0.864620467200 0.839378559544 2.97679947517 0.421285885383 0.262244153109 2.50936888328 1.35612419281 -4.51872073084 -0.907493703686 -4.03476102272 -2.89578071040 -3.09877975250 -3.11250219910 -2.17989406805 -1.62028953428 -3.55365981487 -1.12541519487 1.11578998203 -2.67086434348 2.49876265561 0.944547980799 4.13770572054 -1.68110748279 -0.826122527444 -3.54600239401 -1.75679276763 -0.961830731754 -2.96732333657 -0.576505494283 0.160249278846 -5.62182823933 -1.24499838272 -0.625574954697 -4.29028101258 0.153940455076 0.159446341172 3.03442468521 1.04459505102 -0.203014285819 -4.17219757341 -1.27929815196 -0.981275317175 -3.31809490080 0.992025119073 1.10945611926 -2.79759471406 0.0871840216911 -0.365756505159 -0.836971550391 4.07703178204 3.83995024303 6.71204832011 -4.06428554414 -0.574421091920 -6.39405974167 -3.08599689349 -2.59529855728 -5.12778489648 -1.44698203366 -1.85547907781 -5.23427029267 -1.15979554951 -0.579208356432 1.35816967063 2.27885810351 2.08029921121 2.77916150955 -0.391328166005 1.26760783851 -1.43893504905 -0.341676385456 5.06891797013 -0.426212978243 -0.143234074556 -0.584649378088 -6.46713799921 -2.40180225161 -0.572998462184 1.70496049478 0.277921073810 0.893414627629 -0.454968286397 2.22601245347 -0.482583431192 -3.34255710494 0.0208932577205 -0.432436744766 -0.513533555815 1.73677271681 0.809028690805 -2.04232279868 -0.868217860656 1.77704740884 4.45498868443 3.43679739940 4.16719992893 4.47238083343 -2.07902868354 3.23823887226 -0.825444183463 -1.63832102792 -1.08262358483 -1.18048657510 -1.12611058077 2.50363206863 -5.05232640696 -0.302152950691 -0.550334717085 0.183892856884 2.21819452057 2.44992361881 2.73357624943 0.124883796322 2.64722304563 -1.28034614530 -0.333383273081 3.49070702137 -0.664507626306 -0.285984993944 -0.373634355187 -5.08554458916 0.768916778496 2.14146135692 1.56597236089 2.16869443943 1.54611073131 0.184986027646 3.72605445791 -0.357137254762 -1.19999146331 0.0526155152940 0.0263968369754 0.122825854179 4.72848884681 0.136440922967 -0.937274228424 2.41613757866 4.14657197569 4.71535847910 5.32172317138 4.89561647289 5.07720785614 -0.0233925181759 2.65745516100 -0.465179855608 -0.735733253145 0.526055787639 -0.578365412021 -0.604237264711 2.91848838412
# lnqE:
 -4.46240261748 -4.19303294184 -3.76984973771 -4.81897669863 -6.72084214411 -3.42361982415 -1.56312742977 -1.06145162584 -3.37610308288 -3.57932802400 -0.773614039546 -5.13133880195 -3.38835275486
# lnqI:
 -2.29999999975 -0.641068438771 -0.0898383843537 -0.133356709328 -0.422179977930
# lnqCPUE:
 0.0317339328969 -0.205974067716 0.207602941933 -0.296073354920 0.227135734255 -0.348333036489 -0.948875597625 -0.285118325594 -0.273983773488 0.119160269377 0.0213561978404 0.515272976593 0.298500416605 0.257272168423 0.293346633447 -0.464989009540 -1.99146146890
# Fmod:
 0.222658299705 0.0347162085793 0.267944051681 1.80038167041e-008 0.0585022310219 0.0503738009737 0.00432370493958 0.0217821781275 0.112225910935 -0.0202998241131 0.192153039191 -0.00394694857238 0.0561037729886 -0.0247510086348 -0.0169201413492 -0.0242041989038 -0.0181927224190 -0.0298900471449 -0.0302187573353 -0.113469424769 0.00818205181302 0.000210506744986 0.0798552134645 -0.0702020841399 -0.00796202154030 -0.0172260999231 -0.142917682812 -0.0487624970697 -0.0680203326732 -0.0218774473913 -0.0459712236585 -0.0173374161553 -0.808606257413 -0.0683865649627 0.0193723429532 0.0703937945854 0.0648003856396 0.120035184534 0.142589471825 0.0729405332734
