# Number of parameters = 1827 Objective function value = 28002.3739145972  Maximum gradient component = 0.000737454683799406
# lnR0:
 12.7821102983071 14.1491454080827 11.4877784347475 11.0000000054950
# selpar:
 1.26767118814866 -1.10433385613703 -4.10673544700986
 2.20285470515706 -1.05942360503257 -3.98838470886224
 -0.830701871047401 -2.12549298233553 -1.16005784983669
 -0.537071368919700 -1.68981340918312 -1.17153294522567
 3.97562583343364 -0.951244898705179 0.000579112597371534
 4.36923397718496 -1.14956245749617 0.0204709730784565
 1.86861560326242 -1.44025416660776 -3.67567099642355
 2.01356656865416 -1.27091448567181 -2.85894437821845
 -0.931831843904694 -2.26868839406135 1.92844414844700
 -1.43276881613048 -2.35563601118681 1.15766142647982
 0.549386988983972 -1.98676030434410 -0.886494082479985
 0.349488534466001 -1.69156735854593 0.938672468378456
 1.89798586231868 -1.56085664198865 -3.50799991268707
 -0.0285336092261970 0.0662542353045996
 1.02080638202759 -1.64632871683771 -1.72883270388080
 -0.393945311111285 -2.23440655976717 1.32911888651118
 2.35571071104926 -1.04559778252019 -4.54080440314960
 0.361252251241238 -1.91929640256464 -1.19235460635316
# movest_p1_a1:
 1.47890805933503 -0.632825977657239 0.817346451861988 0.358171002835764 1.06085467785078
 0.665530551839874 -0.527673217451531 5.87553997618716 -0.167952258296242 1.01144490498873
 -0.724531482141696 3.09668656212077 0.333536826414875 -4.18706666233020 -1.00824318129040
 -3.05943562696613 -3.39562651567413 -4.04224666936093 0.525922206557150 -1.27415413195574
# movest_p2_a1:
 -1.07851566922365 5.99344224098410 -0.133580063754240 -0.102110839239649 -0.119058936347919
 1.68045690114607 -0.00700083691587317 -2.12266277340822 -0.104104541078397 0.156413592947960
 -2.44839274279735 -0.400751675156867 0.639235666392286 -3.49133190968467 -1.75946227141012
 0.690977542345271 4.55392993198031 0.00204329976788209 -2.14747611078359 0.111005513655812
# movest_p1_a2:
 -4.78820611106368 -3.98749171608552 -1.03994131278864 -3.54206097880160 -3.04373076835177
 -6.48958233155310 -7.28521276089058 -7.49690893614901 -1.97426182526157 -2.22974875985088
 -1.45000832220387 -4.38476788384486 2.56814278973105 -1.41612107741665 4.02524281808402
 -2.91271295284343 -5.27973241604458 1.55126662455822 -3.67010497461350 0.0474919890409975
# movest_p2_a2:
 3.25476995645840 -1.35667003722586 -4.43666735944160 -4.69985760676627 -4.54444852639569
 0.270909236482504 -4.42309182380559 -1.29348852783475 -6.26536039877780 -6.27095388202342
 1.24564749902648 -1.81551355376840 -2.80825678055623 -3.70832028924923 -1.73197805624369
 6.21726275257825 1.27232399849697 -1.24802917848537 2.46535498233849 -3.04195145348677
# movest_p1_a3:
 3.09857970377467 -1.48694796587084 2.37725784502880 1.43097324849880 2.61512414062354
 4.31446270889328 3.77282512207484 7.32037693329030 -1.63317827614957 -1.99223039292009
 2.11810387501476 2.64172442096690 0.0800033011589942 1.95872800157921 -4.39025852123781
 4.61746584423426 2.35903225537932 1.13112982169774 5.92616893695327 -4.77470558884426
# movest_p2_a3:
 -4.50485248024706 -5.28943917982176 -3.59669834115990 -3.90029579035815 -3.79289380007548
 -1.85567622625221 -2.88825553732303 -6.05107325477923 -2.31458080651335 -2.35153285280162
 1.96400019307828 4.22389958034288 -1.16337857890593 3.54199609179896 -0.637646377470800
 -2.15948681668633 0.252559167815329 -3.09166307925337 -2.25585568657433 -2.57490151842183
# lnqE:
 -4.04997655838689 -2.49190770979865 -1.72930797006638 -3.39875998529950 -0.980782647737959 -0.973107940012030 -1.62069326704408 -0.0799540119487077 -4.08412602540975 -2.27228626430829 -3.35644490115919 -2.84470614874122 -2.17387728352771 -0.806747288002574 -1.46220607935826 -3.23732002091248 -3.58653918331996 -2.26546686009585
# Fmod:
 1.98293051189245 1.46391240429070 -1.16349412326855e-008 -2.68700931994115 1.89504444524613 -0.636589996300736 -0.0782559250448955 1.87148715633175 1.52154553602807 -5.39400279997437e-009 -1.84920103534057 -0.0251787131735377 -0.443051410261672 -0.116379173570773 1.73202147837297 0.204409206074907 -1.88141495499852 -2.01804547792668 -1.56061798906628 -1.05250571368023 -0.109888682507431 1.96298058030209 0.700315093139282 2.09090253128587 -2.62560459612622 -0.00747067741352159 -0.237930378224399 -0.0964048823586705
# visc:
 0.781060308318314 0.684880042033726 1.04317982017144 1.64145192797701
 0.388428423829403 -0.454570388539462 0.359863908113298 -2.99999961035983
# lnRD1:
 -0.800190425596633 -0.398317058081035 -0.104843810350826 -0.160455823096766 0.107915391137284 0.0972267431003205 0.122955812797979 0.211065441885669 0.150636892951779 0.576305241526773 0.804984567472583 -0.607282973747128
# lnRD2:
 -0.100909782262022 -0.323381256207383 -0.341244713140525 -0.227099167318530 -0.418691072180519 -0.335262057982117 -0.449713519235478 -0.352395879505290 -0.110338926337202 0.0853149804552398 0.328063954501253 0.397566842227539 1.01801201720534 0.274958871656861 0.575101396588150 -0.0199816884653219
# lnRD3:
 0.277832296162898 -0.382443343387263 0.450315795605433 0.0449614586036237 -0.390666206984692
# lnRD4:
 -0.319956948273728 -0.316554973890752 -0.469104646118434 -0.356822848237645 -0.479372512772129 -0.398526399281516 -0.0194426862988876 -0.409747934048248 -0.346963847863137 0.115331976194352 -0.630871807265479 -0.0512321922685254 0.272311038506556 0.129306600317931 0.330039017707179 0.00891423010478602 0.247808448087716 0.0553988057181396 0.146399974459361 0.512356017942982 0.778131017534692 0.725444677513121 0.477154992231666
# FDY_1_1:
 -0.0360532844243243 -0.0360532795477309 -0.0360532865773727 -0.0360532952560882 -0.0360532786871313 -0.0360532865529593 -0.0360532833298567 -0.861944452820347 -0.887439787917246 -0.907224621540683 -0.951243984852679 -0.909669898508417 -0.801067406308624 -0.695080389700419 -0.542162394043071 -0.306513055297149 -0.232401817624646 -0.116507621639684 -0.148886216108431 -0.164440729107090 -0.191836738849914 -0.129075006047842 -0.150780458086373 -0.137672628323531 -0.0814075403526256 0.0345970115760809 0.0488672107942204 0.125334242572770 0.162161078197233 0.249327579996394 0.309089938315568 0.362323396083226 0.365832385384927 0.380532421846045 0.444939971611366 0.539249487261359 0.591900799000906 0.542023631769864 0.467852268527549 0.480698144041222 0.515316152448257 0.498622146474818 0.535439254523509 0.508361167397179 0.470915107511133 0.434549120629521 0.406463351770798 0.348864188011330 0.262178817503923 0.196566765532783 0.0953643878558387 -0.0466111325997053 -0.175005067979970 -0.294335047594889 -0.393691036959022
# FDY_1_2:
 -0.0340270330648011 -0.650400401365237 -0.0340270263420339 -0.652434975531386 -0.677358070447580 -0.694612725760994 -0.0340270382306573 -0.686495425568491 -0.706724235114728 -0.724248607506222 -0.749142855835795 -0.692063578354200 -0.559246331210166 -0.432968557761737 -0.312083567366409 -0.146005517954063 0.0329394882461221 -0.0299210551122475 -0.0608049611540484 -0.0813585833346386 -0.0620046601943608 -0.0629945312254185 -0.0627795776514719 -0.0286795452256733 -0.00975702374864745 0.0752003748489077 0.122515809830488 0.209653484887237 0.219954938772165 0.297421572370708 0.324202183262587 0.384127028599490 0.372546188452291 0.372786911202896 0.454415850095159 0.526754769950968 0.525076365162485 0.496633635172161 0.460656470880773 0.476334610208578 0.480536214494301 0.483119556650845 0.490117322823636 0.470947212952067 0.437699138315387 0.407495128554761 0.378792035048063 0.308316493665962 0.222572428693230 0.141668270695422 0.0399217882824048 -0.0782160300121019 -0.205746983193630 -0.317674665058711 -0.426601708793646
# FDY_1_3:
 -0.0314913212053117 -0.0314912706253732 -0.0314913044445953 -0.0314913038805621 -0.0314913064659588 -0.0314913028081603 -0.0314913042760777 -0.0314912887361430 -0.565754195069204 -0.585036326470373 -0.563321116071883 -0.529874324565169 -0.415707659950209 -0.307131921800730 -0.200137296402304 -0.0740858460666104 0.105698282950020 0.00746532731914888 -0.0391649221541122 -0.0638853502317170 -0.0346594876847797 -0.0115818611425610 -0.0344467312893815 -0.0319231111957935 -0.00715099618711841 0.0683035911929174 -0.0314912978944278 -0.0314913040497068 0.200544871652426 0.244933675311735 0.271097009661198 -0.0314912930654968 0.333112356618677 -0.0314912935330863 -0.0314912901697376 0.374774167452711 0.385563061790615 0.428486934303561 0.385310457545705 0.348609797887390 0.358865529207395 0.324164277988912 0.322622759831422 0.342735149557694 0.330242759679959 -0.0314912954592708 0.275423153195684 -0.0314913073625554 0.122162698499430 0.0333039834020083 -0.0541819989348907 -0.143799844656349 -0.255100987581994 -0.378454225862217 -0.495652157754749
# FDY_1_4:
 -0.0356905462182385 -0.0356905741694203 -0.0356905511352173 -0.0356905492215436 -0.0356905600895026 -0.0356905763321241 -0.0356905677469444 -0.0356905555118124 -0.862636052648885 -0.893304366340234 -0.0356905587184988 -0.792192811408760 -0.673619006474798 -0.572926077073973 -0.432295664560185 -0.287072595323461 -0.0417037402038263 -0.156666328827122 -0.159572235553427 -0.189014430721143 -0.171428174496572 -0.132750556959562 -0.129097819128508 -0.122845716771891 -0.0946793495321093 -0.00253784548392316 0.0301989069690984 0.134770428458624 0.166585575568211 0.302631349090782 -0.0356905532218433 0.315406583041996 0.321263888232020 0.398204058687459 0.695691859873861 0.516209663854510 0.485272392719357 0.492933873220038 0.442942548436984 0.461928286502750 0.409427293286690 0.464151062050198 0.378213292558805 0.326312110338172 0.333585029722038 0.290644049899064 0.258758895741215 0.219961441430876 0.132049096416805 0.0615742799998759 -0.0822091479123391 -0.211650505793452 -0.332879495686824 -0.395991734701341 -0.544736718131949
# FDY_2_1:
 -0.0171216609429559 -0.0952699125319115 -0.0803983253248229 -0.0954176213494665 -0.130100915107235 -0.160308725483693 -0.167055306663217 -0.160541825877107 -0.186324229840936 -0.199575100087258 -0.214110044975119 -0.176128106321327 -0.103938270942767 -0.0609562337049248 0.00428015691846711 0.101510963436970 0.348495998754304 0.160917008658915 0.124607193191258 0.119599645412006 0.142849201641404 0.0606168541151061 0.0797522232525711 0.0846196158228664 0.0686871194587092 0.0814259043096674 0.124775193014321 0.155184105072007 0.146309364506893 0.172476577605291 0.134299112383172 0.235626058895716 0.165727769534369 0.154299420820644 0.199049175677058 0.210208744800320 0.176589341207261 0.164110673707524 0.119160865515466 0.0872795967666295 0.0556487101821865 0.0460994440674688 0.0560314930194793 0.0772440560469389 0.102175325135397 0.0736263039875515 0.00829066476819833 0.0536934492985272 -0.00682273401062800 -0.0743471836625621 -0.198132527905487 -0.306083655613231 -0.431493322583322 -0.549579580509255 -0.681562047547438
# FDY_2_2:
 0.217403455065078 0.0616660441569346 0.0807219517384910 0.0304195070498954 -0.0243311007096782 -0.0776819991783785 -0.102314463184126 -0.100459988762205 -0.128041904723515 -0.433798568630716 -0.0897013056936348 -0.0798753347466683 -0.00397215547839576 0.0501428794536654 0.0956741332549551 0.132866066726536 0.237985053789203 0.145648452152969 0.132705460788195 0.119154024334236 0.148639618592940 0.0812982653593107 0.0585330370942543 0.0555869148377928 0.0114317398288744 0.00942362375247345 0.0858899533632139 0.186693730874888 0.107379837437313 0.173057693540803 0.102789869571158 0.196999071376329 0.170009230831572 0.137775194576460 0.174043952353493 0.200221453831788 0.137695424469343 0.0866069927392806 0.0424467302750793 -0.0292966350639469 -0.0708664283553270 -0.0868581644952428 -0.115065975033587 -0.134867814904710 -0.0362602900541226 0.00522501793839663 0.00965908358072802 0.00479560968740316 -0.0112857145689073 -0.0566945823944646 -0.152909209917872 -0.254625529837182 -0.375768930183825 -0.505718443196526 -0.620194535310022
# FDY_2_3:
 -0.101162246312215 -0.165807960344675 -0.143483217731488 -0.203486665688107 -0.236601028657879 -0.253834951619939 -0.217129633864119 -0.235310562832491 -0.281941216203863 -0.305678570970553 -0.171792508059071 -0.149653564719872 -0.0735008736181073 -0.0130600773812897 0.0655609130482664 0.135510786491222 0.224301977955539 0.186707598541573 0.192790326468155 0.173752454387815 0.169395775146315 0.110464237253033 0.0847216844103662 0.110693825005160 0.0927705231751097 0.132463577337394 0.131745369896941 0.201906828395841 0.173240156001157 0.228900110746243 0.292950528581668 0.238720011592790 0.195320828091734 0.221497214339252 0.284734435778196 0.301342540239669 0.252848109764914 0.195500446304722 0.150050867415519 0.0669175406701598 0.0379108969810500 0.00456491989239402 -0.0790885622682241 -0.0599275030247770 0.0349675754367209 0.0358041810230261 0.0347747956015465 0.00467648498321835 -0.0171256745531277 -0.0690771600052496 -0.153631301200869 -0.289947985826327 -0.414330363528205 -0.511558418068712 -0.620377474477550
# FDY_2_4:
 0.157944163483238 0.151550562151834 0.143794201455909 0.0748400304647503 0.0406350773141981 0.0445626931805792 0.0681437782745573 -0.00740631644430189 -0.0907360645193429 -0.0818338552860021 0.00513680331374867 0.00405679019013717 0.0589516142763702 0.100081923215725 0.157235039177193 0.189313356679412 0.236256360311078 0.143355026054090 0.153453884654656 0.124994143948617 0.0918008949559472 0.0155760131515268 0.0428504449432627 0.0807492697381416 0.0896844844493336 0.113473390318608 0.142367950254009 0.135465088866437 0.102082577537608 0.124284447079211 0.245276701245105 0.153736042803257 0.0841557089438641 0.109105515514923 0.145081478830110 0.166768570823244 0.144257523939187 0.112147299554024 0.0358009125759362 0.00104880798720109 -0.0287923876168610 -0.0438537624775370 -0.00910905213474455 0.00997542380617268 0.0122239210762003 -0.0612692020589756 -0.0563550221505147 -0.126662197314202 -0.175150319674015 -0.258590197996560 -0.352721427458985 -0.488564992959506 -0.626181284212563 -0.759485568584130 -0.845506265651162
# FDY_3_1:
 0.00000000000000 0.00000000000000 0.00000000000000 0.00000000000000 0.00000000000000 0.00000000000000 0.00000000000000 0.00000000000000 0.00000000000000 0.00000000000000 0.00000000000000 0.00000000000000 0.00000000000000 0.00000000000000 0.00000000000000 0.00000000000000 0.00000000000000 0.00000000000000 0.00000000000000 0.00000000000000 0.00000000000000 0.00000000000000 0.00000000000000 0.00000000000000 0.00000000000000 0.00000000000000 0.00000000000000 0.00000000000000 0.00000000000000 0.00000000000000 0.00000000000000 0.00000000000000 0.00000000000000 0.00000000000000 0.00000000000000 0.00000000000000 0.00000000000000 0.00000000000000 0.00000000000000 0.00000000000000 0.00000000000000 0.00000000000000 0.00000000000000 0.00000000000000 0.00000000000000 0.00000000000000 0.00000000000000 0.00000000000000 0.00000000000000 0.00000000000000 0.00000000000000 0.00000000000000 0.00000000000000 0.00000000000000 0.00000000000000
# FDY_3_2:
 0.00000000000000 0.00000000000000 0.00000000000000 0.00000000000000 0.00000000000000 0.00000000000000 0.00000000000000 0.00000000000000 0.00000000000000 0.00000000000000 0.00000000000000 0.00000000000000 0.00000000000000 0.00000000000000 0.00000000000000 0.00000000000000 0.00000000000000 0.00000000000000 0.00000000000000 0.00000000000000 0.00000000000000 0.00000000000000 0.00000000000000 0.00000000000000 0.00000000000000 0.00000000000000 0.00000000000000 0.00000000000000 0.00000000000000 0.00000000000000 0.00000000000000 0.00000000000000 0.00000000000000 0.00000000000000 0.00000000000000 0.00000000000000 0.00000000000000 0.00000000000000 0.00000000000000 0.00000000000000 0.00000000000000 0.00000000000000 0.00000000000000 0.00000000000000 0.00000000000000 0.00000000000000 0.00000000000000 0.00000000000000 0.00000000000000 0.00000000000000 0.00000000000000 0.00000000000000 0.00000000000000 0.00000000000000 0.00000000000000
# FDY_3_3:
 -0.269166353529378 -0.339551070884669 -0.343715341594412 -0.375814805516256 -0.401105580993850 -0.418830820572877 -0.401565512201428 -0.408425330533836 -0.432930877366925 -0.471882546163908 -0.420522276550509 -0.390026072637355 -0.298859764852106 -0.174828225670430 -0.0652502988337415 -0.00627997945379017 0.126028826705773 0.135708420290365 0.143993160989972 0.143348492098833 0.144218315475126 0.130396817890410 0.118389376417091 0.120290487548404 0.106381556406084 0.187053793120111 0.208833513137237 0.243641420316044 0.257681879995846 0.293534696600939 0.329466605666672 0.327281802974737 0.303836849230898 0.292681807887372 0.352369315047644 0.350121575393939 0.339927006314663 0.223285193809350 0.203480392255814 0.157117895538074 0.0942787984354246 0.0828200138596645 0.197978329613291 0.197182255418377 0.192345421512811 0.199919438728448 0.194960954742778 0.155258133492901 0.122999494218667 0.0523796660521630 -0.0652121601527326 -0.182455523083921 -0.298750169200315 -0.404666085829080 -0.559352911564407
# FDY_3_4:
 -0.267710519299003 -0.310179144505832 -0.326824835664521 -0.353248395170726 -0.371760434084986 -0.356369455179455 -0.342534719163785 -0.362661664733539 -0.384599395775889 -0.388871720956984 -0.380009551175096 -0.300208373588100 -0.220205066727477 -0.146317634647708 -0.0268684741284618 0.0537419191670437 0.215805662762260 0.144461480917761 0.107253032546059 0.0583986056826577 0.0491089577256222 0.0210868175810223 0.0170922128539978 0.0608861800477575 0.0857005006777877 0.0894823808892461 0.159011928257167 0.179116803954671 0.244058926388598 0.219966129378676 0.387297644552093 0.277004192239730 0.256823256912133 0.254394662443146 0.345954400336070 0.406540497244270 0.339798983511680 -0.0380164058518556 -0.0380164195065161 0.243384916178900 0.231576455419243 0.292812909512048 0.272042306712027 0.322502882757206 0.301098228502411 0.303837188966977 0.197797907197005 0.153323018671835 0.0950449176918576 0.0239531721265894 -0.0906393134046658 -0.246835737658460 -0.374739444001322 -0.486207774824988 -0.597534599756176
# FDY_4_1:
 0.195462481280695 0.139323221829697 0.102043907231171 0.0468118742292768 0.0126804087803660 -0.0208337202119232 -0.0254514899477090 -0.0250980082707071 -0.0121658658620825 0.00832332009808693 -0.00493479059511300 -0.000152359808854269 -0.0131906407645360 0.00622426957340265 0.0375735910987500 0.0715060048607409 0.105732284120422 0.135256837543058 0.131125754001143 0.122157060455269 0.0873975708071594 0.0594903729399720 0.0294497971940858 0.0224006458418614 0.00314925807225512 0.0265022775660796 0.0674770449725481 0.0898285058541170 0.0853240483582839 0.122916577828899 0.0904816130988286 0.142485685663281 0.130971773632989 0.145433446670819 0.157993315556871 0.155927265433513 0.116466502240140 0.0635351149610383 0.00747247443954839 -0.0534717103714005 -0.107656260447243 -0.140214667739632 -0.118952368680503 -0.138649763684345 -0.0883186851468474 -0.0470841418619661 -0.0159722380134891 0.00749241948241456 -0.00384190879758835 -0.0444172912939718 -0.128782912130570 -0.251098844937247 -0.378725617455172 -0.497054957692693 -0.610348482003189
# FDY_4_2:
 0.146140810899504 0.0915192463389633 0.0548168960923343 -0.00565826579301912 -0.0385277762845160 -0.0713977679124130 -0.0801791143011546 -0.0745002851122818 -0.0684396998491552 -0.0502885976701420 -0.0433303608412415 -0.0345662196013344 -0.0378246714762272 -0.0103352585737042 0.0233750513209765 0.0685448705552902 0.110057158347083 0.140121302720821 0.132991148276612 0.124756701923535 0.0892730500750582 0.0576763816897472 0.0277636111543886 0.0210240119130507 0.00428810501275830 0.0414437180700009 0.102061290125388 0.108077770976685 0.118153753836088 0.155075826458304 0.125108518103897 0.227407022257232 0.181835046153274 0.165620693784132 0.174894883648059 0.170410717383144 0.127561749743334 0.0744857691146237 0.0174666677055786 -0.0531654522578649 -0.112159213304009 -0.137574820255514 -0.125274471373377 -0.152815968610183 -0.0960364543992647 0.00605240023282235 0.00805713258181303 0.0204875098274488 0.0124653145874900 -0.0198547381634917 -0.103113974307223 -0.222603749353183 -0.344119288691995 -0.460793074726243 -0.586454908051899
# FDY_4_3:
 0.159143383673982 0.108906248978484 0.0783844191200809 0.0188560427514644 -0.0125716884901636 -0.0488618298366432 -0.0597890173325026 -0.0539492493740289 -0.0458350578059938 -0.0119610342297098 0.00166342561040740 0.00757668511267558 0.000317652143630844 0.0199871281648483 0.0484805477481943 0.0957485086621442 0.131678241598200 0.170211303923793 0.163259604424534 0.150784251352907 0.107613516761105 0.0717041683495421 0.0370775397210122 0.0360953283475952 0.00894492524959685 0.0500829269687116 0.0786032307515242 0.0913779202299446 0.0922743390017707 0.133020373022112 0.130881680089735 0.187463187385882 0.150157207467433 0.148042334426140 0.173467014904100 0.169354927098350 0.132290675454835 0.0700503129983939 0.0185796964244854 -0.0446098843127013 -0.101309488185947 -0.122416462849858 -0.0984877125515353 -0.148915758359902 -0.102060720345389 -0.0676917890597248 -0.0362997654288778 -0.0223185216055543 -0.0292812972328542 -0.0638931090696812 -0.154893229451004 -0.279820372326105 -0.394977124538539 -0.511676905367160 -0.630458730163739
# FDY_4_4:
 0.170330017183711 0.119549298795226 0.0892233166965282 0.0250837841800271 -0.00326625027430083 -0.0396488021136143 -0.0516023098427656 -0.0462108054818042 -0.0344521371141804 -0.00396432013018355 0.00805261847696315 0.0101881606925200 0.00478938617951652 0.0236246268208626 0.0551860798166572 0.0943290252444369 0.133458472963524 0.173865666051656 0.165247185900690 0.153637462092953 0.113810186404707 0.0764882220469785 0.0397643235822027 0.0448494688017735 0.0136937088169562 0.0526068592532409 0.0770934192153137 0.0911027487338831 0.0897225385285534 0.130565713480301 0.127781007135049 0.179771336356735 0.144110606296151 0.145026121694848 0.169682023095474 0.173768663797611 0.133481529056192 0.0679774119611105 0.0148964462913197 -0.0457941552553889 -0.104561425481588 -0.126304054228060 -0.102076150983478 -0.152558693585315 -0.111159005022644 -0.0770835267698375 -0.0451442322398306 -0.0323268875893721 -0.0326886272679161 -0.0774345433293204 -0.162717844777174 -0.287202092980660 -0.410133257746490 -0.523928614776342 -0.642499698653406
# FDY_5_1:
 -0.0344553625906534 -0.0344553481850549 -0.0344553696926258 -0.0344553650789164 -0.0344553540187467 -0.0344553588644359 -0.0344553817150488 -0.0344553682004665 0.274668274698166 -0.0344553627339619 -0.0344553491765685 -0.0344553865963593 -0.0344553322581320 -0.0344553474262370 -0.0344553409737025 -0.0344553685371128 0.311040727486293 -0.0344553698544483 -0.0344553484770445 -0.0344553722250241 -0.0344553567799033 0.181748597195182 0.146737165730105 0.110719556685682 0.0782663822857485 0.0707378045475617 0.0732978001590889 0.144618798480143 0.0924717180873640 0.0980721345877628 0.0255478237364559 -0.0344553528323206 -0.0344553395390688 -0.0344553358949784 0.139798044228076 0.157955103771333 0.206000924837622 0.0730890139513662 -0.0344553738931253 -0.0344553561871490 -0.0574451568718888 -0.0344553470313032 -0.0738949986687812 -0.0612459647930588 -0.0358278280179216 -0.0354480297937969 -0.0344553598590882 -0.0344553640207477 -0.0344553649036201 -0.0344553394700031 -0.0344553578277052 -0.0344553474911558 -0.0344553332485416 -0.0344554056799793 -0.783881071059274
# FDY_5_2:
 0.296695967479285 0.232455102327497 0.000457785175706249 0.164923289656340 0.000457786738370913 0.000457782610777535 0.000457802612404556 0.000457795481440293 0.339485314213598 0.000457791948949549 0.344253413822043 0.276031823698890 0.000457787724399950 0.130266264436549 0.0972259938681482 0.000457789579588841 -0.0103545444803016 -0.0285082430083973 0.000457781104919874 0.000457782847666266 0.000457787285367139 0.000457778833897393 0.000457786943578320 0.000457768123201063 0.000457801538640368 0.000457795671826666 0.000457771587699973 0.000457789040463652 -0.689598390819578 0.000457796824927392 0.000457789974399247 0.000457791457067458 0.000457788107521040 0.000457781404932334 -0.582230698939947 0.000457791774086758 -0.589872337308483 0.000457760111661187 0.000457804903392400 0.000457809972361645 0.000457769126215624 0.000457788424314742 0.000457779069858866 0.000457779631968336 0.000457788428027328 0.000457787918334596 0.000457764513214087 0.000457791696204168 0.000457796126905308 0.000457779813723391 0.000457778781902540 0.000457789647468765 0.000457778101461059 0.000457795230943780 0.000457799164566985
# FDY_5_3:
 0.306196772027433 0.274126673892248 0.173496083938731 0.194115389509826 0.148968876376593 0.122073953402286 0.104904734346164 0.0949034276006096 0.0947531980451518 0.186806513230120 0.171433474299436 0.188535060768031 0.135319664204486 0.134978684830579 0.158998636658180 0.180563495562954 0.143463602862485 0.170090635260513 0.215737891477808 0.145772579906607 0.0283748774548585 0.0909205511180532 0.0283748761262360 0.0283748731187875 0.0283748719521766 0.0283748596004801 0.0728834744084788 0.0883105272017205 0.0289459342975783 0.0788299342716848 0.300859903453271 -0.0744640712932102 -0.0894088194733173 0.0590854669976207 0.118057054142315 0.149628415311630 0.126859131511455 0.0335147609679157 0.00371141499766831 0.00458179454179592 -0.0607482326135055 -0.0610684688608422 -0.0189997474567862 -0.0751721687739363 -0.0481851048245767 -0.365609886500135 -0.106755525264227 -0.104180417212076 -0.202082819502753 -0.265483083896794 -0.347587686785749 -0.515053496486923 -0.680932201536348 -0.792859049589355 -0.834711289603432
# FDY_5_4:
 0.000135829169198603 0.197693661177668 0.225367220745004 0.000135842366877109 0.000135832670283358 0.000135814376062998 0.000135821325629253 0.000135852379367501 0.000135845699439779 0.000135821681386455 0.000135848187184900 0.000135840414614757 0.000135830681282395 0.150309753435259 0.000135834377795712 0.178563845340214 0.000135817493528395 0.238631556602932 0.000135819321539026 0.207593800014793 0.187021491064462 0.151207000991848 0.0939795437256168 0.108621484993262 0.102117749071044 0.150121735689626 0.108394637589664 0.138494737998054 0.0782337513831177 0.144566729893907 0.516829125735237 0.165989235996487 0.0882184113576907 0.239484781047352 0.265769515397141 0.310048205292458 0.238395122004847 0.165387966683966 0.103450161426091 0.0733095329278976 0.0313908075279576 -0.0432713689547349 0.0158192608411698 -0.0355744812089094 -0.0355511288484756 -0.233356072357778 -0.223964359014303 -0.265410871106196 -0.274447570949979 -0.356015763123656 -0.429359194814574 -0.552872421767830 -0.643316992528671 -0.750695971829411 -0.833076279594439
# FDY_6_1:
 0.0115743715175434 0.0115743517250700 0.0115743526837227 0.0115743443001773 0.0115743456938305 0.0115743694256070 0.626420462925335 0.686601392470141 0.0115743641726925 0.849847641238205 0.0115743644730362 0.737414721843607 0.0115743644057461 0.0115743674693505 0.0115743683056052 0.572410844188077 0.532725563022917 0.0115743637814348 0.0115743601365966 0.454533603242994 0.0115743480184110 0.0115743585978301 0.0115743633004489 0.0115743586918865 0.140131773403373 0.0722929052832644 -0.00780465223690812 -0.00811254321597848 -0.0413363087584306 -0.00493284365576223 -0.0542870608770851 0.0115743508947262 0.0115743666928925 0.0115743654109544 0.0115743718374520 0.0769892844295193 0.0481254695772196 0.0115743840560728 0.0115743606193633 -0.0340376131285546 -0.0845480327120577 -0.103409023821609 -0.0660081486314476 -0.0771280094585282 -0.0817347114791511 0.0115743672788647 -0.197102042372800 -0.245635307320132 -0.289471003607050 -0.371622038456297 -0.462427743980839 -0.589111206818216 -0.675265391852854 -0.799538483099939 -0.881766179630328
# FDY_6_2:
 0.869694996497287 0.688210811216440 0.815566543124630 0.790912137888830 0.703705863653119 0.849678058449399 0.873569530821016 0.954795950899259 0.933502497156074 0.990732383391112 0.819886256902612 0.857827381616515 0.689992560799181 0.668636201164776 0.602916169615637 0.430200695254762 0.397571361338129 0.457564932335073 0.427177575916764 0.297340278155840 0.258380362156055 -0.0127897612426479 -0.169884658501856 0.0984578279996431 -0.121158674639195 -0.268791796605528 -0.313980392096840 -0.231873363737882 -0.404027415086706 -0.392053717334484 -0.406894092970076 -0.596558780298782 -0.555183777442164 -0.391064675700040 -0.266876241978059 -0.264261317975590 -0.307164185027462 -0.327258959081291 -0.298319447805975 -0.299352834153324 -0.357862393348646 -0.418928416838303 -0.296194265036847 -0.440646614522904 -0.393485817831383 -0.443718755388545 -0.488333632516467 -0.494194866441771 -0.515801863919279 -0.603712055352145 -0.723019787695513 -0.874445182487520 -0.900613210825192 -0.918694619127758 -0.979174803341976
# FDY_6_3:
 0.531089465153816 0.533351993529842 0.814415802733990 0.803929141217824 0.825918977429778 0.876867755035766 0.769589703711144 0.818828504556469 0.887378107410655 1.06142003690875 0.900918354105853 0.702724651721501 0.487046446365031 0.563346551524044 0.510439721958646 0.451898154753912 0.450904323381474 0.321146447349161 0.349106771546532 0.227299363657687 0.178432183043736 0.0628045498453730 -0.0963558913593184 -0.0974724373687291 -0.241359083846522 -0.371360516317498 -0.377353640471588 -0.330057942527222 -0.425131124765381 -0.316577992291483 -0.479846931777171 -0.460926732419215 -0.397586030667097 -0.256627315159060 -0.165849970538063 -0.136865270307745 -0.165309120691154 -0.180656089676345 -0.140800534868811 -0.239865944556673 -0.282610039043285 -0.205800950787975 -0.159164589948309 -0.290086350190607 -0.349456597521512 -0.439271003874462 -0.504995286045023 -0.510600635434770 -0.547035406439225 -0.599791838039075 -0.690150128289986 -0.813903740087822 -0.875903959276972 -0.969684274839627 -1.01039963751326
# FDY_6_4:
 0.804974293535603 0.789162139632391 0.616271660195149 0.773908421887797 0.805136871218491 0.868625280104616 0.871553231020134 0.977078359945549 1.04500515076228 0.947144509734952 0.870071162226658 0.739767150868565 0.642332749924516 0.567878601558928 0.500728766177488 0.450757871743154 0.395525676406023 0.397197900233640 0.314194825419905 0.283568937467155 0.0683356298174997 0.0471021660224418 -0.0974000260476764 -0.311304742290377 -0.616017513238357 -0.477836258333746 -0.378772542710621 -0.420911340132723 -0.447516507654029 -0.392878559357364 -0.675617485681355 -0.468240916607842 -0.272910711740908 -0.200576469207777 -0.0415973563518932 -0.172743503898045 -0.249524902289038 -0.191889311157677 -0.0997113356370667 -0.158224558396396 -0.229142149251584 -0.232695144557508 -0.100845993599201 -0.294903636354401 -0.326728672339200 -0.379318177498697 -0.503742086170483 -0.532749839033708 -0.560300352555054 -0.543938608980841 -0.681673284246308 -0.812389966836792 -0.896271241095079 -0.975067992299074 -1.03288017035211
# FDY_7_1:
 0.208044115384466 0.155933370764102 0.135302672740922 0.106156320822489 0.0866842258913264 0.0655991469981497 0.0436988300259763 0.0707614115491889 0.100230348743261 0.134310511440043 0.190344919727823 0.188703645033331 0.212127342695396 0.189055042742641 0.164412239125362 0.176433789803924 0.193592029856778 0.213075135248153 0.248033384665699 0.213106704857527 0.209075524847301 0.177954743095189 0.100814878810788 0.0911796115473183 0.0508988200228109 0.0398495791214704 0.0602872532975403 0.0315222878758442 0.0735833298536116 0.0928042758721948 0.186807824399761 0.233757445168792 0.123135532432893 0.119898147546457 0.204406677236024 0.204943524475075 0.147067714779300 0.0839372938959387 0.0791042918237664 0.00518475904011802 -0.0502702291621488 -0.0989703559180747 -0.0677108096773692 -0.143775264836135 -0.216666770741226 -0.234907069814153 -0.252055333505200 -0.270092143652916 -0.306112140296470 -0.361746209054505 -0.455195507505205 -0.577181379498225 -0.697083164717334 -0.793287222462564 -0.886765102417227
# FDY_7_2:
 0.408956030370427 0.356360999416547 0.336061004700542 0.291817902808355 0.266233766795871 0.238271890442790 0.247953426524039 0.278560099000408 0.306501966787482 0.377338626694314 0.354909509307844 0.332467574303605 0.312221363626365 0.283132547028868 0.286546008053905 0.270523728553151 0.264337348802050 0.294495652689678 0.282558836077539 0.257781544724685 0.215244427455586 0.163323357856172 0.114607200139074 0.0679902938840962 0.00231624647627318 -0.0298615816430616 -0.0567498379483067 -0.0346036207984928 -0.0682990295752570 -0.0352501580848332 -0.0353554388081032 -0.0546410739591372 -0.0584676960031101 0.000520785018710803 0.0624081411929214 0.0792638768425147 0.0423032773779784 -0.00879782564638141 -0.0560443152447782 -0.0940464259122344 -0.161098344464660 -0.202106216595127 -0.152559489797415 -0.240369378419776 -0.241262121044965 -0.261092242153377 -0.283331059206846 -0.316623797105407 -0.356812107213191 -0.424808685445980 -0.508909515193520 -0.622262740293009 -0.737193926341312 -0.841158958299408 -0.913301847754103
# FDY_7_3:
 0.198136815889134 0.167040384888415 0.156836069885102 0.111743707805275 0.0851577241347155 0.0399254646934049 0.0443460887595749 0.0604867177815312 0.0922568484871871 0.209353990988334 0.204758732231826 0.236295570586859 0.175460996016369 0.162699007096182 0.158453617034599 0.199020464785044 0.210982817868863 0.250264376313938 0.229438496225059 0.223989720687523 0.192404734593676 0.138759082581214 0.0742210241099013 0.0857848017882220 0.0399205083214387 0.0420909971030952 0.0194771552313693 0.0651105117677978 0.0324225816598425 0.131605201086782 0.220974029999425 0.111190058263922 0.0484841375571473 0.136824648059214 0.212373559821868 0.219223574054415 0.185487295276449 0.144438158538896 0.114984620949519 0.0738769588731714 0.00270300627054982 -0.0337688021533919 0.0154651187673763 -0.202577740161612 -0.225876987248504 -0.282595161918141 -0.268221386908584 -0.312831366222466 -0.337359302819213 -0.383373905922936 -0.482183154030103 -0.595607403508193 -0.721418476225889 -0.805551578040327 -0.873104111674872
# FDY_7_4:
 0.170088482796427 0.145280340164886 0.144586778328433 0.0993098268486094 0.0776965909761879 0.0205717265569255 0.0329094861795237 0.0530212923862473 0.0802557879997558 0.213508047688113 0.215463740551704 0.272112166980080 0.199377930058797 0.160190511299605 0.151809914419301 0.189870544703443 0.203846095002536 0.286498950105356 0.248680557924359 0.265369741169558 0.235632159942900 0.168469127184453 0.121383129348990 0.137886256887131 0.0769799846316269 0.0890942333546509 0.0426675561638289 0.138120402225001 0.0880881602976492 0.271973233275412 0.312495936366770 0.198547038150269 0.116016625964305 0.217545849087525 0.253332465169732 0.238312525366195 0.200851278612118 0.208710528923204 0.142892269588150 0.0828554121569670 -0.00647591241469279 -0.0831419528201446 -0.0418072145433902 -0.268355000124394 -0.309047113382480 -0.343494523718401 -0.357918983162383 -0.394721268767784 -0.412095738594025 -0.471277439095635 -0.566621980053322 -0.691275313517649 -0.792007890938505 -0.880254383575452 -0.953807970128466
