# Number of parameters = 1827 Objective function value = 8201.87270086075  Maximum gradient component = 0.0105855178634508
# lnR0:
 12.7917079504009 13.9559675168932 11.4262212712201 11.1557692542375
# selpar:
 -1.71446695860199 -2.68446133663817 -0.491482188702826
 -1.56924788001229 -2.80493669660465 -0.344405982713793
 -0.740406289032983 -2.67273834296075 -1.57973911484377
 -0.985629712819350 -2.44731552615182 -0.904446393922735
 -1.66527015130429 -2.83900563398906 0.0430355686504003
 -1.19159036544336 -2.60313191700252 0.388500837306256
 -0.596462799904426 -2.25436034560185 -0.928533697200515
 -3.64118079064755 0.324656036521567 -0.718808366374669
 -1.17685144161265 -2.64622043367977 -0.0579715907735645
 0.164484973070068 -2.03923012494084 -0.670061325939725
 -1.46876430404694 -2.73746251395250 -0.178627459814490
 -1.87281498953099 -2.85670423424858 -0.222767812252790
 -1.14407929864214 -1.58926223460049 -0.452012320668601
 -0.995922635845019 -1.54581751306275
 2.94098694364637 -2.11423989333705 -2.81379159130796
 -0.407236212019918 -2.81430818158553 -0.776450700970504
 -1.53207448653627 -2.65379673005224 -0.323313046472896
 -2.46705478910071 -2.45864581512927 0.0305323507701587
# movest_p1_a1:
 0.359156024305305 -0.442108616762259 1.18056840669678 -5.49157785705807 2.40861657903257
 2.88739937881837 5.11287935743536 5.71423108026261 1.48984692873487 6.20753328056463
 1.59566299934022 0.713574116353703 -4.91796172990333 -4.95200219236003 2.89162793629141
 -0.0533535522132356 -3.38713726467871 -1.07157453025032 1.22697701617190 1.24956467741711
# movest_p2_a1:
 -4.34478995429203 1.24592738937251 -1.66370328040133 -1.48325553201310 -1.59279972847634
 0.600741994721586 -0.148169131045153 -4.06047740015994 -0.207537460273016 -0.0259523984631844
 -0.122921933461926 -1.99368963486690 1.68915320800546 -3.13636746127669 0.600328109048595
 -2.89488616608448 -3.57435350310964 -0.121192659290130 -3.75945976280597 0.184244905067953
# movest_p1_a2:
 -2.10570457785565 -3.44366309753489 -0.734158403265445 2.45544443717644 -3.14617996610495
 -7.05286445681796 -6.96328234320707 -6.49044744781252 -2.19657327126840 -5.15968726439958
 -1.18244486958767 -1.14007261555117 4.93490085088145 -2.16118386784195 1.53715323582091
 -3.32626238126958 -2.77659642097801 1.11510209772247 -5.89659890302762 -0.653516467978232
# movest_p2_a2:
 1.02564101762988 -3.14015122151694 -5.69558554979254 -5.84660292910909 -5.78071771843657
 -0.534034300758061 -4.54595027882208 -1.69780441289362 -6.56444085040439 -6.53851046498557
 1.25691444258565 -1.58788648328376 -3.20189204976662 -3.10988964239783 -1.58936851285501
 5.61601816642737 1.64429116253655 -2.56923122742556 0.321581225468131 -2.98191228555032
# movest_p1_a3:
 1.53961722799965 -1.32915323477542 2.67990323958898 -4.19069884587082 3.14557346528910
 6.50502968337814 -0.445737823095362 7.99999998979652 -0.713972729167528 2.86808253871880
 2.27642815588930 -1.30193594578107 -2.56314879487945 2.68635407125416 -1.11498743326737
 4.91494372571011 -0.553603767606509 0.616647333460394 7.99999981264395 -2.38331689062708
# movest_p2_a3:
 -2.30981830785693 -3.88491365439377 -2.55870729250185 -3.02223863337503 -2.84164250471029
 -1.02364513511431 -2.76516862277792 -5.76402653127142 -2.06193659161265 -2.05894358388410
 1.53328230982842 3.10337540903366 -1.28445872911216 2.12045640140939 -1.32039220362071
 -1.55933982529899 -0.348113490503090 -1.88936340850503 -0.0243365998613125 -2.20644351668644
# lnqE:
 -4.04835741688727 -2.46180692088196 -1.53553721465235 -2.76916609649717 -1.05128068632623 -1.08632692414827 -1.89024857541249 0.162122057809345 -3.64867038068439 -2.15861374171144 -3.29319465916200 -2.66738444937961 -2.43142148991319 -0.978722228058240 -1.49257814787632 -3.06138437032083 -3.57435377861622 -2.28379479377807
# Fmod:
 1.77729326398392 1.18493152864159 2.96276196372069e-005 -2.37501716363616 -0.592122771096364 -0.308885933951097 0.799949327388315 1.68838642066830 1.46226498823415 -2.63134294842260e-006 -1.63100638339937 -1.26138593972931 -1.00017099735196 0.464431698406491 1.17917559559299 0.225207544990144 -1.31488967499667 -1.98617165760365 -1.48026964932265 -0.614746609210487 0.777084171991980 1.45647405844345 0.702925654755132 2.29121980231993 -2.56523427849392 -0.0294400680944826 0.231372056977017 0.918598018216048
# visc:
 0.821239161312176 0.677870061776235 1.15917196947180 1.48031872587267
 0.395496298830381 -0.453909062152460 -0.192200716153192 -2.99999913671916
# lnRD1:
 -0.717828545629735 -0.330456863183051 -0.0344119650111568 -0.122252612991864 0.161870617967575 0.236835655568506 0.220688558361173 0.262021965988462 0.206035286431356 0.238731589894021 0.463536000220968 -0.584769687616256
# lnRD2:
 0.507656850696891 -0.0858793743718793 -0.0656036666027957 -0.195331900074089 -0.506124206075411 -0.623179135792994 0.0254709918830540 -0.414448384033323 0.0707765223029808 0.0352766362123948 0.0897729965688501 0.841065461634855 0.441887354119731 0.0857734875402145 -0.104108898380501 -0.103004735627976
# lnRD3:
 0.389876768765560 -0.661257026073929 0.769906633525644 -0.410339196237391 -0.0881871799798846
# lnRD4:
 -0.139691151079977 -0.0415767593439294 -0.704573730641512 -0.284929003597063 -0.443627190698125 0.0680834340658141 -0.0759059025749545 -0.921947609754304 -0.0974969379601920 0.236715709709541 -0.402077300030863 0.532239570922002 0.399633954964248 0.147920238795567 0.258114143086573 -0.325163358129504 0.233185421189967 0.117366352293675 0.0883454920193118 0.831875895539941 0.538168507312502 -0.0153896845817749 0.000729908493056078
# FDY_1_1:
 -0.0323145003798555 -0.0323145041590813 -0.0323145250882241 -0.0323145476379507 -0.0323145115594185 -0.0323145178739292 -0.0323144283381229 -0.618647658099904 -0.707168074922865 -0.711314070248713 -0.697854467115191 -0.657640942348040 -0.557713801472577 -0.492476528062604 -0.403734380857442 -0.197977327832273 -0.123165462601000 -0.0386926044870394 -0.00443424283966216 -0.0288605778919575 -0.0677649775146147 -0.0127436360612958 -0.0203217783498044 -0.0498898553920732 -0.0734973106801872 0.00352254041546090 0.0744088023074985 0.256353737103397 0.391927149936861 0.384566042560860 0.308151017771695 0.338709201425834 0.311752988859157 0.390933531715601 0.575750138623703 0.443631831360956 0.222029141545264 0.175835023248001 0.166731310963191 0.200549208520106 0.275718675861411 0.206101595214477 0.185955687320399 0.274149609782937 0.365536033039798 0.327624851546225 0.262328208209463 0.252629786940074 0.222177349410136 0.193616401396215 0.125737297717322 -0.0918800176133241 -0.310900690095583 -0.394207917581383 -0.449339305691925
# FDY_1_2:
 -0.0306981518986153 -0.429493695688346 -0.0306980457587486 -0.424802754753182 -0.445273845617682 -0.460460370155530 -0.0306979924205347 -0.487269582387351 -0.550994554362733 -0.563862384115757 -0.534785870779587 -0.485091864333793 -0.368152778271870 -0.276123917067307 -0.197748744137687 -0.0600678662889141 0.107986421444171 0.0576691425523114 0.0417298437193171 0.0211438434964449 0.0374740092487830 0.0312299905903449 0.0103173375428648 0.0169199414861104 0.00392182345796620 0.0635811023442713 0.159593775159485 0.329707151285799 0.347327678916360 0.398957686251513 0.354357404227057 0.386378020077572 0.390221787360173 0.375230794649200 0.405618725142876 0.340468009792131 0.206827811834481 0.151232024408844 0.150232413589198 0.166790621912780 0.185369224058761 0.170727318347245 0.187409677975984 0.263837968308407 0.303006951003708 0.303293914047254 0.288181220721868 0.246399857614137 0.190674589309412 0.122227089218323 -0.00170226807019581 -0.159824428092898 -0.306916827934839 -0.431129977008627 -0.540249251950954
# FDY_1_3:
 -0.0214396343105941 -0.0214396943853011 -0.0214396927932350 -0.0214396913306165 -0.0214396275329694 -0.0214397123088224 -0.0214397049239652 -0.0214396556294545 -0.266439187394240 -0.273303023141027 -0.163413269005476 -0.165573665836616 -0.0431965853715644 0.0741139526905485 0.104451746526645 0.151189144725686 0.319491083580333 0.201199578982745 0.145502647009623 0.0797478582502828 0.0815133011390900 0.122560650121598 0.0558974827073550 -0.00650280379012783 -0.0363573537002535 -0.000261107220015850 -0.0214396691382060 -0.0214396593074209 0.340849499719885 0.356296828684152 0.252834527420716 -0.0214396416640408 0.211589408701048 -0.0214396185385215 -0.0214396536930142 0.0782555611571240 -0.0616099979766467 -0.0629785326931056 -0.0431941188488920 -0.0431648520203989 0.0115616241146548 0.0133218915968307 0.0546577500353244 0.209246581253834 0.275714254656277 -0.0214396150135528 0.203098449181374 -0.0214396751883264 0.109062819217389 0.0142654252709457 -0.119428897548841 -0.278502675511069 -0.420365832207008 -0.531834780226023 -0.628700438494117
# FDY_1_4:
 -0.0264809993407078 -0.0264809078380446 -0.0264910879993345 -0.0264809164292781 -0.0264812640217618 -0.0264809405097499 -0.0264808475261140 -0.0264809618697659 -0.516420255806841 -0.406663396488960 -0.0264851413783389 -0.359727452400494 -0.290817416764043 -0.249983112365014 -0.152134858760441 -0.0561088300005470 0.131049820319779 0.115182121826120 0.0674527942912566 -0.0148896662371798 0.0184466618512196 0.0602606648853263 -0.0223079512365598 -0.140100266501384 -0.116803259043705 0.0236620635932465 0.198983032560110 0.449100267970282 0.319868601296077 0.209946929153176 -0.0264945594760238 0.132719370259868 0.237729807114897 0.472228891610039 0.367042347011006 -0.0123168787740675 -0.0298752196838028 0.0611469578681016 0.0776036012513628 0.146252043349484 0.0588881538730308 0.0338577344234809 0.138157665108813 0.298596532667043 0.255678551421000 0.123123151425341 0.148320416482752 0.172732137925003 0.141736706115434 0.109044208123655 -0.146041241721035 -0.417340398428844 -0.457462399322821 -0.435819113116243 -0.479161890735802
# FDY_2_1:
 0.100437304131778 0.0147075459283826 0.0353262367941799 0.0151808321165637 -0.0244534990005109 -0.0569471633467552 -0.0757491885614984 -0.0693678476593401 -0.0921043415353718 -0.130172939024780 -0.117402449495580 -0.0752449183941216 -0.00708364508991045 0.0436980680993534 0.103448561711561 0.172103919404373 0.336029786814609 0.206231264115913 0.144001036227127 0.138580373674154 0.143693542232643 0.0748708405437514 0.0776745475213400 0.0654441980421417 0.0662760903522145 0.114263196821768 0.0947458332900585 0.0589408870449338 0.0823469803012499 0.187857558776801 0.174598826563802 0.276917321690703 0.00664469622238661 -0.119007373557869 -0.0449414621395782 -0.0201877836428602 -0.0503554037854203 -0.0476208275440969 -0.0541646943467592 -0.0718085774319602 -0.0371122614685756 0.0323330061381176 0.0927971424393604 0.155264894302758 0.195055042288505 0.185260888848013 0.188651166119108 0.165014637757545 0.00316060758147040 -0.150774820228639 -0.272561891818069 -0.372652788133638 -0.477319883105862 -0.586791017774206 -0.797732056811259
# FDY_2_2:
 0.156059697606015 -0.0227792919150323 0.00820074140511924 -0.0525947154487694 -0.122683955825401 -0.172650880102165 -0.187025414216034 -0.181944270147123 -0.227138137676192 -0.546541364285492 -0.173407725539274 -0.140348802491717 -0.0114557689160815 0.0412545546476563 0.105543488604572 0.165789735649346 0.293338560268121 0.190660921338462 0.146939441442701 0.139172864043917 0.156695010945397 0.0686227864030348 0.0533855493120987 0.0566352386867985 -0.00728882338048624 -0.0210826845513495 0.0769997359616045 0.236201200425062 0.230720465493907 0.352208013726371 0.306751519409199 0.388220379592497 0.100903507434021 -0.0434406919514474 0.00462466067545737 0.0229413578818518 -0.0457101856949327 -0.105174660301882 -0.115673142369248 -0.118774538776831 -0.0879010764529580 -0.0279676036443187 0.0116360118297731 0.0390327317375460 0.189560890070585 0.245445641617094 0.276241901123488 0.232127366136480 0.117211031139236 -0.00864433082542586 -0.120083952365141 -0.235234234064606 -0.374165019565710 -0.515861682671637 -0.747552051428153
# FDY_2_3:
 -0.190067508400771 -0.267688804852375 -0.218435941872100 -0.284980166754166 -0.328157198680639 -0.353263046060851 -0.314822827097541 -0.324941890617138 -0.365500697965909 -0.415815260034491 -0.248558430107056 -0.203781631426743 -0.0904322752889521 -0.0247889534545116 0.0663940594436590 0.157088799823220 0.273141928046203 0.215906237191334 0.210643747697053 0.190906500515731 0.184786415386434 0.110196970345797 0.0786222113861464 0.108563639717995 0.0906674744982932 0.133981300661281 0.159017898134988 0.342804888077852 0.344362756042637 0.430521237226976 0.483545160021390 0.184506258211626 0.0260567073913561 0.0579037435765016 0.126041058965826 0.135057546939342 0.101309941710714 0.0902537288467207 0.0929630284731158 0.0534265193359558 0.0946881938594529 0.120387185452859 0.0351009364601789 0.100788510821378 0.241504745038549 0.277153731835761 0.265083787229943 0.141908528398729 0.0373530389801531 -0.0261139643463719 -0.119092250499183 -0.247649117059657 -0.366477032005408 -0.601647331595456 -0.770424087625834
# FDY_2_4:
 0.0857062132702217 0.0814318817336869 0.0814680732558510 0.0144670000610671 -0.0305072412209591 -0.0428926930422258 -0.0278821864695103 -0.0716560232849724 -0.157661115205583 -0.174525526624926 -0.0835198587151774 -0.0267716403109025 0.0585074108372613 0.0952344128791888 0.158174127744363 0.223173244809536 0.277993237495583 0.151020051564471 0.153128438539305 0.123908258797247 0.107748489944284 0.0642340743979043 0.0342214801561018 0.0663775268961275 0.0680865512193464 0.108977100889275 0.203202480383472 0.269737871975971 0.294646120735550 0.338523146642876 0.432862598795044 0.104528256848835 -0.125265519670532 -0.0923451069479884 -0.0439788159418904 -0.0418366944685878 -0.0573149956467599 -0.0218761827716539 -0.0438013717696405 -0.0170831204308793 0.0158717088495199 0.0690048833218861 0.163732791828359 0.196139586873186 0.197357410942419 0.192825694167447 0.172620557115149 0.00708685883786646 -0.119344704541369 -0.214882784085870 -0.326247809270520 -0.445132007111849 -0.581578832983624 -0.854281608394926 -1.01161170289805
# FDY_3_1:
 0.00000000000000 0.00000000000000 0.00000000000000 0.00000000000000 0.00000000000000 0.00000000000000 0.00000000000000 0.00000000000000 0.00000000000000 0.00000000000000 0.00000000000000 0.00000000000000 0.00000000000000 0.00000000000000 0.00000000000000 0.00000000000000 0.00000000000000 0.00000000000000 0.00000000000000 0.00000000000000 0.00000000000000 0.00000000000000 0.00000000000000 0.00000000000000 0.00000000000000 0.00000000000000 0.00000000000000 0.00000000000000 0.00000000000000 0.00000000000000 0.00000000000000 0.00000000000000 0.00000000000000 0.00000000000000 0.00000000000000 0.00000000000000 0.00000000000000 0.00000000000000 0.00000000000000 0.00000000000000 0.00000000000000 0.00000000000000 0.00000000000000 0.00000000000000 0.00000000000000 0.00000000000000 0.00000000000000 0.00000000000000 0.00000000000000 0.00000000000000 0.00000000000000 0.00000000000000 0.00000000000000 0.00000000000000 0.00000000000000
# FDY_3_2:
 0.00000000000000 0.00000000000000 0.00000000000000 0.00000000000000 0.00000000000000 0.00000000000000 0.00000000000000 0.00000000000000 0.00000000000000 0.00000000000000 0.00000000000000 0.00000000000000 0.00000000000000 0.00000000000000 0.00000000000000 0.00000000000000 0.00000000000000 0.00000000000000 0.00000000000000 0.00000000000000 0.00000000000000 0.00000000000000 0.00000000000000 0.00000000000000 0.00000000000000 0.00000000000000 0.00000000000000 0.00000000000000 0.00000000000000 0.00000000000000 0.00000000000000 0.00000000000000 0.00000000000000 0.00000000000000 0.00000000000000 0.00000000000000 0.00000000000000 0.00000000000000 0.00000000000000 0.00000000000000 0.00000000000000 0.00000000000000 0.00000000000000 0.00000000000000 0.00000000000000 0.00000000000000 0.00000000000000 0.00000000000000 0.00000000000000 0.00000000000000 0.00000000000000 0.00000000000000 0.00000000000000 0.00000000000000 0.00000000000000
# FDY_3_3:
 -0.338418497341402 -0.407680771889737 -0.404426118761406 -0.424779916419200 -0.441625175669487 -0.449685857453985 -0.421534719700154 -0.413532903595849 -0.442716577504113 -0.494719619623594 -0.420827333191314 -0.367453006387344 -0.286966614251744 -0.188329923774820 -0.0603385076656776 0.0454729059460602 0.209100729687063 0.225346570231893 0.232268811558026 0.249532573410270 0.265970305031659 0.240411770361393 0.234403321584538 0.242412515792849 0.199354074954294 0.240480143524506 0.255097594491279 0.0280760896116844 0.00840477334576182 0.136076200610168 0.0862435627700476 0.117204061613675 0.192161682723055 0.294571792824741 0.390111829862043 0.453744368974283 0.434388349665552 0.368859634924586 0.379845654319388 0.269696245297010 0.183958907656563 0.228389569380627 0.295944512544197 0.198875561167972 0.183590564797875 0.177033689995375 0.127333303665336 0.0653161332690054 0.0253000823898356 -0.130014670287351 -0.224196087470209 -0.245303042455548 -0.328925976699724 -0.365622740803049 -0.427879827036901
# FDY_3_4:
 -0.123268222526936 -0.157772783280373 -0.166710800604554 -0.185027953253876 -0.196399230954796 -0.160873601566815 -0.136705657841436 -0.146829998714254 -0.178015340048696 -0.189065721661092 -0.169209377994178 -0.0725792273648045 -0.0285248827909843 0.0127324225745467 0.136254569265446 0.203828498037077 0.361032227880386 0.300525790820096 0.245781526045360 0.203837317736583 0.206462158951440 0.170002012200643 0.171127092632257 0.226125282232595 0.203707157667827 0.176639898923514 0.405241676178108 -0.136814806865324 -0.233086364629202 -0.142502797662725 -0.128890449184118 -0.106226413123520 -0.00687136980942690 0.0918692371860548 0.213288804244875 0.371339864120226 0.339124948294773 -0.0416586529206268 -0.0416587091669997 0.240357745733633 0.184555011189270 0.346634104255853 0.348430151016287 0.289588702572000 0.224897784336515 0.166192272083988 0.00645040121474775 -0.0418952741390033 -0.0707844434102220 -0.321047140573141 -0.452569453080957 -0.501270273973548 -0.610545932748844 -0.567555536865140 -0.531666240638510
# FDY_4_1:
 -0.0151510472181239 -0.0774102109411485 -0.115494194762534 -0.169275200632006 -0.198778112833260 -0.224877375288429 -0.225901221858781 -0.208256874830793 -0.186997553066512 -0.145110869267192 -0.131784186882402 -0.100515901966167 -0.0854708670818195 -0.0350176337158520 0.0198759514898673 0.0791536577415651 0.130629159844116 0.168178947733595 0.164033177684094 0.154971802546889 0.117835258491855 0.0862679421397293 0.0582934677258261 0.0501302968414584 0.0367961224950771 0.0843759493576633 0.120586666289762 0.131545345492189 0.159565164188380 0.204406965629397 0.174140559747688 0.237101493854071 0.156882073500170 0.0669140190258100 0.0321077141290110 0.0185088312254270 -0.0206579755379996 -0.0545548503224066 -0.0703318802693049 -0.0872193744086952 -0.0821769243450178 -0.0425254411809596 0.0395540005602824 0.0926168145064957 0.183468864384829 0.229666224528971 0.263950076657556 0.277799133055916 0.206308879201472 0.0949404915096600 -0.0283300562416490 -0.180097205777472 -0.321560539986570 -0.438954137332687 -0.594155415831039
# FDY_4_2:
 -0.0909796873370305 -0.145748147397278 -0.180710980080460 -0.242317075058908 -0.269885793857440 -0.299287121827770 -0.301192999052039 -0.282264602388107 -0.260164729900549 -0.219044068093160 -0.191951129343185 -0.145826486404784 -0.119184422690779 -0.0644261825204697 -0.0238619702426195 0.0697578356240049 0.134035311536161 0.168317792781967 0.159025765540009 0.136325396737072 0.121545581083537 0.0859786979339294 0.0504750528053430 0.00325097768910810 0.0269632046853874 0.0596858732736394 0.108567341003434 0.145849468563793 0.226299968904259 0.336557069260596 0.347632093289197 0.479276464109849 0.255166982197712 0.0784509820662243 0.0506088937360547 0.0250905202225014 -0.0320597727954615 -0.0767038842217287 -0.0874331170738560 -0.105644350482087 -0.0853799540915714 -0.0282068881669149 0.00471191785886327 0.0713157406303522 0.175194686759754 0.235393404068319 0.323731806612564 0.361998965747616 0.259845611251256 0.132084042227622 0.0132768199618403 -0.126339352909403 -0.264524727556114 -0.383934075032805 -0.619342749637447
# FDY_4_3:
 0.0746471815516977 0.0229356738708767 -0.00207380600831467 -0.0537316037921320 -0.0759324014957167 -0.0916740631242431 -0.0775007842084607 -0.0421573941641215 -0.00193174497078822 0.0355249830088436 0.0636030725047217 0.0894549956258811 0.0997586643525226 0.125277571278338 0.144662989564656 0.179536940760130 0.217786237198897 0.247364692919149 0.224631397086249 0.202959633688856 0.163310694008023 0.133874549518694 0.104219071174250 0.111108279722817 0.0781701680709971 0.106453354359351 0.181652414165626 0.113859577861684 -0.0357675415408771 -0.0657011295960076 -0.137326558344333 0.00635270461283163 -0.0124772902657490 -0.0590203865636384 -0.00947540490674396 0.0165342085009719 0.0288713349324004 0.0112775567608681 0.0432973219526492 0.0158348122462753 -0.0205551338486939 0.0129863448822068 0.136646868819209 0.0992245020991261 0.100383185377686 0.0506818604650262 0.0282685804507191 0.0440878504621239 0.0105562793129817 -0.110054595035756 -0.278526350879308 -0.435772416604164 -0.562370070761040 -0.590935109801798 -0.662811767255450
# FDY_4_4:
 0.0853512902827249 0.0332743587957471 0.00860935073567215 -0.0430411575393077 -0.0660279188604938 -0.0800652841616210 -0.0673124307503612 -0.0379351701648318 0.00715883993419530 0.0446313810374972 0.0685482157092954 0.0994105133951206 0.109746413649953 0.135328570867155 0.155049716828635 0.185219535813615 0.222277561586757 0.253774087810327 0.230577040537903 0.208224716852307 0.168952866594448 0.138981869515832 0.107576813086924 0.116823848056498 0.0818395968090966 0.108572697429464 0.181289928653361 0.109299860600197 -0.0425628202507202 -0.0726627753893123 -0.146660637413174 -0.00782688652363839 -0.0239181981443271 -0.0620470170594347 -0.0144870823119450 0.0228344547899393 0.0278133255423041 0.00192479922092725 0.0438560174796299 0.0192833466671505 -0.0207976674711017 0.0108528486295476 0.133897017475459 0.0929392593604310 0.0929370741192137 0.0437208228100976 0.0151991418207886 0.0286303262314236 -0.00317046850692316 -0.123094323715854 -0.290049476328722 -0.446964678049991 -0.569893220571369 -0.602156512652442 -0.673733782864067
# FDY_5_1:
 0.0107657200520993 0.0107657450685930 0.0107657912398865 0.0107658258056394 0.0107657683432792 0.0107658075969373 0.0107657462026423 0.0107657760818197 0.996846903689575 0.0107657054000046 0.0107657124360430 0.0107657863032816 0.0107657711619738 0.0107657841293264 0.0107658106733946 0.0107658447094815 0.411017044924075 0.0107657759622478 0.0107657685338192 0.0107657309776575 0.0107657228910621 0.161037789391170 0.161824975660573 0.169587096688951 0.170017868367524 0.138809068691317 0.114150557505468 0.280912880142001 -0.298125569277449 -0.579891241410703 -0.692036902135108 0.0107657826808885 0.0107658058829235 0.0107657608351678 -0.284087241956676 -0.170102746484937 -0.0340456167508633 0.0634001491517638 0.0107657127591730 0.0107658165181478 0.0524438537810686 0.0107657351561506 -0.0151101667759136 0.0788588494544585 -0.0479656265755392 -0.155074366683461 0.0107657720669690 0.0107657613612909 0.0107658398902520 0.0107658290005140 0.0107657384497906 0.0107658153202198 0.0107658080921412 0.0107658290760829 -0.877738160056195
# FDY_5_2:
 0.154633218550429 0.0880479496535678 0.0229342118055955 0.0645530522516102 0.0229341646516144 0.0229341819670754 0.0229341874045659 0.0229341604183340 0.496254852195837 0.0229341583080922 0.482790245874686 0.401629273523902 0.0229341657461033 0.184554993114858 0.0720555339633995 0.0229342364427483 -0.182725359409817 -0.227177567809374 0.0229341706972859 0.0229341834468189 0.0229341789566364 0.0229341550458457 0.0229341780557863 0.0229341556392715 0.0229341672936290 0.0229341646469097 0.0229342246980675 0.0229341445659212 -0.983162831264495 0.0229341742901115 0.0229341724021257 0.0229341837153658 0.0229342013608429 0.0229342126489280 -0.883417068213510 0.0229341490851587 -0.631271624388380 0.0229341591052803 0.0229341690179679 0.0229341533079985 0.0229341813465469 0.0229341920992328 0.0229341463451140 0.0229341496414994 0.0229341625881849 0.0229341663230240 0.0229341608736586 0.0229342020287033 0.0229341570770369 0.0229341979960758 0.0229341555457481 0.0229341736041890 0.0229341787033706 0.0229341512902961 0.0229341917705259
# FDY_5_3:
 0.368534247902697 0.283609978606435 -0.193049785790226 0.159618432741227 0.176175686508579 0.204943512459097 0.258934328716522 0.291829741827372 0.272468552959194 0.641182485999225 0.619897167904834 0.682631662372826 0.511698468484845 0.487745542889799 0.519044449133181 0.476757852009484 0.213611394148313 0.158701384315321 0.150053469283061 0.0265119411874895 0.0269138351396534 -0.0860630406478244 0.0269138891233190 0.0269138443030941 0.0269139020389111 0.0269139328646176 0.155502751103857 0.202584566665233 0.0495603785364201 0.0894566436455402 0.560372983401950 -0.981646665091324 -0.988092831083951 -0.441908818055949 -0.400850211758293 -0.305813900528803 -0.184393584816008 -0.0114298896007993 0.00245484711674009 0.220672370245553 0.245979103232611 0.410906674314000 0.524786830293971 0.163100772436052 0.0866615980965971 0.191171571267818 0.0371076680846190 -0.370844794471820 -0.444690422800694 -0.464744172467138 -0.533034468204768 -0.678920095536973 -0.764742543519668 -1.33487275253548 -1.39374048445034
# FDY_5_4:
 0.000535193177938919 0.0401172872102704 0.0347732015409241 0.000535058714292479 0.000535101738100107 0.000535123366118594 0.000535177250644768 0.000535210799654561 0.000535064466979695 0.000535159697857989 0.000535157323119361 0.000535171543415413 0.000535213471143369 0.264752856500232 0.000535221255551154 0.399133060388641 0.000535145674740211 0.226533451097833 0.000535121939087656 0.192814170626115 0.109440333528198 0.0596750404308957 -0.00522636929003962 0.0423064171116982 0.0982131408493834 0.164486643384212 0.234942146417750 0.311849945050060 0.239184220099272 0.331512754423408 0.907146033162361 -0.526749449700863 -0.625499152097780 -0.165746666638025 -0.138253505561018 -0.0820180895195042 -0.0304716025077692 0.117898924212928 0.115108347386577 0.246428986198222 0.309117309055269 0.370906452925230 0.520601831332531 0.252061378993617 0.173222268290761 0.260110994145797 0.126585394878932 -0.218584116848502 -0.293850661909681 -0.329408685886433 -0.393702165260488 -0.492594403695610 -0.559016597629526 -1.10347472137042 -1.19181852174411
# FDY_6_1:
 0.00561596396107616 0.00561603988907782 0.00561594364538037 0.00561598433604010 0.00561597532545582 0.00561602985261550 0.860636787200291 0.820514747871338 0.00561617328496860 0.770705044949589 0.00561606830235755 0.753436615111924 0.00561594054938402 0.00561597338163738 0.00561598003267887 0.531401270624685 0.521808530014470 0.00561609581107819 0.00561596937866698 0.463477234875717 0.00561592538816063 0.00561591673949396 0.00561609285312342 0.00561601367438696 0.144706394870064 0.339002997192572 -0.203862868559955 -0.826200386174539 -0.644855190685908 -0.185215183636148 -0.195881639124375 0.00561600159283254 0.00561591036009295 0.00561599804452866 0.00561600598512085 0.243896841804316 0.240439336363696 0.00561609237096244 0.00561607857288065 -0.280053078479700 -0.194543127515092 0.0608138582284587 -0.0815942566064550 -0.307629402296297 -0.240932345164212 0.00561594894800004 -0.149059273028459 -0.123107372858340 -0.362863015295691 -0.641902100594426 -0.522488336494255 -0.332903146606207 -0.261545359931622 -0.130410143464844 -0.200577554870597
# FDY_6_2:
 0.921705505724358 0.819169294058452 0.931530213337725 0.994788589751435 1.04043208080031 1.26667306023293 1.11757955968034 1.00847152610440 0.863374685201832 0.878319025775177 0.818337301536855 0.715773596155280 0.464347480835916 0.414795290155001 0.390701794680113 0.320503142325071 0.298050213607879 0.299725802191349 0.256292733422344 0.252646573991694 0.282319681566211 0.133063775030187 -0.00252005525612064 0.0384043512223742 -0.0135006138761766 -0.422928286776604 -0.818273342598595 -1.08102891762763 -0.914681569304708 -0.568374865457091 -0.573508796015082 -0.551622444284100 -0.473431135157809 -0.242618081794885 -0.103780770069733 0.00946123045093606 -0.0155587350621498 -0.168052031187563 -0.393648659377454 -0.560793871261527 -0.463612300285007 -0.388951473531226 -0.434635555796384 -0.695643718314602 -0.565221695080876 -0.514430696672104 -0.469081234932063 -0.577248815970247 -0.739853040530681 -0.870870811289872 -0.735063258728408 -0.484832349669591 -0.375632218955678 -0.181813187998695 -0.135253974975509
# FDY_6_3:
 0.682558817495194 0.677064201758503 0.953764046060701 1.06020734984961 1.26017095420974 1.22207156004529 0.926525753490430 0.787795165218574 0.754300343470430 0.918032749826543 0.811495895180571 0.586776274588135 0.377197826519691 0.355671458079459 0.356883584915613 0.360721867343379 0.343445442015576 0.216512501649933 0.230538286745015 0.233013358030314 0.227792397046951 0.130270302041376 -0.0165282773549492 -0.0833197897560204 0.00151595495091928 -0.510488019043203 -1.05123686199808 -1.03740245323923 -0.770124816037987 -0.523223359742265 -0.560643851590328 -0.483997396898655 -0.409120878636913 -0.178512066133708 -0.0239831401714529 0.0694506476289464 0.0832095770499152 -0.124605077523565 -0.397342054615886 -0.445125038862919 -0.284663960426649 -0.305217804111340 -0.419541013946909 -0.534570378265606 -0.495719087342044 -0.464869096876612 -0.436429977190217 -0.596963760381051 -0.819610197168739 -0.796303366877155 -0.604411225353581 -0.462988077444996 -0.347096732511426 -0.256871135058121 -0.186077420651208
# FDY_6_4:
 0.850764535613813 0.913573318128752 0.784206069246587 1.02985544754776 1.27415946536398 1.26642615247614 1.08660472769218 0.941261384952292 0.900228121673950 0.949855617651034 0.839701830115570 0.601582232577697 0.429306092235487 0.370694985827425 0.346138422901963 0.318231568097627 0.273950061003786 0.237532531687984 0.183251947325624 0.299042571030878 0.179866896870797 0.143408429307888 -0.0126986936424777 -0.168636639092890 -0.176616145630936 -0.571825485411720 -1.07634193320779 -1.10496534181449 -0.784896583388620 -0.607311543112570 -0.700379363030615 -0.492452373045404 -0.295906614817265 -0.144177963354284 0.0411869121493055 0.0592451610046479 0.0614345894102110 -0.127080471199836 -0.426310527992132 -0.436073389250253 -0.272150913480866 -0.355418192573752 -0.464619704203651 -0.562929477987372 -0.534013532607557 -0.498858931276075 -0.477745033057216 -0.639335494296668 -0.880211108536016 -0.806635059479015 -0.620987345123950 -0.469619105669787 -0.349730706809894 -0.214297933550361 -0.109283465249917
# FDY_7_1:
 -0.0359207714676736 -0.0838461538422761 -0.0865190423751967 -0.0872546233577606 -0.0829931037863467 -0.0702091212451723 -0.0775380849056075 0.0215094399069571 0.111686643487458 0.182519100585506 0.395484286078228 0.414059270430185 0.552421899442654 0.456480845850281 0.316763222209985 0.268622787459486 0.210477226422716 0.164055141160633 0.258422030209033 0.171994579993234 0.217650680152524 0.210146880517828 0.104267522919804 0.156614890171223 0.214000140871825 0.260013249697526 0.301821889229622 0.376209570662328 0.596094305412668 0.109082413631249 0.163625950324066 0.00325260396978071 -0.452929545871124 -0.422236485072748 -0.0868791750739932 -0.00403149555496003 0.0216619264160532 0.145463355632892 0.439946986272225 0.441482199030379 0.534899631549626 0.373955143998409 0.712075631725640 0.331303628298072 -0.0844769916617282 -0.252143241457613 -0.357017337392450 -0.475591574844775 -0.612005941345022 -0.668314720076382 -0.756118053646155 -0.937510883509630 -1.09510317542806 -1.19128220364761 -1.31814334815781
# FDY_7_2:
 0.373823301518855 0.321275513273838 0.320988915896740 0.309971779828441 0.328298467574892 0.332003753538353 0.417637363212727 0.516924985598199 0.633495940017039 0.779895755330897 0.742627249752380 0.734200726235573 0.673854965589313 0.577525728367749 0.466602045670090 0.377008470063307 0.290177965209984 0.263884462595427 0.225850005218501 0.166859000320624 0.130565082049008 0.110670545994962 0.0710188075095704 0.104251921667066 0.107501982735479 0.0518094433159094 0.0203585425322782 0.127518115766164 -0.256779334360620 -0.528254185173040 -0.613918844507713 -0.675112515266731 -0.604785117217501 -0.406812008303118 -0.231784411862754 -0.0995327272203669 0.0125525867182819 0.0856565238165126 0.209231794067396 0.351457052641515 0.169851817098524 0.0600490394305902 0.281447914528122 0.0441066496020360 -0.141376783131343 -0.290276771032200 -0.431474519900759 -0.524677088478347 -0.544830700638770 -0.563700490248473 -0.735324384305122 -0.937376848926413 -1.04418365727989 -1.12645191186465 -1.03430191456853
# FDY_7_3:
 -0.00970768350401341 -0.0491451071645773 -0.0351388217444612 -0.0586970598584212 -0.0574459770561852 -0.0850532840216690 -0.0163049664372984 0.0447079150533277 0.112516932272217 0.459729589963537 0.457564922304907 0.580524377468746 0.410037834229610 0.333426508820511 0.277626129615815 0.281311322683586 0.163941666589071 0.193954818543937 0.139087313449668 0.125043781513639 0.109960933467515 0.0722756075696790 -0.00487050836718817 0.161045056381975 0.205170070795623 0.212669595738368 0.252084148259387 0.566998817918502 0.153980132356096 0.128822318731640 0.134387300042147 -0.576678864663601 -0.685527479531803 -0.284525713988839 -0.0800139510375212 0.0115993202620818 0.173593222097347 0.510232472190775 0.679718557118285 0.979683992830498 0.806481199156151 0.591951297508064 0.880999196670244 0.0507546140081946 -0.170859106271270 -0.241024376336187 -0.394651548531585 -0.612315618417839 -0.673494729648493 -0.698451595339458 -0.812715266771919 -0.960331432898224 -1.04852007225278 -1.34279817423915 -1.36360962752866
# FDY_7_4:
 -0.194775718364076 -0.194197964766622 -0.159598147859419 -0.182257056398431 -0.169337690955814 -0.220748543635054 -0.132375175123338 -0.0580551069552874 -0.00847329862153206 0.384051737442320 0.407246493630309 0.650506119165110 0.432781388196646 0.253603959657435 0.181699477399521 0.179152826876683 0.0654116262879215 0.224508889454765 0.123194765488468 0.188296754110854 0.192252945992365 0.119428537308660 0.107459046364613 0.316308213335384 0.338553817753593 0.387497049423657 0.422499874276081 1.15469753523881 0.376516397564144 0.661022145840284 0.417019434833455 -0.486276684470802 -0.622304889219322 -0.127168257325963 0.000765489990310291 0.0706931012476962 0.263444990926206 0.933908378151666 0.963093371912297 1.30697246053703 0.967212640865000 0.508547190668037 0.723405719682516 -0.165350809806837 -0.396496523502884 -0.477939702863265 -0.629062556400889 -0.818669377406469 -0.881471876212932 -0.905293556665023 -1.01893849326326 -1.17333903291024 -1.25780364829330 -1.51591322341165 -1.52590504518944
