# Number of parameters = 356 Objective function value = 81646.8657474464  Maximum gradient component = 0.0633567871392621
# lnmuRT:
14.4601902942
# lnPrat:
-0.156143140934
# lnHR1:
 -0.191750530000 0.123348999522
# lnHR2:
 -0.452138195699 0.286479364992
# selpar:
 2.29111325826 0.247693728193
 0.297143632375 -1.23654653432 -0.158063596695
 2.78375108496 -0.310187338321 0.00614916074367
 2.01421805059 -0.379127518731 -0.0545538052520
 -1.30723167616 -1.61533884219 0.784829097042
 -0.683872523382 -1.96888866934 -1.80352087718
 1.72558568756 -0.934679260401 -2.99999999899
 1.13932510205 -0.735953065310 0.0611793312151
 1.33909496061 -0.785687736179 -1.94805599782
 0.310055912611 -1.22610524661 -1.02269097264
 -0.177473528396 0.266098405405
 -0.105282594759 -0.924937766459 -0.904199652394
 2.16938278151 -0.513040455388 -2.37951331745
# lnRD1:
 -3.09855567848 -0.0205886515930 0.110934512103 0.458879301410 0.488942131046 0.562647216042 0.528446443675 0.651778749000 0.629402237349 0.464765730495 0.505243919349 -0.455123048248 -0.310108615602 0.0536256136576 -0.121426702962 -0.808921709964 0.360058552720
# lnRD2:
 -0.0863507888729 -0.283879730712 -0.292175898844 -0.220648421946 0.258300442355 0.462254715825 0.449830464044 0.0608790954761 -0.136971011332 -0.312706052105 -0.460859773148 -0.667004581644 -0.930185865526 -0.875279284395 -0.00423120340462 0.783987145238 2.25504074899
# movest:
 0.115770149730 0.0982101035637 0.199850276821 0.423665252273 -0.120782257961 0.0685353676464 0.122660864184 0.0937496025576 0.280333879689 -0.0113733606286 0.240177313824 0.654102197695 0.0426932970328 0.452357305985 -0.0485361330242 1.22278965025 0.0177387620407 0.0738369268947 0.0490202099542 0.100397006623 0.0959923394645 0.391652676284 0.234253071728 0.471157488734 -1.45657331375 -0.553047946294 0.462665261352 -0.906788600617 -0.452281737876 0.301511938476 0.123235323572 -0.0601280876255 0.218055770266 -1.72782570685 -1.40668127093 -0.847238822093 -1.65643656006 -1.45748371842 -1.23508786688 -2.84113621102 0.219090627852 0.407151313740 -2.17281875729 -2.10442995263 -0.135754306559 -0.981345110849 1.50077657386 3.10755271332 -0.913910396959 -0.519307166936 -0.512319763946 -0.571486754548 0.126573223914 -0.00542667911098 2.01881277143 1.23433177966 3.27447790264 0.639115665813 0.354908344910 2.38907513059 1.63182317236 -4.39060657187 -0.265648804967 -3.38382086245 -2.67238235571 -3.11058492159 -2.95930878012 -1.77287740775 -0.0724412719239 -3.56050778455 -1.04706524949 0.337036260020 -2.68908291141 2.10232911987 0.489987414412 4.09543486283 -1.55190204129 -0.783297904973 -3.69304762015 -1.72757781294 -0.0697627533728 -3.12194270229 -0.285521741072 0.197082444791 -5.43212553073 -1.19698420246 -2.10309504900 -4.15798272059 -1.72829419256 -0.109064457915 3.17602612522 1.15470944664 0.677365431358 -4.28285285732 -0.591019453916 1.08143985308 -3.21632106068 1.62045054999 1.12392872118 -3.20421962542 -0.480376880166 -0.883445946943 -1.45388555335 2.90839608061 2.95645450006 6.03523013945 -4.36134309732 -0.857356557615 -6.94773678202 -3.64933881853 -2.21448220707 -5.65872370683 -0.586808925018 -1.30577131192 -5.22340415539 -1.10888927046 -0.603740774675 -0.0975079518521 2.14372251415 1.77401307810 2.75147990456 -0.108084999865 1.34914756585 -1.69483056378 -0.363746129598 4.97808692745 -0.529919598971 -0.190102976011 -0.744600170912 -6.55936383785 -2.61360169885 -0.589477553332 1.68245814956 -0.279822672787 -0.148761930689 -0.226983950007 2.31390998518 0.653694566242 -3.20747552417 0.366075228904 0.529225987436 0.358686510296 2.50910528590 1.42532419726 -2.76094286252 -1.23924385902 0.900122110757 3.69469522633 2.56175692394 3.00138557722 3.83981258431 -2.01712173010 3.25776811962 -1.02057887231 -1.57426375966 -0.320972662742 0.853365756561 1.68231283111 3.47070830246 -4.07842351222 0.267977506015 -0.113927621047 0.314953597466 3.17488407773 3.40587018276 3.89858478095 0.676598162231 2.84383704299 -1.47306200144 -0.283079063796 3.69902238122 -0.636805013274 -0.219617606351 -0.399880223487 -5.07766909010 0.992034691059 2.18419329010 1.92027025237 1.87706369670 0.872302390047 0.829928526998 4.02845647610 1.42762740663 -1.17585482382 0.158659835945 0.00727340111203 0.0625085834716 5.13190682483 0.0459451934478 -1.63894797890 1.80591283297 2.94562723884 3.92998200559 4.39866477001 3.90957909830 4.40910785379 -1.46618040523 1.72285843273 -0.552260866587 -0.0864091384253 2.65686659839 0.161223097609 3.24204401633 3.63752986409
# lnqE:
 -4.64248058958 -4.34633918854 -4.06829459858 -5.07413832871 -6.80782381339 -3.98074577585 -1.77217405782 -1.32294341270 -3.51813909785 -3.87030133727 -1.08604210905 -5.29143370005 -3.65714178765
# lnqI:
 -2.29999999975 -0.687162781451 -0.0990049049905 -0.133378788014 -0.600150204419
# lnqCPUE:
 0.0198024311814 -0.187051370457 0.139266893428 -0.191326049907 0.205704587160 -0.374930746415 -1.01936002853 -0.319531524648 -0.310727285601 0.147398350408 0.0303608218081 0.0273132221574 -0.148484930330 1.09996662784 1.11020126204 -0.571466076566 -1.98705417109
# Fmod:
 0.0972751301994 0.0199258628972 0.178889276312 -2.44898599178e-009 0.0726684268379 0.102399503797 0.0112355820152 0.0357237848125 0.207198478903 -0.000426267252297 -0.156849591061 -0.0288585061758 -0.123276015445 -0.0268310395609 -0.0218868973019 -0.0417262726361 -0.0201799146177 -0.111484162413 -0.0800551044934 0.00240898715382 -0.0121157728232 -0.00999482343401 -0.0533484851883 -0.0675824306725 -0.00893603809441 -0.0154540483997 -0.0907577219291 -0.0366168564827 -0.0670551205092 -0.00244807304458 -0.0241202015323 0.00923858661135 -0.00714843060310 -0.0502073915914 0.0137652626046 0.0549455428481 0.0367114903835 0.0935308810630 0.0951983342699 0.0262440370023
