# Number of parameters = 1827 Objective function value = 8273.30400299219  Maximum gradient component = 0.00403164581633843
# lnR0:
 12.6872369286452 14.3250145823524 11.7385701426003 11.4182681009090
# selpar:
 1.33248922051117 0.683301766433032 -4.26958489616017
 2.34863028358556 0.908092292570225 -4.15030163269664
 0.809447834696515 0.139592648027974 -2.01160469931558
 0.288447131467985 -0.175932469302244 -1.87554267814172
 2.50746818267476 0.0714583777792992 -4.31182653556696
 -0.975904077245604 -0.875491256882847 1.96280740668945
 1.35373904544379 0.390045901746726 -3.20213849780986
 -1.05080439686894 1.15408761076963 1.19978002759836
 1.81921401916400 1.50057302363123 0.400553874052094
 0.270942915959521 -2.06645604473143 -0.588398632868726
 2.22893516697246 0.103988986694779 0.219652996680830
 0.234837753179119 0.287360209841740 1.29715261407491
 2.21512509604770 0.828644380379986 -3.76500425033599
 -1.38027245100656 -1.37551966756040
 1.81133017666324 -1.97059230913453 -1.65836734308453
 -1.95752363153422 -3.14387594004204 0.460757396920942
 2.39683732630651 0.971934099093388 -4.19279016624917
 1.09032038582804 0.934556930628192 -1.50604884612111
# movest_p1_a1:
 3.61164672315665 -0.503100028725665 1.30202304343518 -1.00657889986844 0.776438490693142
 1.46742200512860 0.0245673999372364 4.74397173586723 0.910631336336435 3.32755637697792
 0.551609961782615 2.61108159843898 -0.794404431880603 -6.32452494642947 -0.0206916075988897
 -0.564342344746093 2.23866301798649 -2.26967554660613 7.50985319155522 -0.826592361688839
# movest_p2_a1:
 -4.94818355653541 -6.22957013576192 -1.99769745805047 -1.73384234414154 -1.80525972608533
 -3.42744917603849 -1.11269775105546 -7.28316084022648 -0.764643882561813 -0.260784775860645
 -1.07467153030154 -0.642112605897378 0.300109896150893 -2.34385161376015 0.607172933811929
 -2.58407753390623 -2.29489933176078 -1.79220904294386 -4.12463904582463 -0.323209418552000
# movest_p1_a2:
 -4.94589663963712 -3.43118355895913 -1.04725460601463 -2.25687548275904 -1.96174538450652
 -7.50091594189845 -7.54621642111379 -6.64143787952168 -2.81114588188094 -4.08524423413658
 -1.13510315657384 -2.15179016608407 1.30863879397146 0.427848567358069 4.73444135940093
 -3.07821855431948 -5.26381347090673 1.64868500279292 -6.36370965569393 0.461264606083301
# movest_p2_a2:
 1.05950896613906 2.10267225571890 -5.56844204782356 -5.76482635344772 -5.64532569604009
 3.06550813039382 -4.18580398449332 1.62015588744487 -4.81457309109746 -4.61146214391530
 2.04353853075932 0.246587632089243 -1.86820274393230 -3.30595970101447 -1.31247836797784
 5.68108027809004 0.583679667527582 -0.506519557745420 0.830665611029385 -3.30371750646439
# movest_p1_a3:
 3.76305179493863 -1.47976550154798 2.53984249286634 0.355951417116792 1.69059716072722
 6.93283210366750 -0.162738086087343 7.99999993963409 0.209017548868369 1.71391882436505
 1.79423595262896 -0.632921358790464 0.617037097988867 -0.349728104651132 -4.61792296164650
 4.88047708278699 1.88191593825076 0.649512873910872 7.99999996271570 -5.30652544964481
# movest_p2_a3:
 -2.20483238290100 -7.99999967157048 -2.44221331390079 -2.94598226517783 -2.82806401416696
 -4.59968382744375 -3.07446078618167 -7.99999981764628 -3.31566391925323 -3.44483378274054
 0.428503714169921 1.03806110727054 -2.19997997643532 1.91493537323987 -2.06978235303312
 -1.52934850275538 0.759045664418645 -3.00458467139187 -0.514967425607452 -2.17404800715978
# lnqE:
 -4.05407665802603 -2.48679458384544 -1.75302565104266 -2.90032468631095 -0.927396226570085 -1.04874978319747 -1.89803357542331 -0.185073892108671 -3.68414835886185 -1.91362142136331 -3.28097253021340 -2.72801075368075 -2.41098201920917 -0.803774742946445 -1.61528157204862 -3.02344852865293 -3.58381985747334 -2.23309381444901
# Fmod:
 1.65954116329526 1.12323341312172 3.56549879132473e-006 -2.31911735634847 1.58621475344450 -1.45218591877614 0.550921290364314 1.73565180694512 1.40172338885771 3.50836681395350e-006 -1.55288772948697 -0.0709540087449314 -0.907312190987901 0.0315385623390716 1.33254761794229 0.155294974036713 -1.60268696219521 -1.54049944921179 -1.12586675374823 -1.74086059302760 0.437210554087772 1.47889694447397 0.640491493720647 2.36110786350184 -2.16492761144441 0.389646615786865 -0.914305266816243 0.507576325004485
# visc:
 0.771621296468034 0.575532592601364 1.04347597584370 1.57394025771235
 0.387468981085247 -0.404722203870619 -0.278720978191164 -2.99999905921769
# lnRD1:
 -0.609499151166910 -0.0942828278019852 -0.0915404698521489 -0.279899916282483 1.38029684901434 -0.283639579712746 -0.157166173350025 1.50088592100091 -0.500511320542678 -0.0200910274933242 -0.210189517934208 -0.634362785878743
# lnRD2:
 0.716303616736149 0.114905305429773 0.159504680841936 -0.380593113823614 -0.484701000031804 -0.920901292202076 -0.876798270951365 -0.0461034833602001 0.384608479253401 0.389075652479134 0.301119034256019 0.545018729910393 0.955931512587209 -0.374049310437344 -0.318154075503902 -0.165166465183709
# lnRD3:
 0.384383729395015 -0.473361071300257 0.689158714224516 -0.444198956990754 -0.155982415328521
# lnRD4:
 -0.0735477926731954 0.280233180071747 -0.162630133689023 -0.475194620145683 -0.0911097735281906 0.113123302760856 -0.213269364061454 -0.925032218307039 -0.370909079803861 0.207316232676844 -0.240267638657236 0.557107867937624 0.719293023785045 -0.198525255989054 0.272912501063204 -0.906160211245808 0.106722131089649 -0.104253110531184 -0.119862972175632 0.909953896551579 0.737045219544622 -0.0395795527019013 0.0166343680280908
# FDY_1_1:
 -0.0301734213464249 -0.0301734074097597 -0.0301734144353301 -0.0301734106064808 -0.0301734093276034 -0.0301734179432538 -0.0301734088523524 -0.709195199828756 -0.776775433412190 -0.772552371145380 -0.758954964113236 -0.721721970312008 -0.623292061768175 -0.557359075668110 -0.473725131433686 -0.274031175902788 -0.184326466038179 -0.0910525141376244 -0.100020373678212 -0.123866211669848 -0.121764879279037 -0.111247756966409 -0.151077326610543 -0.136986837645424 -0.125026111841319 0.0161050733225849 0.139594398078068 0.281029655459608 0.355310121145267 0.374907543487420 0.327085061114305 0.394594454398192 0.403926275720269 0.446114715436729 0.535789579816279 0.429598022222342 0.229190933458927 0.180818665244882 0.147507752091274 0.225223082999422 0.396050973470626 0.307183018781231 0.276757596163393 0.349715898202618 0.413817564389295 0.373911274330393 0.309209218695956 0.326939002540921 0.320583698271805 0.283270444494959 0.173905307140643 -0.0601981287882012 -0.286881786889683 -0.324224646212626 -0.322645017214765
# FDY_1_2:
 -0.0315572008273166 -0.632297094897413 -0.0315577549501274 -0.639353695777015 -0.661638282987201 -0.676323761040011 -0.0315579581127474 -0.671386091958331 -0.722143528226404 -0.714964742903108 -0.719179407035339 -0.653220601648657 -0.515222127848894 -0.433785106457028 -0.376390967813170 -0.198352929236185 -0.0189776284624939 -0.0678528286035147 -0.0800816091164938 -0.0959116289624163 -0.0519007076915130 -0.0755233832904237 -0.0966231480178290 -0.0599786742683291 -0.0580871122050748 0.0748526439211441 0.202254374846184 0.313138042765818 0.334465182964974 0.364786532761005 0.340879981682577 0.444985539927761 0.436649810258194 0.479647426816850 0.586338508669174 0.508761577425880 0.345095785132395 0.295148604651515 0.258915246886250 0.331754781992610 0.469466833073110 0.399675448430639 0.366092357672044 0.396564331053635 0.390419771506102 0.381617288500602 0.353453645376693 0.348726604789497 0.291282322186284 0.256580745948261 0.169434810225195 -0.0397464854435030 -0.237405968005998 -0.270694473734681 -0.279273299943176
# FDY_1_3:
 -0.0242280809787571 -0.0242280651975985 -0.0242280698750285 -0.0242280689811738 -0.0242280772605776 -0.0242280777084238 -0.0242280718014120 -0.0242280627316404 -0.504950753500857 -0.450102735750556 -0.400723814944045 -0.356468279679851 -0.247993466806254 -0.190805852091993 -0.145807381092996 -0.0346945687907001 0.141690395307480 0.0653822310887183 0.0367769116497863 0.00982228674296763 0.00583071826935360 -0.0242505827529726 -0.0656748553739732 -0.0752810876735490 -0.0536267443870939 0.110381130565231 -0.0242280898214464 -0.0242280765751943 0.369465552809586 0.301758347943741 0.235182834232812 -0.0242280681017377 0.256715348065524 -0.0242280829195034 -0.0242280888722794 0.138646361403277 -0.00836256696289368 -0.0172480072070124 0.0316406093158299 0.183965283889373 0.288445300510019 0.222584007206991 0.273137074138738 0.429985145412647 0.412514194326555 -0.0242280721799732 0.286354656868698 -0.0242280551818681 0.267366508510197 0.172846066186790 0.000884310549617062 -0.253734106688328 -0.385508281943026 -0.357741128001922 -0.304979953159294
# FDY_1_4:
 -0.0268889827874622 -0.0268889955315320 -0.0268889839953787 -0.0268889783663668 -0.0268889745453894 -0.0268889853587370 -0.0268889694784364 -0.0268889793579904 -0.624196010437993 -0.572809613808382 -0.0268889941750278 -0.502752519795045 -0.427042828365461 -0.384165005997032 -0.272578004436434 -0.152540480690406 0.0517978744151669 -0.0319917321880837 -0.0569238981980119 -0.0672864270839565 -0.0916016309210625 -0.121808773059685 -0.117427360442532 -0.142950646956317 -0.0780384015558872 0.117787997761792 0.224062125916436 0.370123923790761 0.315392277201730 0.302003593217371 -0.0268890043868077 0.310361599268401 0.336647555422966 0.391967732997385 0.363545046600904 0.0686963100323433 0.0239766802854036 0.0590910990105463 0.111655888891989 0.266459924027384 0.168214145590426 0.146649201921943 0.215637114613771 0.313543403878041 0.295520835144261 0.198888100751315 0.240538260756977 0.292499080235619 0.222943827215513 0.119118282208975 -0.121614684631466 -0.366074787157826 -0.395914399931955 -0.357584983230896 -0.372929844285859
# FDY_2_1:
 0.0971137878403842 0.0249170149360393 0.0397265353906321 0.0288271476030405 -0.000988602252648282 -0.0212721973233495 -0.0259666164414504 -0.00999068605921059 -0.0287838119749618 -0.0619244685601067 -0.0998635689503110 -0.0762416379979501 -0.0228673640438482 0.0662751608532640 0.196222319087875 0.276365633092213 0.402682420003263 0.159964899397521 0.0256678259000508 0.155376302687636 0.334208124030780 0.280521118732087 0.312776699274990 0.220062977298807 0.0534880144673310 -0.0803692723935844 -0.153185617119576 -0.282159895193763 -0.169332418771536 0.0548302415543755 0.0890348737413164 0.214282720496848 0.0501432986553060 0.0248913703318107 0.100463135171970 0.124273358642397 0.0912031014043472 0.0967668192248538 0.0796734388925103 0.0476050475592665 -0.0195668880934853 -0.0590007439903984 -0.00825379344576681 0.0281362522308156 0.0770034352069667 0.0781424895503883 -0.00831447717492494 -0.00442875275273212 -0.133609382537414 -0.260734259348268 -0.371840396330513 -0.442592062007172 -0.442297350695146 -0.414325966615956 -0.632735333185012
# FDY_2_2:
 0.0473258783660329 -0.0862677939363056 -0.0821396453298357 -0.116276187095598 -0.172456027250132 -0.221435882298526 -0.237227325446141 -0.232771078833066 -0.251180924107894 -0.605758733520861 -0.227968388827625 -0.177235807471632 -0.0731481799635382 0.00214955176810859 0.0936005858295247 0.174576048821160 0.316118767884429 0.124214758654927 0.0238035321364237 0.0617852474376289 0.132355224961809 0.0950639120368118 0.110329424166800 -0.00384698465718638 -0.135908784810231 -0.110795925754359 0.0365188632886885 0.258614093350480 0.293663197683578 0.492523795414219 0.522633255841911 0.617123195898475 0.300729456794387 0.0997238956004470 0.0906734345486820 0.0605191320920654 -0.0330126212703449 -0.139575702447404 -0.165914084499032 -0.190431640023106 -0.193415238432030 -0.114175992885376 -0.0500348924287596 -0.00891316136317246 0.167790281717443 0.325642115039504 0.367551525913411 0.305008574496029 0.217032158332201 0.102049255836153 -0.0250952508830383 -0.172897535148329 -0.346348249024163 -0.537691013350071 -0.727196112853572
# FDY_2_3:
 -0.253842052460371 -0.316516321350240 -0.292473690984815 -0.334287567488701 -0.371884028746933 -0.411628468106825 -0.359958816958533 -0.357881424700788 -0.397592170877337 -0.455370571629676 -0.295757958544226 -0.252609672838469 -0.124728674950556 -0.0425350368969850 0.0593616111827107 0.163658953550603 0.200124776369797 0.0903101594199019 0.146205183216894 0.169169410359721 0.201476846296029 0.170383076614090 0.0248633942184427 -0.0334324152449499 0.0161487756876220 0.119965907210467 0.200367349790757 0.408654153945301 0.484788749455443 0.630152035681022 0.696420563011955 0.282453036348623 0.108518569304342 0.124774827655099 0.156586324057934 0.136954847142776 0.0556611234111575 0.0503902254737838 0.0457402506946298 -0.0259585643498976 0.0100923042816987 0.0641785839335869 0.0139855913174572 0.130966808435002 0.314805608484658 0.348416964253135 0.331385503585044 0.218591789496307 0.126890581895004 0.0498712763407436 -0.0739530499433059 -0.238131281553540 -0.400621271093868 -0.585867497133023 -0.727284626268700
# FDY_2_4:
 0.0268219811185728 0.0244092306645506 0.0160344091304105 -0.0391676295521724 -0.0775046884577029 -0.0802293203514933 -0.0534448582414851 -0.112379646571190 -0.209085970471073 -0.209540239139781 -0.111721607151436 -0.0902758455216353 0.00876165064272500 0.0670668109851717 0.134850962118525 0.178922943414609 0.156788878168828 0.0152726578354289 0.110043899622219 0.122561555574745 0.111519851411580 -0.0310733581671612 -0.0896458656195292 -0.124275228852218 0.0169095509785621 0.128680230484888 0.272884004989401 0.364912020508209 0.481071026663467 0.575576922789025 0.688807551529765 0.161395106856530 -0.0755854462056463 -0.0220023795055540 -0.0110292637938028 -0.0426809063126561 -0.101074463040432 -0.0509096717598932 -0.0861262199203872 -0.0747800757012922 -0.0398478781070860 0.0445203576248205 0.144328993931298 0.246608357981380 0.330116303006974 0.270123175572978 0.245017910626114 0.0855669392617561 -0.0249864736700032 -0.135000552698997 -0.274212303819685 -0.444565593737496 -0.626491857208401 -0.836594493799880 -0.955341446114445
# FDY_3_1:
 0.00000000000000 0.00000000000000 0.00000000000000 0.00000000000000 0.00000000000000 0.00000000000000 0.00000000000000 0.00000000000000 0.00000000000000 0.00000000000000 0.00000000000000 0.00000000000000 0.00000000000000 0.00000000000000 0.00000000000000 0.00000000000000 0.00000000000000 0.00000000000000 0.00000000000000 0.00000000000000 0.00000000000000 0.00000000000000 0.00000000000000 0.00000000000000 0.00000000000000 0.00000000000000 0.00000000000000 0.00000000000000 0.00000000000000 0.00000000000000 0.00000000000000 0.00000000000000 0.00000000000000 0.00000000000000 0.00000000000000 0.00000000000000 0.00000000000000 0.00000000000000 0.00000000000000 0.00000000000000 0.00000000000000 0.00000000000000 0.00000000000000 0.00000000000000 0.00000000000000 0.00000000000000 0.00000000000000 0.00000000000000 0.00000000000000 0.00000000000000 0.00000000000000 0.00000000000000 0.00000000000000 0.00000000000000 0.00000000000000
# FDY_3_2:
 0.00000000000000 0.00000000000000 0.00000000000000 0.00000000000000 0.00000000000000 0.00000000000000 0.00000000000000 0.00000000000000 0.00000000000000 0.00000000000000 0.00000000000000 0.00000000000000 0.00000000000000 0.00000000000000 0.00000000000000 0.00000000000000 0.00000000000000 0.00000000000000 0.00000000000000 0.00000000000000 0.00000000000000 0.00000000000000 0.00000000000000 0.00000000000000 0.00000000000000 0.00000000000000 0.00000000000000 0.00000000000000 0.00000000000000 0.00000000000000 0.00000000000000 0.00000000000000 0.00000000000000 0.00000000000000 0.00000000000000 0.00000000000000 0.00000000000000 0.00000000000000 0.00000000000000 0.00000000000000 0.00000000000000 0.00000000000000 0.00000000000000 0.00000000000000 0.00000000000000 0.00000000000000 0.00000000000000 0.00000000000000 0.00000000000000 0.00000000000000 0.00000000000000 0.00000000000000 0.00000000000000 0.00000000000000 0.00000000000000
# FDY_3_3:
 -0.393618568812946 -0.455053994336850 -0.433282807586315 -0.454682383013944 -0.477535700667408 -0.501834833816976 -0.487431874460807 -0.492867775961776 -0.523554131233606 -0.577179405665883 -0.492874782677026 -0.482052871536663 -0.384939187818149 -0.230139183971698 -0.0839418194620627 0.00262990966294141 0.120129218216726 0.0703006413089364 0.134635848217893 0.241719520141150 0.248027070501035 0.235141536155628 0.216031923862946 0.205237704338764 0.157045981590667 0.100577652520995 -0.0849094433069746 0.0655922103314943 0.223257943235948 0.279018624320101 0.280072661904315 0.308840718952831 0.400625688075740 0.438758274266900 0.508707358023842 0.515907892846253 0.495264530161754 0.408254289612046 0.411920563477408 0.332046518350724 0.168390802783500 0.135973481222180 0.183019263530289 0.165642849094073 0.185831946942970 0.182021699253209 0.0726364970108755 0.0912640342876803 0.0325999158439452 -0.0365224545730765 -0.181148732185511 -0.170883695714390 -0.0937234691059661 -0.219084553718989 -0.359863100418745
# FDY_3_4:
 -0.273537394564714 -0.306357416027930 -0.309987173468463 -0.323663517186264 -0.325236433457045 -0.301131410620598 -0.272961990379697 -0.289337298999522 -0.313526550441178 -0.334239673335045 -0.337598331409559 -0.282336860651324 -0.187927156027834 -0.0562724874808752 0.121895050912012 0.187929812494664 0.253233918481101 0.0201826904295944 0.127227356049751 0.381494989707733 0.374815709170095 0.316813936987651 0.299942051727756 0.340012289421595 0.254519096868666 -0.110108757427432 -0.516221372399307 -0.378515122961352 -0.0374671823870082 -0.0453452172717422 0.0961926225358631 0.0707195011284244 0.275966372579899 0.343776481865163 0.513404625354904 0.660681907315236 0.694943092411816 -0.0429291553907288 -0.0429291607298695 0.479233321205364 0.273473655412738 0.314925067018310 0.194421587389087 0.176609115791201 0.144832509237160 0.0966050885607047 -0.0698056511844803 -0.148070966449796 -0.270399150772633 -0.338818606151538 -0.477620528466368 -0.372047097237388 0.00191002849475899 -0.0811065301192491 -0.170263685552302
# FDY_4_1:
 0.0660451226797112 0.00847217330789140 -0.0221505383806879 -0.0654374352913592 -0.0905256010136770 -0.110629524838772 -0.103741171319726 -0.0887086572953551 -0.0617550627249055 -0.0325760628588641 -0.0361580825796755 -0.0129387084007608 -0.0126460393162149 0.0352332836822309 0.0973840152204297 0.148787646346015 0.183264485625762 0.171637680630002 0.101673807433728 0.0798897014077453 0.0756431395395149 0.0820326883638116 0.0921892621916656 0.0794417363390498 -0.00817171827983688 -0.0247994275034427 0.0127413031687742 0.0408259418404593 0.0726096574953394 0.159334343911575 0.175897001457546 0.263262957647019 0.188179243922959 0.0946420653406634 0.0449788706869012 0.0179417005424454 -0.0335844327073613 -0.0881522764888048 -0.112665596716616 -0.129123854403274 -0.145444819681921 -0.128702836774570 -0.0558918680221123 -0.00725925335661738 0.0927962606011046 0.174796013445625 0.212465380855230 0.215448859413200 0.155239355108399 0.0458803036186492 -0.0838421230231341 -0.235744617686040 -0.376100349420917 -0.496037559745612 -0.625946383993190
# FDY_4_2:
 -0.0369743726819358 -0.0881094398174502 -0.117399681483867 -0.163023673220771 -0.188289857276982 -0.208853600803377 -0.204906222391750 -0.185286520133438 -0.159924952667435 -0.129854137138929 -0.111321035839114 -0.0842033033988896 -0.0693296752680421 0.00253663573547859 0.0807314323945301 0.144665148108158 0.193879936663554 0.124141886918033 0.0221352433292648 0.0539464615747507 0.0894934878196212 0.0971257230538409 0.114593581254478 0.0186398821942318 -0.119778786958306 -0.0962312359893884 -0.0224076531901298 0.0430381562942799 0.176493589274067 0.363201910117878 0.452900764127135 0.622407153450836 0.349101645602119 0.130648356548995 0.0696138565647209 0.0175654733797677 -0.0658668742258381 -0.144932825181603 -0.163969171002963 -0.185862333176659 -0.202383654445624 -0.175765999073532 -0.0726346638052675 -0.0159128997990283 0.125167657652868 0.291235794325718 0.313694156602318 0.331602752804192 0.248653374292080 0.121203928943900 -0.00765579394847203 -0.171211190829897 -0.318957122364286 -0.451177090051390 -0.636194222862449
# FDY_4_3:
 -0.0623240235192978 -0.110611353460301 -0.134286565446616 -0.188072065943178 -0.211649503745986 -0.236273473330310 -0.234358389065413 -0.212499040685291 -0.188399640884642 -0.141629890736106 -0.104313706428487 -0.0753466135579703 -0.0551238434743623 -0.00130941972409275 0.0622077086422444 0.137215083835364 0.166444020029582 0.123136103103747 0.0584875622254649 0.0718970484153996 0.0777589665452654 0.0834690944882813 0.0550314655638751 -0.0255286451076415 -0.106114607013390 -0.0284105843065125 0.0764496344935975 0.172156500453064 0.276042688350485 0.436119504107932 0.523892234920575 0.531418380697278 0.260392260397441 0.0887058811070656 0.0452088648685543 -0.0119383092533791 -0.0865135593550574 -0.151779601499973 -0.163090221799234 -0.175156879759687 -0.173008301956981 -0.122583315877685 -0.00164557614530108 0.0473693693656179 0.189454919702753 0.296476560234977 0.345304976703426 0.336621696347731 0.253521933479433 0.130783988691382 -0.0166094531468994 -0.202718831141705 -0.376389421479219 -0.536804696745953 -0.711076912179865
# FDY_4_4:
 -0.0410878225261980 -0.0882862595165839 -0.110967487500390 -0.166024499491682 -0.186769638989016 -0.209620896470721 -0.208479772668477 -0.187118332321311 -0.161469776051491 -0.116244920044355 -0.0783529412604361 -0.0511811148080255 -0.0319066359353984 0.0165652749630446 0.0797113264075863 0.143464108379748 0.169080384228728 0.135195178502363 0.0728710905196056 0.0796380403224028 0.0817137691137923 0.0893185759473298 0.0531083305446248 -0.0145148160949994 -0.0865775113682790 -0.00562525000044420 0.0956209860748846 0.176755079341717 0.256461202858653 0.393831107989433 0.466085772254543 0.454333490953572 0.212970858418737 0.0707427931893227 0.0342936729632099 -0.0105810980749480 -0.0824477981661232 -0.139849774970990 -0.146085361107100 -0.153652460191871 -0.150526453880372 -0.104219319058691 0.0143281056383890 0.0544314575149748 0.177353707029772 0.270335029110094 0.312109491481259 0.295977450011124 0.214137953200138 0.0944010171262843 -0.0498242754488839 -0.237196621426472 -0.405648738883464 -0.564152760338235 -0.726422917490374
# FDY_5_1:
 -0.0288402055081117 -0.0288402047756727 -0.0288402081533344 -0.0288401980666491 -0.0288402035861735 -0.0288402041087120 -0.0288401960779697 -0.0288402063959250 0.662702396186302 -0.0288402092387062 -0.0288401980637883 -0.0288402029554576 -0.0288402018944183 -0.0288402076739063 -0.0288402050479748 -0.0288402025368955 0.246093549807781 -0.0288402009740710 -0.0288402053758948 -0.0288402071593446 -0.0288402098526817 0.0177115193469790 0.0100522925802115 0.185753413030372 0.455810341122736 0.511568485912414 0.485949401994511 0.545257908221091 -0.124832222139650 -0.446342130452708 -0.630387895380822 -0.0288402037261131 -0.0288402025607839 -0.0288401962564793 -0.344988576814724 -0.222343581256349 -0.0632910824127935 -0.00433397555970499 -0.0288401953351718 -0.0288402044621235 0.267625543454947 -0.0288402093043417 0.267489191975488 0.245078311320129 0.0744785417819304 -0.169600294371184 -0.0288402071583800 -0.0288402015838907 -0.0288402066570753 -0.0288402088016913 -0.0288401955425313 -0.0288402053944888 -0.0288401990114942 -0.0288402028577517 -1.01772442224895
# FDY_5_2:
 0.434185640755028 0.371343160005246 0.00129013389814953 0.374019574855138 0.00129013452215083 0.00129013810284923 0.00129012782061906 0.00129013565392639 0.617296210863319 0.00129014137281664 0.406405624051056 0.315976688501529 0.00129013768044401 0.106078350715859 0.0448421542869122 0.00129012798899814 -0.218311078489178 -0.118161135461916 0.00129013360783154 0.00129013586175748 0.00129012404636881 0.00129013441382060 0.00129013190838030 0.00129013308832533 0.00129013230614212 0.00129012741731322 0.00129013407271212 0.00129012885720143 -1.04937765110599 0.00129013312035038 0.00129013306047205 0.00129013194743972 0.00129013209419788 0.00129013182329813 -0.811599563786093 0.00129013661729622 -0.526883540015126 0.00129012966797421 0.00129013272831730 0.00129013348079894 0.00129013394264283 0.00129012937863944 0.00129013416584207 0.00129012895493836 0.00129013581674371 0.00129012696856729 0.00129013250130778 0.00129012880883745 0.00129013725938882 0.00129012814741986 0.00129013700064646 0.00129013203571488 0.00129012856221695 0.00129013474794444 0.00129012937341606
# FDY_5_3:
 0.425755383776991 0.361904663210867 0.272847453898901 0.310622651807670 0.274423136446300 0.286822517037058 0.303192768202895 0.300658136744338 0.330518583890272 0.464634519820131 0.456386039651770 0.505284451161254 0.438039462071052 0.347432645546809 0.334423093500338 0.322485760311347 0.0858679314090304 0.113183803537483 0.343139529651758 0.181374621213590 0.0204703667449328 0.115619605023164 0.0204703737395057 0.0204703765347515 0.0204703609804950 0.0204703662005443 0.514563486920228 0.311487567925603 0.0140261116545368 -0.0857297447917638 -0.191126901065680 -0.689331574118792 -0.698759149594211 -0.412214398833851 -0.326359508717939 -0.257268430194769 -0.217399985213235 -0.0593619864204225 0.0127373822364396 0.0919323099401101 0.148553420306641 0.267735981180726 0.352485852724959 0.271570010880132 0.206469636161393 -0.276268846264446 -0.112738240453857 -0.239066015073444 -0.361099795324811 -0.436949299131323 -0.585117968331667 -0.773178394484751 -0.964978424533601 -1.08364533926569 -1.09793636022976
# FDY_5_4:
 -0.00708441615229013 0.269818385969228 0.343597030930089 -0.00708441249582566 -0.00708442914338189 -0.00708442161674479 -0.00708441531309208 -0.00708442092333680 -0.00708441003710710 -0.00708441791761313 -0.00708441284106239 -0.00708440901554027 -0.00708442331924249 0.478578037330873 -0.00708442047557941 0.529859236378584 -0.00708441675248558 -0.0200586936511938 -0.00708441479295348 0.565047971240309 0.508631351908139 0.489931356141876 -0.0212682643932326 -0.167400239259444 0.0173649136170219 -0.0398398725183398 -0.145234904311521 0.0160188944507606 0.237164237046780 0.348399660379762 0.585786987907359 -0.202691689011691 -0.318340842946113 -0.00176699314619618 0.0439672484139450 0.0929949135556446 0.0304556215253441 0.199543142340446 0.180239315300381 0.108627581682707 0.0746782707165831 0.0736606719473897 0.177308570468170 0.186155444248247 0.191247427666983 -0.149113845002038 -0.208611285735110 -0.356006466799939 -0.446586673511063 -0.458359279501589 -0.539217664033029 -0.533855859269010 -0.510856036491214 -0.715031700124812 -0.815654120664833
# FDY_6_1:
 0.0264034376556703 0.0264034516499898 0.0264034599147253 0.0264034453477457 0.0264034400608832 0.0264034473401306 1.00869844245111 1.08828844633946 0.0264034432457374 1.20033143435253 0.0264034412837139 0.931140007318884 0.0264034530176344 0.0264034460095559 0.0264034410229758 0.486401671585536 0.350236845354830 0.0264034440354772 0.0264034595906415 0.406775342942505 0.0264034546185485 0.0264034356585416 0.0264034387699052 0.0264034389574592 0.699256101636643 0.336353410042057 0.0523966075908639 -0.173085454700689 -0.434675252239728 -0.567258938671439 -0.701428546368476 0.0264034425570580 0.0264034544199607 0.0264034412190768 0.0264034338064880 -0.125982734738110 0.0114646913696401 0.0264034502124579 0.0264034520211942 0.280449180368489 0.255995324655686 0.195564426575548 0.113635674418290 0.0255772564113396 -0.110667527508418 0.0264034397018886 -0.356787627177214 -0.438426168659863 -0.507461831920126 -0.597828156611337 -0.695178416005062 -0.789723070205933 -0.855436929592740 -0.887803246113270 -0.834503655018466
# FDY_6_2:
 1.02976495377973 0.922118951486172 1.02219747462117 1.04946023413896 1.07478226521366 1.24254679472344 1.15966086993697 1.21001937492056 1.23235688184271 0.948612892109135 0.587498183955047 0.399668987495685 0.221734944930940 0.490225611226615 0.996935095960572 0.562854159750615 0.176877652437163 0.0587605483206435 -0.0895152018276138 0.186422317040742 0.778851172412670 0.697378249645236 0.644963198711445 0.805524631198485 0.0208876099365529 -0.593484009384424 -0.924899428677973 -1.13456158249311 -1.07065570265736 -0.840632494059978 -0.830132469959154 -0.777992344518670 -0.643819539696703 -0.352633272304872 -0.215262965867918 -0.0833478525543754 0.0270590094793954 0.196039930712339 0.0721541466372288 -0.0854752438823701 -0.326137766736460 -0.565294590062210 -0.554383315577132 -0.686261191710753 -0.652223501581886 -0.677656680197019 -0.739139921909226 -0.776789397630845 -0.854081874546638 -0.969681553108682 -0.973665899034630 -0.967949737473002 -0.746603462326207 -0.344862548824771 -0.338212594019895
# FDY_6_3:
 0.646661914942421 0.660203532084224 0.938605392043307 0.945795794064282 0.984808599207682 1.01709286071564 0.983951922450382 1.05456949050426 1.02622443945105 1.00143992656482 0.849829298660052 0.701614654791823 0.489941279972269 0.460688753736441 0.350291555778167 0.273542919270877 0.372720424475409 0.369559042331935 0.246526770532589 0.181400610889688 0.159721770279816 0.101916531903626 0.467004637162434 0.539662515174069 0.0796284213147963 -0.249039528930119 -0.495128500546027 -0.686590464238402 -0.853282050988246 -0.860974124204206 -0.947698561998097 -0.805061444493051 -0.643798622307141 -0.463253609415249 -0.273087011886678 -0.0802819043798714 0.105063912086415 0.139543206177737 0.206040612975120 0.135371743690309 0.0142795906157825 -0.0909746859245827 -0.118890324617049 -0.351286995081636 -0.487948051145178 -0.601213405554668 -0.682886289849116 -0.728468844435073 -0.791044879748096 -0.843804221150550 -0.894480051085005 -0.942753832730167 -0.945277849453349 -0.876926875903873 -0.789549993782003
# FDY_6_4:
 0.895699739350729 0.895331942248230 0.791001175338010 0.926794930053607 0.974972533173371 1.02335528404806 1.09189820939699 1.19919239030392 1.18357740960647 0.995595048810031 0.856587889425297 0.729716392336601 0.536396966351718 0.457922711887050 0.339769938799956 0.224145443317029 0.281173547876000 0.420483833468929 0.210936697659047 0.164293913515646 0.0769993903442395 0.150043051319260 0.495231233513726 0.448664835754881 -0.140299823500497 -0.266906883204300 -0.468101408137379 -0.680400970073347 -0.846786583165101 -0.895648392993572 -1.09884094240483 -0.821270739858267 -0.580475293257147 -0.446473165343400 -0.232150574409744 -0.0921305495566615 0.0947292002997893 0.153916061981445 0.228304333474219 0.173337974233363 0.0529604008659704 -0.0830690322138902 -0.109066892361711 -0.357446240684628 -0.501880711456958 -0.647021407216377 -0.701796119024670 -0.749284996132086 -0.810466764237273 -0.905914735460396 -0.947615751828213 -0.988917493956368 -0.963899551938381 -0.915998282973164 -0.821169173365238
# FDY_7_1:
 0.0878842393326615 0.0403131469580144 0.0463328998919174 0.0590227800268947 0.0599090533196773 0.0666629797847648 0.0407848118896976 0.111836824017557 0.174754907106652 0.192967752424363 0.359140135017615 0.394260136285520 0.521681888491373 0.485318297375129 0.311614304277735 0.212414246163478 0.177896131412254 -0.0236664067105293 0.0765760458939701 0.369625282599844 0.410879501125307 0.313422503627664 0.235551783252954 -0.0364594407548622 -0.0950218204093143 0.305722107965009 0.472151003496006 0.452016746096615 0.572260244112777 0.209788545266795 0.309208688495846 0.0909032918495271 -0.523514734349938 -0.547407052799807 -0.242526381020896 -0.172340856601588 -0.159992133642742 -0.0984299919112917 0.231420378234184 0.245587839153505 0.267171030008238 0.284122882098615 0.678171009410590 0.274082942727006 -0.0150676027506376 -0.145532849353221 -0.319105931137650 -0.418642834923703 -0.573465596577865 -0.674466821925022 -0.759419809070054 -0.901363818338584 -1.03251023005515 -1.13991396872378 -1.26260807813312
# FDY_7_2:
 0.664951455383465 0.625568832227198 0.635542313220742 0.623522282067783 0.628806281027747 0.628652154854367 0.702567726275668 0.781406508502815 0.759292531342605 0.808121694261536 0.834105401199361 0.816546409426702 0.782322815421853 0.536248415365056 0.269401160724295 0.188389011820564 0.199555222919954 0.357355601096318 0.542195904191696 0.306999322941618 0.0895505579505398 0.0743747322060127 0.0756563013734348 0.0506331770996462 0.144647881727694 0.155626984279794 0.0446693016666042 -0.0501898466889818 -0.437693190365496 -0.633369424312954 -0.740851033134868 -0.781605802152899 -0.711628001483097 -0.536883728532015 -0.365119723187600 -0.215613653905619 -0.0950537499417250 -0.00388449979115732 0.101434871058285 0.132964112867507 0.124060484299902 0.152000535202150 0.159891478468386 -0.0837663080732682 -0.272313003353083 -0.440467147106741 -0.535061456868731 -0.645052293152212 -0.706963029620025 -0.735432317688138 -0.824349593659641 -0.923051393917105 -1.04001023425688 -1.13263875866508 -1.08606327261399
# FDY_7_3:
 0.202920957253363 0.169789362998336 0.194281950029211 0.178012452775785 0.176908514248220 0.143509955240121 0.181617801055807 0.225199978083851 0.259404291456418 0.511106782430451 0.520599330203419 0.617623240260999 0.547575806702126 0.429163933775225 0.298456021517180 0.300838830351598 -0.0775771876515191 -0.0431538722856414 0.418586625767534 0.427193225505736 0.311284526926387 0.299452355246201 -0.243846317853167 -0.274346907936929 0.266996154005431 0.469042559980122 0.442928359544918 0.535714955034812 0.190728915940883 0.149206973467953 0.00952199280374167 -0.702343196513785 -0.795983295866122 -0.462178929368300 -0.298976672420741 -0.225750215065661 -0.156244753552872 0.177462676066210 0.324220635826656 0.387306520599395 0.427377837547077 0.526833901255921 0.637239220509814 0.152523953000559 0.00452326830294936 -0.260608215345632 -0.378946518933186 -0.568159427742833 -0.650912981124503 -0.687503645135085 -0.807165585559639 -0.947462843674666 -1.06172725866314 -1.22194879982804 -1.25031724119295
# FDY_7_4:
 0.0797696533390475 0.0848092215027289 0.131485653297339 0.115770564733390 0.125080951391859 0.0659290843941429 0.125359337393529 0.180523715446702 0.194703706191373 0.489564701134204 0.518402419928879 0.711422642012400 0.613091927837469 0.394692353911035 0.235488204745410 0.229759268209571 -0.137949457269237 -0.0217846198595284 0.461050818393627 0.546224506891188 0.412779214030108 0.376496449786653 -0.168764965466691 -0.192125578444841 0.391282602821022 0.642261037628266 0.565044074548058 0.868484298200684 0.321508782202977 0.452922258662199 0.136231086502728 -0.655258075184552 -0.763099396293124 -0.379001443639084 -0.257336918650513 -0.194624921666747 -0.106324539029183 0.417099747936179 0.497598620630893 0.534426828281287 0.519840223653624 0.483764607910949 0.527060566535736 -0.0169013582498901 -0.185833902819225 -0.432699642502580 -0.555097953369109 -0.730722392068161 -0.810077125718460 -0.846787649180027 -0.962137235160081 -1.09946977302260 -1.20295242050674 -1.35342652139292 -1.37755324059196
