# Number of parameters = 1827 Objective function value = 28090.2804371824  Maximum gradient component = 21.0884741306134
# lnR0:
 12.5012562250493 13.9977561434465 11.6568605506477 11.1103987661662
# selpar:
 1.24768617831604 -1.02111363734588 -4.08440735769982
 2.19023335583566 -0.981912274320146 -3.99403260160825
 0.790224299816024 1.54721466545685 -1.91277880024479
 -0.191214903247475 -1.38492098267697 -1.47784236860196
 2.49657694610945 -0.936391929529790 -4.82642635887812
 4.31280004316752 -1.14172926967725 0.0346946269485020
 1.92614741350910 -1.55158205509411 -3.73029981018535
 1.93253713558226 -1.12304801750419 -2.81411567437217
 -0.0964201270886802 -1.57152225681350 1.56615535119016
 -3.17775225887062 -0.0812437422481969 -0.507191092295728
 -0.419539313075948 -2.80842311343915 0.340980426055047
 0.0749303149065597 -1.77224052153511 1.82101834536566
 2.40683402048600 -1.53467740875841 -4.23606916251864
 0.0577462147276941 -0.314014834457280
 1.46648014070302 -1.54044617282202 -1.89736062806967
 -1.06565694939459 -3.07897977935222 0.256139063507298
 2.22127467063526 -0.970907358411608 -4.03758533149362
 0.312380470977892 -1.89239054091290 -1.17585643568676
# movest_p1_a1:
 0.888308648595508 -1.66618812084682 0.529000682477754 -0.108669769837149 0.839336297727986
 0.441367013923303 -0.708328170663264 0.928596644285960 -0.866375493900730 1.35478007492464
 -0.337201931625978 3.52728870706757 1.02630535080705 -3.66435488245140 -0.836696257544235
 -1.88325944495621 -2.82247042591147 -2.17107032595981 -0.185152153946139 0.0790735977882786
# movest_p2_a1:
 -1.03625332976127 5.65069987393847 -0.297713371190802 -0.141214367380545 -0.211041465488547
 0.493679581572421 -0.00824395025846592 -2.59010680993257 -0.248943657352443 5.21307510502036
 -2.89375460050678 0.380353250604006 -0.319814895899226 -3.47916020322357 -2.15414320089686
 0.259385799396645 2.32353865515710 0.834252304512514 -2.51491818715427 3.68628868469040
# movest_p1_a2:
 -3.81399044490355 -2.15902035126379 -1.24452900263051 -3.21736453271651 -2.74642241958776
 -5.61395445932930 -6.43701659721918 -2.65909556463486 -1.13966623102632 -2.34160496496855
 -1.48440282959449 -4.97895473075650 1.41980139113177 -1.53470501447848 3.60611488588983
 -3.16816363028392 -5.22993074583094 1.17118753872942 -2.30519546923072 -0.319607624841693
# movest_p2_a2:
 3.07956526921566 -1.64678873670798 -3.97226963806702 -4.71755392513473 -4.56407945715818
 0.762241170182939 -4.25632648485071 -1.23193544306949 -5.91830529314294 -5.13711175720034
 1.51678916212169 -3.06639485053076 -2.46495709426347 -3.83704298455651 -1.41611846133387
 6.04745287741298 0.785488028947565 0.169548606755438 2.43935545340391 -1.99817111628345
# movest_p1_a3:
 2.74130753822536 1.68689416511278 2.21596270110588 1.39472703830218 2.50344346628167
 4.29081458360103 -0.773439643359151 2.06957761002692 -2.36231675656429 -2.34784223754109
 2.47907503125193 3.49665579282072 0.852599839632306 2.26529997426628 -4.62350892122523
 5.07789578397376 1.41058417689131 1.07474457504930 4.52629573437066 -4.05873320223447
# movest_p2_a3:
 -4.31328308182422 -5.06283440392695 -2.56300884319083 -3.86075214604878 -3.79124761404330
 -2.38155508162544 -3.02783692120204 -5.09306640721455 -2.60603490363888 -3.42967236340990
 1.34565031424551 4.82546952972737 -1.08241083159205 2.88929871900388 -1.61013399460887
 -1.94369318895173 0.634810684076101 -2.82463379092596 -2.32914682450058 -3.93377107279035
# lnqE:
 -4.32333287331965 -2.76100234428349 -2.58174874531296 -3.62830585943425 -1.26809541649136 -1.21583434624612 -1.76885529582013 -0.411041892298108 -4.25611012052469 -1.74372789058378 -3.71889478960775 -3.11877627293570 -2.35180884461594 -1.16457467709718 -1.39612476964318 -3.45289465260082 -3.85692327992347 -2.49709509960700
# Fmod:
 1.14615539071975 0.822493589697645 0.000501535207221008 -1.82624229725299 1.77698466488904 -0.481810284143069 0.183570876934525 1.12789691637067 0.769533323451693 0.000639840062574163 -0.809048103283270 -0.0709445467154626 0.261277810772033 0.174991611893916 1.04249099727685 -0.400650511747775 -2.24638346436093 -1.08858395026327 -1.74633217699570 -0.604845736105616 0.146558073225137 1.12747602750621 0.156714136181883 1.94518150213152 -1.70690772615919 -0.110045303189897 0.214623254786300 0.194704549110197
# visc:
 0.609507784130023 0.351061200320821 0.925498576833527 1.56757867328224
 0.398729957271406 -0.492870802467941 0.0943966571904760 -2.99863662125359
# lnRD1:
 -0.803924938817461 -0.509059202606670 -0.237941447466318 -0.0868930593897014 0.159304278851823 0.169880337889480 0.163707397230696 0.316265464546320 0.0313628650745480 1.14195746897676 0.322713129340890 -0.667372293630366
# lnRD2:
 0.269846863747854 -0.117428537242224 -0.412088382882748 -0.103660955341634 -0.313143603279225 -0.405837311242236 -0.333582007414295 -0.265179397154632 -0.198150295582212 0.00187271422506938 0.229049882052719 0.273193819652887 0.893167222881019 0.195236198700334 0.321895144875327 -0.0351913559960038
# lnRD3:
 0.337268181074259 -0.438934278170734 0.511509620357629 -0.0806919671205026 -0.329151556140651
# lnRD4:
 -0.168547646973318 -0.123231177958380 -0.320267358047751 -0.368600834465332 -0.533805801369472 -0.348995487906378 -0.275107930808323 -0.603242926774383 -0.542632814831072 -0.0301029328725672 -0.383338352339968 -0.0851297410758351 0.244621678457826 0.0909972238995843 0.406561730770132 0.0674576792130902 0.384454534766720 0.303393178599814 0.255737699208551 0.925754433682331 0.876644686503045 0.187483014883935 0.0398971454377536
# FDY_1_1:
 -0.0209625694679865 -0.0208707649561859 -0.0208224467855827 -0.0207231963086114 -0.0208411414597105 -0.0206937968640411 -0.0207650505648705 -0.296873587339925 -0.339448285799924 -0.372453260651795 -0.420272554287102 -0.413479342092970 -0.368053038938583 -0.344605926624192 -0.300424930650514 -0.234357702446386 -0.264816110611347 -0.294237236130394 -0.306773901035330 -0.320264959223485 -0.331908991017719 -0.307465943622105 -0.310059114279819 -0.294540966471918 -0.264559066049592 -0.193212711750681 -0.166472384323060 -0.103079551062210 -0.0577471943648194 0.0267254520461488 0.0897317968803195 0.158633606152057 0.198931095334657 0.254776561503442 0.342427338642751 0.410860518364707 0.453211506648021 0.443071883150115 0.388256138184468 0.375505688611499 0.385861603578050 0.389718108409128 0.420652182341536 0.430054017934569 0.411985989567942 0.388381136780714 0.378644113914465 0.310791568087734 0.252135038240553 0.203252320016849 0.134986059325344 0.0360036256791520 -0.0583057504601534 -0.149424657682466 -0.226081216070742
# FDY_1_2:
 -0.0205376270564414 -0.0372050874522819 -0.0206417455289011 -0.102700863255188 -0.135477189171870 -0.161563415530383 -0.0204720072796317 -0.214912468623299 -0.250189493284210 -0.282476776378765 -0.320874358075780 -0.304765975808371 -0.246214144435050 -0.207998735497728 -0.191083400776140 -0.185324791842933 -0.159322463897760 -0.252809979904141 -0.263896856396531 -0.278495893124168 -0.271230114754659 -0.273932420398073 -0.263580939482629 -0.242704306654717 -0.225529040074424 -0.169998949490035 -0.135191609108698 -0.0713179116421666 -0.0318518722172357 0.0474477165356674 0.103423234275415 0.170222821778403 0.201580827681029 0.247361171615343 0.338925759294936 0.391823716872501 0.405826748234985 0.394419960726832 0.344102484592995 0.333150181211710 0.335845119070961 0.347107306274647 0.366896716116754 0.377288019267359 0.355158660730812 0.333363817279714 0.318687493205455 0.247044998645873 0.181168029357694 0.126848497983320 0.0559295721691032 -0.0336347070316777 -0.128576483801909 -0.217660601642909 -0.301450623302799
# FDY_1_3:
 -0.0188710995999673 -0.0189083661843448 -0.0187707055302893 -0.0191426505853674 -0.0188753754607261 -0.0187882038493212 -0.0190457213054520 -0.0187696269766544 -0.183073529616344 -0.212778857470399 -0.225365703286760 -0.221126493298813 -0.171314493087124 -0.146397903978590 -0.135263165432501 -0.125405795225487 -0.101356098325677 -0.192193244353422 -0.207206334990119 -0.224079392343816 -0.216775969702164 -0.214941264601404 -0.205673272052119 -0.191898306527767 -0.174189352144801 -0.119491392469765 -0.0188409487422954 -0.0189708372686495 0.0105777602669015 0.0859228536423382 0.143485319429661 -0.0190037212643679 0.231908523085702 -0.0190100272370728 -0.0185804009294088 0.366869482177854 0.372118934037291 0.373723601471675 0.318932806178703 0.296200815283973 0.302155392590232 0.298424100183238 0.315912079010476 0.341871319550689 0.322976678874817 -0.0187813950843561 0.286242488014881 -0.0189481124627191 0.148284543575533 0.0865691025014579 0.0194020712903642 -0.0647525924035257 -0.140678816282099 -0.234541544661173 -0.329767156430925
# FDY_1_4:
 -0.0204256566178619 -0.0205387611415616 -0.0204001412288034 -0.0203946364075201 -0.0204895655061731 -0.0204933574604854 -0.0201923383768251 -0.0204050196571340 -0.309956535939170 -0.349908273207412 -0.0205104475291559 -0.328062562027381 -0.291611187775030 -0.277030682063383 -0.243815815722266 -0.226541517462003 -0.183440624939467 -0.280439518325711 -0.277205191955187 -0.296212159250311 -0.292214392446811 -0.295685996540216 -0.277882635440677 -0.256769975513358 -0.233283639065284 -0.174443003316950 -0.133259766923724 -0.0657988277370399 -0.0208792656277944 0.0797746796993860 -0.0203048031400198 0.186811577953391 0.226100242758147 0.293379665519663 0.435557164323243 0.424793348158004 0.412358620316561 0.410536289344993 0.356328403618232 0.338453750386458 0.317079061113157 0.337735939129216 0.313527232268671 0.310691730994961 0.313701679758338 0.289294271436702 0.261028738673884 0.209366112784676 0.162844488722650 0.115330798722385 0.0193395459205482 -0.0744400687588805 -0.165597705277868 -0.234561812238524 -0.320837456983277
# FDY_2_1:
 0.302445361599274 0.215920968185085 0.192957643341427 0.160121878088545 0.125222344709846 0.0923103952732480 0.0688353250485718 0.0481940123109019 0.0146732521572168 -0.00764039527887149 -0.0302152926521642 -0.0163173243514312 0.0211584762694785 0.0379026019836244 0.0685987489332554 0.0990948757809498 0.241220897521859 0.0761669576649389 0.0667154924515605 0.0643369949908441 0.0753945332329369 0.0355817194954573 0.0516134452344133 0.0595293641563763 0.0466896740364555 0.0597640302170246 0.111162906339480 0.120203271523926 0.0913735021373599 0.139056893135980 0.138736948402355 0.208394140537236 0.152077059885678 0.108550621057687 0.117636603693145 0.105441869976228 0.0738420886975246 0.0534175653028493 -0.00300532385323325 -0.0465066064271815 -0.0756520214450671 -0.0830941598767121 -0.0563994956460825 -0.0198155556016515 -0.00929333728134484 -0.0525501220064275 -0.115087272344756 -0.0835968075380669 -0.138323698972904 -0.201262911743887 -0.313427484382209 -0.409247099456986 -0.529264286925401 -0.648182154795675 -0.805461112792688
# FDY_2_2:
 0.303424554559974 0.203305307083019 0.199103138839212 0.161076984459411 0.118254959261207 0.0617705651227397 0.0335593285874304 0.0373244775632972 0.0204322860186660 -0.315255462376309 0.00464556162062638 0.0477459469784972 0.0586880598425682 0.100143646881617 0.139042611092305 0.174210018966119 0.222032714498874 0.174718686890591 0.171663885511471 0.167332290047549 0.189746238635421 0.160402434695388 0.142629486945023 0.141684963061738 0.124569541653936 0.0886255782292541 0.198743384540930 0.215814319104167 0.132922504903248 0.236316061852663 0.225766812751075 0.332531401960556 0.225383895036058 0.106750591203547 0.104729736130817 0.0872006867057572 0.0376302516663482 -0.0135920472408949 -0.0760622551229036 -0.168794249073928 -0.207097108283835 -0.217943243599102 -0.223385029645632 -0.269640119711789 -0.158691514818090 -0.128674229448046 -0.140633905619476 -0.158556232726265 -0.168541772360454 -0.212997744920650 -0.301406819764496 -0.396911028769848 -0.532717668428037 -0.677309347042677 -0.781713133948667
# FDY_2_3:
 0.0587459579204031 -0.000496637594995891 -0.0144971517871703 -0.0573163951058659 -0.0904477117739656 -0.136453369882514 -0.104165253146689 -0.117782782387793 -0.158399368899690 -0.194366175878260 -0.0885939618972897 -0.0662357938774200 -0.00156065594137670 0.0420784513224502 0.0812966239595317 0.122353530902156 0.172487760401617 0.171061449817775 0.177641605618280 0.169867563758900 0.184727366223581 0.152688914594366 0.130183604705808 0.152561873097156 0.149902835142472 0.193702915464223 0.165151324190563 0.213097953979811 0.217835310742667 0.319278190498015 0.365135012576007 0.298349116323353 0.207208104045956 0.188390478366732 0.205748795705392 0.222323611410636 0.173219609080943 0.0930242700618443 0.0442820368443742 -0.0599819792364253 -0.0760394887451325 -0.101204837688369 -0.212920865289012 -0.181602179799320 -0.0662727476470856 -0.0682513093398573 -0.0832359278174074 -0.101415820831445 -0.122717870600907 -0.161387788695857 -0.239694818573590 -0.367260180813395 -0.498311251606189 -0.602434516723986 -0.699297425174004
# FDY_2_4:
 0.369196763833558 0.327956724859374 0.309304417808479 0.244896793839853 0.210824204447931 0.199379591076654 0.201389476554793 0.129603659846629 0.0484682308638351 0.0281223317659707 0.107191465005843 0.0932415658027741 0.126282735396547 0.146794791013300 0.166805435956025 0.171904743204146 0.171547450018906 0.110081555325217 0.117541690508910 0.104512857102389 0.0859250276935819 0.0356299589377469 0.0724162180834751 0.0935409897927764 0.108872293462132 0.148735885212864 0.164265744167075 0.117342751086153 0.144095031145998 0.211950423296192 0.287345311825581 0.213493781467179 0.0856395276833906 0.0567348540091730 0.0510280519196182 0.0702020754271453 0.0497012791043223 0.00537570974962322 -0.0765035179545619 -0.117643071855432 -0.146207243544857 -0.145090717390616 -0.109963803134710 -0.0624336735430202 -0.0948495575374066 -0.167372949324059 -0.176393118905219 -0.229832040152542 -0.273233854407035 -0.343613196538702 -0.434913005168324 -0.561846133484885 -0.703874439283101 -0.835366232032270 -0.908204844038421
# FDY_3_1:
 0.00000000000000 0.00000000000000 0.00000000000000 0.00000000000000 0.00000000000000 0.00000000000000 0.00000000000000 0.00000000000000 0.00000000000000 0.00000000000000 0.00000000000000 0.00000000000000 0.00000000000000 0.00000000000000 0.00000000000000 0.00000000000000 0.00000000000000 0.00000000000000 0.00000000000000 0.00000000000000 0.00000000000000 0.00000000000000 0.00000000000000 0.00000000000000 0.00000000000000 0.00000000000000 0.00000000000000 0.00000000000000 0.00000000000000 0.00000000000000 0.00000000000000 0.00000000000000 0.00000000000000 0.00000000000000 0.00000000000000 0.00000000000000 0.00000000000000 0.00000000000000 0.00000000000000 0.00000000000000 0.00000000000000 0.00000000000000 0.00000000000000 0.00000000000000 0.00000000000000 0.00000000000000 0.00000000000000 0.00000000000000 0.00000000000000 0.00000000000000 0.00000000000000 0.00000000000000 0.00000000000000 0.00000000000000 0.00000000000000
# FDY_3_2:
 0.00000000000000 0.00000000000000 0.00000000000000 0.00000000000000 0.00000000000000 0.00000000000000 0.00000000000000 0.00000000000000 0.00000000000000 0.00000000000000 0.00000000000000 0.00000000000000 0.00000000000000 0.00000000000000 0.00000000000000 0.00000000000000 0.00000000000000 0.00000000000000 0.00000000000000 0.00000000000000 0.00000000000000 0.00000000000000 0.00000000000000 0.00000000000000 0.00000000000000 0.00000000000000 0.00000000000000 0.00000000000000 0.00000000000000 0.00000000000000 0.00000000000000 0.00000000000000 0.00000000000000 0.00000000000000 0.00000000000000 0.00000000000000 0.00000000000000 0.00000000000000 0.00000000000000 0.00000000000000 0.00000000000000 0.00000000000000 0.00000000000000 0.00000000000000 0.00000000000000 0.00000000000000 0.00000000000000 0.00000000000000 0.00000000000000 0.00000000000000 0.00000000000000 0.00000000000000 0.00000000000000 0.00000000000000 0.00000000000000
# FDY_3_3:
 0.134096032893035 0.0526483239937918 0.0250271516895162 -0.0285382627475755 -0.0583767102605353 -0.0818384024425139 -0.0862642173717920 -0.124501353745134 -0.163312381009070 -0.219760326333642 -0.180752580643349 -0.179405284443626 -0.143671513873584 -0.0805272681731109 -0.0371083123552763 -0.0583251810455221 -0.0197800612898633 0.000121989330775094 0.0201743240219802 0.0355915475173911 0.0378539853279638 0.0251767210482358 0.0252146084673037 0.0293652380835527 0.0252942937171076 0.115779825803421 0.119392313319107 0.127401112007553 0.177308303705581 0.243695446486210 0.284837854080342 0.280896570812548 0.239594228920190 0.207192493190818 0.243993799832716 0.237733720729321 0.250535779055749 0.129212106335437 0.0850460163991129 0.00987273733422309 -0.0432570875752903 -0.0614795490316307 0.0777609496978963 0.0940110263106555 0.0805006605782359 0.0879728589303057 0.0858469871424243 0.0167252406217897 -0.0150611937668157 -0.0682817690410853 -0.172710539035244 -0.282759659621058 -0.386886252524335 -0.484207534651357 -0.629068806402880
# FDY_3_4:
 -0.00677506849497324 -0.0718998943058125 -0.110268894786746 -0.146986207156566 -0.171149738168849 -0.176346571654682 -0.186793231475549 -0.218565613757627 -0.247633161453221 -0.269960866084590 -0.274359084842365 -0.230653444060128 -0.202674674155326 -0.182847818012511 -0.129700165670837 -0.117370374776028 -0.0552234162624747 -0.110564453041871 -0.122467542286777 -0.145667360404893 -0.150423767941238 -0.170495007273726 -0.158357889226742 -0.119496734092132 -0.0900221892666762 -0.0506586990350966 0.0172921184412777 0.0516214336004179 0.138760982608433 0.180160403944307 0.294794746429604 0.276709366169585 0.286346526532156 0.292214883696578 0.376581046187900 0.433475007775052 0.397066318141549 -0.0354108034095198 -0.0354451208995241 0.256812791258924 0.234500827433539 0.266269151407409 0.262377867608476 0.291214729258318 0.276622628754439 0.277221207311721 0.198623448206993 0.156890417646431 0.119982209865612 0.0746294500625659 -0.0216901978356583 -0.141022620251927 -0.246621857458672 -0.336302845835404 -0.426312248963141
# FDY_4_1:
 0.129729320278771 0.0755548996900705 0.0481720386857127 0.00784042164106694 -0.0166755465037676 -0.0450829830655336 -0.0401177791478709 -0.0369533763715369 -0.0148881628796092 0.0132170460771023 0.0183129355572592 0.0435046046016777 0.0513433922414476 0.0948634471226663 0.142950905165502 0.190560139999688 0.233027591054804 0.269583511417638 0.284812806582249 0.291343331995968 0.263567176031412 0.242379077963670 0.215184746554429 0.202642723038655 0.182945624468441 0.197843908818332 0.225270207702084 0.207419276712943 0.159464575029065 0.179828864369220 0.146431887720876 0.201344779221537 0.157892764697199 0.131074562496116 0.115550106120238 0.0982805605706122 0.0530943005781738 0.00287242955682047 -0.0615277296929858 -0.127960590386994 -0.180463503257761 -0.215306498301629 -0.190998197518167 -0.196825433639118 -0.159598087436054 -0.140518333463729 -0.137178824521641 -0.140177147457701 -0.167373868443861 -0.218136354939228 -0.309865732076766 -0.435981458996876 -0.564707893197067 -0.683119751214566 -0.794446711248987
# FDY_4_2:
 0.0918113394894556 0.0418481163471145 0.0184719906149975 -0.0347626092339621 -0.0590211429082843 -0.0850314857312866 -0.0888597916672338 -0.0759277829018168 -0.0624641272531403 -0.0392587424035029 -0.00880267717672154 0.0197249659463732 0.0419127275888065 0.0908865882002963 0.142822273671198 0.197189410230001 0.245912693162980 0.290795438458732 0.300899632786913 0.299913132037557 0.268651470566281 0.243632253965811 0.214553721341634 0.211523180957549 0.196303762755941 0.226424428571828 0.273039893015388 0.211247297620484 0.154329193363816 0.219362159187697 0.232386873006783 0.350025048793055 0.225381992412969 0.129270039561776 0.110545589569202 0.0845898811015640 0.0522352653505824 0.0113209647773878 -0.0577644507573374 -0.138713918296372 -0.199013285939662 -0.223821441906792 -0.197399345681531 -0.207703029338647 -0.177469018190517 -0.139954580710303 -0.150355871651632 -0.138845056389151 -0.160809754731905 -0.205676372776680 -0.297829918684986 -0.424579113136305 -0.554602737590982 -0.675441292612303 -0.792903776783119
# FDY_4_3:
 0.0897144715976319 0.0477084590234087 0.0309874224635634 -0.0208838899752672 -0.0436205591390255 -0.0762859441529695 -0.0851578700490316 -0.0742765745341760 -0.0597597400666689 -0.0143289424503141 0.0238437437534485 0.0521949270903166 0.0714056915849213 0.112967233571278 0.155122446851519 0.218847126273188 0.262882373408477 0.321752841561412 0.330243544341961 0.325596764721513 0.285537094381641 0.250738834687788 0.220375814531791 0.233630721929335 0.201958339736479 0.237475785053729 0.203129198831694 0.167551991684701 0.164433533611951 0.236676735854274 0.274804946563798 0.274961011659388 0.152328892472533 0.107048965064856 0.115288522151512 0.104035293920334 0.0786200447127410 0.00901034036421148 -0.0520034943806475 -0.119595747867334 -0.178005222717589 -0.191013115336173 -0.148925104341170 -0.206846491046445 -0.187287613766722 -0.184785804190409 -0.187305212905499 -0.173812408332866 -0.191685064119717 -0.246538263203001 -0.336473744786401 -0.465330050983769 -0.588408234533531 -0.706578115449769 -0.821965905126898
# FDY_4_4:
 0.0985237160268662 0.0573569203351612 0.0412264068710717 -0.0154471255863069 -0.0312132958115463 -0.0661911801187778 -0.0730329269369669 -0.0620076130762517 -0.0436903251788252 0.00198171032897122 0.0375149216175925 0.0619396364969898 0.0811515720176155 0.122949308124432 0.167411508628459 0.216912723893903 0.264514629651953 0.325654618308967 0.334021616066283 0.329872772330156 0.292109473641583 0.256349094037722 0.222732183163080 0.240576426795243 0.202238986216524 0.231959937169367 0.197569550213655 0.167590863886209 0.161462047732669 0.228346693695116 0.256671441092199 0.256580253690134 0.149743383075960 0.104014767388422 0.112058558940376 0.113563058565235 0.0806099354079899 0.00756251837725120 -0.0550667039533030 -0.119881746242107 -0.180872854955453 -0.195361607960300 -0.153781846128579 -0.214201898775673 -0.196212010857146 -0.195025625457713 -0.200059569924129 -0.182608437332360 -0.202198503071996 -0.251808901341639 -0.343002586968088 -0.476761525918700 -0.607177922777843 -0.724865559319757 -0.832301466093694
# FDY_5_1:
 -0.0324034076285918 -0.0323878547936839 -0.0320420390592552 -0.0321966047383501 -0.0324719476999099 -0.0322112889056020 -0.0325524420313289 -0.0323362543349069 0.210030260339604 -0.0322444475068863 -0.0320587615809959 -0.0321628730332889 -0.0322664031684196 -0.0325788332178459 -0.0322120368482458 -0.0324679503742945 0.377331263399811 -0.0323949708295280 -0.0323885061478474 -0.0322220266474452 -0.0324571416635911 0.318230778752629 0.294768785508728 0.229859023782869 0.167378138210934 0.169657739643016 0.177689703154029 0.229143707262973 0.149987647471030 0.135630895030494 0.00905921923114838 -0.0321955952782639 -0.0322579579923473 -0.0323462150912973 0.0655497212232133 0.0776511584792415 0.0988669692420617 -0.0146061599082793 -0.0322307549091826 -0.0322999916710104 -0.152087514207738 -0.0320407861829529 -0.159832424506243 -0.157408166374849 -0.138345207701606 -0.178188492823070 -0.0323028263210282 -0.0323967829848498 -0.0321350343605423 -0.0322542001569338 -0.0323571746144423 -0.0324984626023809 -0.0322427505991049 -0.0320721091848074 -0.844680613050835
# FDY_5_2:
 0.258083494827260 0.194930145447514 0.00145924508406148 0.140941385103993 0.00122782623265161 0.000938928866217720 0.00120065657608615 0.00148728531755305 0.391964791814561 0.00148966996567735 0.457209998874932 0.383077475329195 0.00143373073334930 0.198773814135324 0.139120969362230 0.00141353971194603 0.0203482014497153 -0.00290223931944544 0.00124974254353417 0.00132544735940188 0.00159496671069482 0.00125391937934472 0.00139756822402182 0.00137677484641275 0.00117741920232762 0.00150954433153173 0.00129800768931821 0.00138204546093269 -0.687487784061134 0.00122240473388169 0.00146821377173312 0.00137256257378072 0.00135476489372122 0.00146960928887053 -0.762306749564219 0.00125855096101402 -0.788629172949090 0.00139471520550350 0.00144342678794940 0.00133402438177955 0.00133781227559593 0.00134499000110678 0.00135645786641126 0.00118633856671869 0.00139738121459432 0.00124365628291157 0.00139011786767752 0.00104906277273587 0.00138827618060800 0.00128001287047431 0.00156758303524585 0.00145396994619629 0.00139788000238317 0.00146277398711215 0.00148476584609403
# FDY_5_3:
 0.266692259280105 0.232899291247880 0.121192721591994 0.158579083998250 0.121167269532895 0.100473851396585 0.0860114669187702 0.0888087019393680 0.0927321406081194 0.171192867436741 0.173796950698984 0.217397566797626 0.195522866217628 0.238184263510962 0.255537946355783 0.300843490011582 0.287118059093902 0.314062879963382 0.368197786578400 0.316468702895998 0.0316794063135626 0.300095615474399 0.0317146827288857 0.0317860015047173 0.0316734742580047 0.0317877183006583 0.131409021060090 0.110727959927480 0.279209580345848 0.342754919925089 0.430306123080893 -0.127328956579095 -0.174893470161013 -0.00276829664923750 0.0424779061338831 0.122610338485893 0.0995628982827694 -0.0408330620396191 -0.0737848887428900 -0.0732754948639738 -0.144495231821610 -0.101712007024862 -0.0559909501916007 -0.154670492977301 -0.134787063567253 -0.416758141465122 -0.228629016538790 -0.177816931811027 -0.285555032358104 -0.347219471393976 -0.434157399756770 -0.591365626142767 -0.762251811771157 -0.876678557882488 -0.919703908158468
# FDY_5_4:
 0.00190404853820247 0.118333722750027 0.137301359181096 0.00234798741762710 0.00199849778540262 0.00197807196003730 0.00205622757785484 0.00201623704552745 0.00213782645678506 0.00202972106825516 0.00189155974259592 0.00188865387851500 0.00189339156330082 0.217048573771383 0.00187232775680091 0.273440107729624 0.00215414603979891 0.364289000765671 0.00213056351836993 0.363723085292506 0.359381072794974 0.337648601941646 0.276703723058915 0.288301182012899 0.311547182737135 0.366912671133324 0.161389398983679 0.151221415253831 0.310008449629224 0.407275093245287 0.599204843234836 0.121094168306211 0.0116598414373135 0.158688216707930 0.162882800058169 0.245667246275454 0.195344198086667 0.0750230512048820 0.00720917795550591 -0.0251883478151615 -0.0793745072749275 -0.0957990998356468 -0.0333986787725724 -0.138562033918559 -0.146093276438709 -0.327626707609638 -0.338436050369139 -0.347451164678235 -0.364176312436937 -0.442512705281562 -0.526686072898526 -0.640626371861286 -0.744748442227824 -0.853874233727955 -0.945043438750587
# FDY_6_1:
 0.00876580407171899 0.00866903812122920 0.00870994547963209 0.00881091709555025 0.00877708607623805 0.00874915580109646 0.562351913554564 0.613178075544571 0.00873893801041802 0.744854539313882 0.00866617554373415 0.705438730130405 0.00883907826998707 0.00862447878874316 0.00883906339801675 0.618163743315339 0.603293737493214 0.00860228600048983 0.00876529045850837 0.559309062370308 0.00870866018617288 0.00894635349000082 0.00875676783360745 0.00878796511578460 0.212210906407147 0.129842766473566 0.0398415885842872 0.0806811426470199 0.0517893374969552 -0.0282840776662105 -0.174326299071453 0.00875472892288541 0.00891402314182886 0.00873716025652370 0.00876896056854647 0.0639282393082850 0.0112767043724321 0.00880085424353548 0.00879899246796621 -0.0889599707774299 -0.131318631232987 -0.147332075937471 -0.133750206076206 -0.156962657761161 -0.146218218191911 0.00862456120898179 -0.195864372571981 -0.216185115371133 -0.260441808712346 -0.336172580510911 -0.426263129224341 -0.549247730111456 -0.643999288314671 -0.748642329475774 -0.822348280555732
# FDY_6_2:
 0.956048081929675 0.803889536763007 0.916062462720904 0.900759868763292 0.851478295746574 1.02765948707010 1.05152339924726 1.12407105861260 1.09843100352456 1.15637060614191 1.01172033420268 0.989418915574005 0.820493537753166 0.763880296113707 0.703160502056329 0.569420320458206 0.530007904458337 0.560087493766204 0.518293037161024 0.393070008536506 0.283622096919175 -0.0140672610639143 -0.164110165216684 0.0588444770230385 -0.0544317270528660 -0.296782943313308 -0.469006708368015 -0.518672953224095 -0.598082668084339 -0.539269279712476 -0.597841316360327 -0.730828419151614 -0.682558497871248 -0.485893869729588 -0.355175301998186 -0.301820116036727 -0.351039107709591 -0.389258761404168 -0.384791844785838 -0.406816373118854 -0.448659498091014 -0.494335216466732 -0.455478033919203 -0.560570237092670 -0.524366984050070 -0.562212776453207 -0.583780632696288 -0.567167913253611 -0.568207856723675 -0.652135067980494 -0.776786238519901 -0.925527474625532 -0.904199066284026 -0.842147189604566 -0.882291224579444
# FDY_6_3:
 0.613513848033339 0.626849103075051 0.902829007361968 0.877455171504735 0.892190537221307 0.955658428548625 0.909812645242391 1.00456415919238 1.11552063677352 1.25460354886329 1.11610947130171 0.923594926906149 0.674114514246486 0.689346113914082 0.627661539757585 0.573848599565875 0.571233337663897 0.458384522752765 0.438483608144379 0.325850700574051 0.268282307811624 0.156968315626116 -0.0157917725295578 -0.0917355154297771 -0.257835249113946 -0.413974367724861 -0.337778634559102 -0.335326804756467 -0.548000632018290 -0.586140505005939 -0.762979393345777 -0.637595002234196 -0.480188278710824 -0.336925198610440 -0.225820491294273 -0.237430674030406 -0.298237767988599 -0.298774396419024 -0.257614991190961 -0.327391991022383 -0.368070249071428 -0.354630139560117 -0.353457456475954 -0.457654082054971 -0.478118560261873 -0.530695532227720 -0.566063964430468 -0.577837199634669 -0.615028506534532 -0.660569672582449 -0.744074099148307 -0.868474964725646 -0.929337275613762 -0.992796189589766 -1.03052548618484
# FDY_6_4:
 0.889988905928750 0.886241994020268 0.703399200951105 0.854090235722159 0.879633787823859 0.957840311247718 1.02104769780023 1.16910422553610 1.30908170716173 1.21724434131536 1.11028814284868 0.965064122091112 0.813006117025091 0.708504860753691 0.632968241312741 0.567048942192005 0.527885057831806 0.520235487399438 0.400074273281134 0.350697401256833 0.152503725776172 0.133048953502185 -0.00675598392726317 -0.276964251370354 -0.629458587149542 -0.550791820379086 -0.338645587827646 -0.344942756489710 -0.542656478478531 -0.623740667171834 -0.934283449989840 -0.652824652608856 -0.398021476397511 -0.305846806967275 -0.173512011688483 -0.262072324498130 -0.352617751379536 -0.309289428691097 -0.247301828008131 -0.293800833028722 -0.340590597096626 -0.377023480262604 -0.318299135660567 -0.476323502601828 -0.469191810047086 -0.484631402114652 -0.570464890416009 -0.605826996776833 -0.634822394102628 -0.619263147013146 -0.740689183028308 -0.876210377196441 -0.948494828889674 -1.00471381671898 -1.05892547480123
# FDY_7_1:
 0.151740223035774 0.101265205512628 0.0826645547810910 0.0611917256653379 0.0494722087342157 0.0345209926975046 0.0187985571612280 0.0504825580155173 0.0845003065678863 0.121554486169260 0.170752363334130 0.187317078558317 0.235154222063069 0.244762528350743 0.240141801761122 0.263152028341793 0.295398496663870 0.328188176132766 0.385717026984508 0.356676234394303 0.362367478216724 0.342334805247235 0.264808636504596 0.260832153581297 0.211120972291529 0.170296095108635 0.162128587490627 0.104574411805643 0.130205926974575 0.156873856778608 0.204359742897099 0.165840339599500 0.0674132962248895 0.0648762070895067 0.134647967888371 0.127987172051874 0.0767770058776550 0.00607980666256788 -0.0118580302555570 -0.0912134778604120 -0.148247726176122 -0.189365529803342 -0.155214583263596 -0.211356686188175 -0.285226921017815 -0.297641373358639 -0.311564802666948 -0.318752452255487 -0.358989746877322 -0.416609220998383 -0.509202969704850 -0.633569554177168 -0.747165184106556 -0.846690667486537 -0.944306311019087
# FDY_7_2:
 0.310679576308747 0.260680162201142 0.249846295571288 0.213361168573486 0.193556741264166 0.167818489930021 0.175112660283686 0.202471122857207 0.225476292516358 0.296897181821542 0.292928124992944 0.296164280235051 0.304642201708662 0.301266965086503 0.323610881937588 0.323815677844370 0.335631342358377 0.380834050782232 0.380568571584479 0.364255730099368 0.340713697068777 0.296100978267752 0.242409464109916 0.178733446316777 0.101098401225356 0.0682683437220541 0.0423421610789702 0.0386621314404473 0.00319759931852908 -0.0141798442541817 -0.0621894563184329 -0.0781967005520237 -0.0817744644629013 -0.0221040044932597 0.0347477465827914 0.0433729039347223 -0.00587486271114208 -0.0679650612872163 -0.111798389279874 -0.148218362535212 -0.217987029171147 -0.249693762276908 -0.199682112106205 -0.291174818235012 -0.269287066400032 -0.277524241390617 -0.289511610502415 -0.309402151422600 -0.342710751388728 -0.402448630919496 -0.490723912520439 -0.612119968298750 -0.721751265264489 -0.823160181601364 -0.899785743630862
# FDY_7_3:
 0.136883963728257 0.0963130901054028 0.0915299706212471 0.0560476970208133 0.0351511714922375 -0.00284516878495533 0.00473533588316078 0.0235319826914024 0.0570563460964764 0.157606501974773 0.172751444139278 0.225511966518099 0.199603605467402 0.216733564744384 0.226566777798922 0.275526448816027 0.316639777273044 0.373081984685773 0.358864358349486 0.364921148008349 0.350301171963880 0.300600326145954 0.235117806632740 0.239201016048714 0.185061804162491 0.175473313159232 0.114375217643879 0.120370530036352 0.141820844591289 0.223854752127899 0.206496027453637 0.0961066003736974 0.0156558119426722 0.0882287266935038 0.147156149368689 0.161518322363590 0.125020566245496 0.0634320626494616 0.0288252188930793 -0.0178627843799342 -0.0902097894050840 -0.106011490661883 -0.0506570590599231 -0.276348243562343 -0.290709467614792 -0.341017989346853 -0.333324832390321 -0.361531122359964 -0.385588419143605 -0.431112237648475 -0.531745290577220 -0.642655491275981 -0.769787795859637 -0.852346395726698 -0.923919826113125
# FDY_7_4:
 0.0985164507646070 0.0740778195576794 0.0782826704821220 0.0420297351894713 0.0249610078000559 -0.0229860140866017 -0.00763593910228804 0.0144076726316706 0.0481789772987362 0.163653386897772 0.184548848525290 0.262421650619467 0.220625010160461 0.213571099812810 0.216810961886241 0.269984908536310 0.313106515248689 0.413523784114091 0.384266747939283 0.419390346198933 0.408628248344692 0.345252225784876 0.299653552129099 0.313223728269218 0.227168076600643 0.220955186156292 0.147504500111845 0.208388795040779 0.197804096816004 0.358732595588494 0.266707657422660 0.167570189681371 0.0737766780271762 0.161084847878433 0.182515836424884 0.174622337097928 0.133220519083071 0.124479206037853 0.0544028884083935 -0.0104664027735657 -0.0974491822999646 -0.158067077241943 -0.111797676705916 -0.348063234485689 -0.374502656519108 -0.405504225794639 -0.421201222396336 -0.441529162621161 -0.462478563620042 -0.518073226656663 -0.611555848382540 -0.735728118453030 -0.843542122585038 -0.931729158742948 -1.00573892609993
