# Number of parameters = 345 Objective function value = 87899.8131599260  Maximum gradient component = 0.0546963266247429
# lnmuRT:
13.9392337097
# lnPrat:
0.309334413928
# lnHR1:
 -0.126446376046 0.183745290836
# lnHR2:
 -0.738304587042 0.192338917732
# selpar:
 0.274426776190 -0.310118467462
 0.142719043512 -1.24369058687 -1.51255971661
 1.57442274146 0.882431704523 0.0465869307243
 0.789198465945 -0.0522271778879 -1.92868270511
 -1.37776330637 -1.69279837365 -0.896573891104
 -0.636214205989 -1.88776948094 -1.79915226208
 -1.27174591489 -1.77803077921 0.928170620525
 0.318664201380 -0.943477128120 -1.36445879718
 0.569928199724 -0.966652773239 -1.92852328595
 0.609679282991 -1.10192254905 -1.59743695906
 -0.473649312769 0.142422155985
 -0.397385456938 -1.30573193330 -1.31184429374
 0.748023095211 -0.618046884249 -2.09902701275
# lnRD1:
 -4.79984486452 0.344130522243 0.367242745310 0.677050423530 0.638782139245 0.896185994653 0.855839036241 0.868350993069 0.463722692857 0.535798430961 0.949892970528 -0.345906359287 -0.0849899815763 0.138854061695 0.786864346232 -1.49974346752 -0.792229683662
# lnRD2:
 0.288283833011 -0.212600832794 -0.309867822398 -0.202250013160 0.153928275043 0.434206537215 0.389346240866 -0.0214523826220 -0.187980574358 -0.392632719213 -0.501949545653 -0.717154263268 -1.02285430352 -0.854430011855 0.293918702491 1.05895738937 1.80453149084
# movest:
 0.132834308467 0.0903198255576 0.282258095049 0.381664377022 0.0200752489446 0.0683038089844 0.0364034408220 0.0707202052639 0.492632478717 0.277931686832 0.447858855242 0.881441458145 0.0222134541403 0.112565823087 -0.0153369596767 -0.0206258428592 0.0417373678059 0.0136187166333 0.00446117363577 0.0464422010492 0.00640654717617 -0.0223961108298 -0.0223360679990 0.0672692889456 -1.11204166659 -0.168705847506 0.528087699362 -0.508039595727 0.369503496452 1.25843515275 0.948244520455 0.00481128792250 0.339166878063 -0.853982357705 -0.683861262074 -0.666167579259 -0.777494470252 -0.703527150714 -1.66027086135 1.41249701396 1.73973642438 -0.406984367678 0.0932556218280 2.72582588657 -0.145713966975 1.10579558183 1.59711155729 -0.345279735140 -0.219300893684 -0.0361406024188 -0.356508698111 -0.187223354259 -1.17450947910 0.0749763709077 0.565444213804 1.13483419819 1.98240254835 4.67939534402 2.48163716966 -3.12659696942 -0.563897937546 -0.498597543440 -0.272311618346 0.218873182110 -0.542444920772 -0.820047776893 -1.10158263001 -0.161840891361 1.01642092455 -0.953576037674 1.49737487070 3.34262442522 1.18125990244 -0.640988063774 0.0503057719809 -0.956848132267 -0.249166488113 -0.0377378164517 -0.529857698472 0.415341233307 -2.23674148024 0.502781000738 0.430794369909 -1.64115497687 -0.0433941948400 3.21311154282 0.756802616922 1.40928522067 -0.284603772399 -1.32846471750 0.353841692205 2.77732172934 -0.797346368762 0.410472767217 -1.59199020573 -0.336428248138 0.0191344697349 -0.688768838862 2.37475628493 4.46556983308 3.07018120839 -1.97304219729 0.380035142156 -2.76738265843 -0.527248690147 2.37242689874 -1.84300627430 0.0344300984532 -2.90521721483 -0.213183571345 -0.0610461304840 -0.170958365090 1.36416709574 2.10614639855 1.55827219706 -0.172135052563 1.30774270191 -0.889088496003 -0.142205859685 0.0910657896696 -0.152483850941 0.436074426214 -4.39437178254 -0.582791060322 -0.254631949821 0.596320224199 -0.152625732390 0.590003615374 -1.55160588461 2.61911639589 0.113224136298 -1.35267201213 -0.0508143146588 -0.149001633162 -0.166956352989 0.130439048960 -1.98735729051 -0.616636812900 0.195807137631 2.57519280812 1.62736505071 2.84036031261 1.52238768452 -1.22018431183 3.16430183843 0.175043573272 -0.429133142987 -0.399051097998 0.197793845192 -0.00670000779800 -2.43426608265 -0.0867075529465 -0.0374982975059 -0.220284890593 1.32348202583 2.17580404407 1.67144533585 -0.130812048214 2.22815282323 -0.584683314570 -0.363330380908 -0.338806744926 -0.368340560862 -0.318962721980 -3.48340739733 -0.0277370197263 1.06323395806 0.338931098102 0.459148136664 0.909674362883 -1.70845722906 2.01063137870 1.58324730424 -0.691666599825 0.125551735065 0.0820665633986 -0.0505072702576 0.0780889811014 -1.29791597121 -0.475854736876 1.21858474863 2.07213773739 2.25068680679 3.32423220068 1.46514379052 -2.07080343804 1.32165236702 -0.395712405297 -0.472328785853 0.807582274195 -0.460386282946 0.00549607433291
# lnqE:
 -5.47074068728 -4.69466700405 -4.99752653877 -5.96253848912 -6.87967802234 -4.11607139351 -3.33488948092 -1.97674866696 -4.17854287057 -4.42130625636 -1.85039054221 -5.27761396874 -4.31733369970
# lnqI:
 -2.29999999972 -0.557498407524 -0.116068186214 -0.133645886372 -0.363233984414
# lnqCPUE:
 0.101608165659 -0.0462816465041 -2.03772998044 -2.49587381975 -2.00663329715 -0.122221289431 -0.625501863217 -0.281050102022 -0.284792698101 -0.290933408809 0.129750802281 0.0362773527859 2.32278987735 2.12915676397 -0.179215849884 -0.152809448534 -0.664556185010 0.380486710992
# Fmod:
 0.281275103008 0.340542952037 1.41518751624 -1.24699074178e-008 0.520953263568 1.07386655772 0.0967353907250 0.337574986753 -0.656343789581 0.744181643289 1.37071387888 0.926299609728 0.959866261010 -1.68128204529 -0.541381451646 -1.65114758096 -1.36020682751 0.386686540239 -2.13264510282 2.65116256478 -1.00746384273 0.447158758037 -0.161757388294 -1.88413366168 -0.440214626659 -0.259341880279 0.401401063184 0.246127630540 -1.02192111520 1.97912486710 -1.30195991873 -0.176821660416 -1.40612765233 -1.95258073070 -0.0657401821845 0.694499286854 0.175798819176 0.936954223257 0.0159292197892 1.69902933356
