# Number of parameters = 1827 Objective function value = 28214.8474292094  Maximum gradient component = 0.000268354594611182
# lnR0:
 12.6403736621858 14.2897088751166 11.9984098742900 11.4076536295029
# selpar:
 1.23883054559609 -1.23781944702993 -4.06984831139365
 2.23007013170287 -1.19987423666202 -4.05034375217510
 0.906356245328336 0.0492362949305702 -1.95108602654005
 0.221443696802751 -1.30542261854907 -1.67739108967663
 3.30350102556606 -1.09915108907133 -4.99999848469804
 4.99999915167674 -1.33643196919644 0.0170028134729536
 2.07709711086350 -1.59676363988756 -3.87186247467851
 2.31804746427085 -1.30970169903588 -2.98786168194982
 1.85561302961294 -1.21852488825852 0.311260244761430
 2.17909088798923 0.680758589670830 -2.08892679922435
 0.597278512789022 -1.95496842597881 0.550905711335533
 1.08390966316072 -1.37415271773143 0.982584163675667
 2.04324765283360 -1.77002448760738 -3.66963228206558
 0.219738261748413 -0.303966186355311
 1.93945835379939 -1.61799928979158 -2.30700861253708
 -1.00166181334102 -2.99585678270588 0.540982621260889
 2.30815271901129 -1.18100372403766 -4.21970769164979
 0.628321892775898 -1.76926340020132 -1.34126766904038
# movest_p1_a1:
 0.853398201147284 -1.71249989318043 0.594899698161562 -0.0763128383491907 0.724176215253134
 0.982017749246610 -0.807356190924144 0.890516356856976 -0.864233958716385 1.32680953519172
 -0.182037874750779 3.26609957842348 0.865853762127438 -3.62061483687923 -0.877588641413123
 -1.73063776101334 -2.89155524853222 -2.09152049520672 -0.245455274258617 -0.0683911015186629
# movest_p2_a1:
 0.955607637280327 -0.0273969523889139 -0.161651160126427 -0.0612786989927603 -0.0946566220312386
 -0.921535823266169 -0.544834376970481 -3.44760308147855 -0.966548304918978 3.37155415511469
 -1.09365404898694 2.40816251201092 0.890567123383265 -1.61206541468752 0.284828004978312
 0.160689105164053 1.88354728642207 0.964904719157088 -2.50247803014528 3.74470080956005
# movest_p1_a2:
 -3.83923114554261 -2.12445145381180 -1.32455603684360 -3.22442565741617 -2.58827630701767
 -6.81283545912112 -6.37275707375423 -2.83006507136239 -1.25730583499927 -2.49085884305812
 -1.61046737775681 -5.19133869846036 1.39996842056069 -1.46765444466740 3.64527336992259
 -3.41570610334536 -5.34720636218453 1.05799906567634 -2.26268373071739 -0.254730022095246
# movest_p2_a2:
 2.84706740465919 -3.76695007419518 -3.97071862884786 -4.76170725858905 -4.60056535630069
 -0.794236856232104 -5.26127288561659 -3.01669142286080 -6.82677585024872 -6.26102525606741
 2.30414373003298 -2.35276387235099 -1.30567860147109 -2.54791538629338 -0.104236672376243
 5.94845104814530 0.750536150231703 0.138411247451856 2.40202794338402 -2.07873401716461
# movest_p1_a3:
 2.95959709332350 1.34818493344340 2.29730582035922 1.42752374799165 2.29617630790595
 4.97976551776089 -0.00762611182205841 2.25529438031802 -2.14487251613754 -2.26171787660458
 2.78486378762677 3.87238901214792 0.642811523092353 2.13458089388625 -4.62045428751542
 5.57797299452391 1.43325285493777 1.15472551360796 4.49382479773308 -3.85168032492356
# movest_p2_a3:
 -4.16404904746383 -3.32559245763074 -2.38460110585634 -3.84779729053359 -3.76655320737185
 -0.714709190356553 -2.17930167258753 -1.46470212902093 -1.88063990149065 -2.49587407785192
 0.227082653954083 3.54220718737316 -2.25327051892191 1.09208969161875 -3.50359098740301
 -1.90245593034656 0.632491102571919 -2.59453997800226 -2.35401572288625 -4.10489562067044
# lnqE:
 -4.16408948848616 -2.60773213296820 -2.70749890077236 -3.75007653544047 -1.13409868119806 -1.03544793165281 -1.62615469850116 -0.223782682105352 -4.06531870590036 -2.41154631263864 -3.59804003808965 -2.97875628466635 -2.09909970938079 -1.09234286064068 -1.51937185597162 -3.41640208776760 -3.71183244788029 -2.48037148785683
# Fmod:
 0.842696849589973 0.685130706892435 -3.17187914029254e-009 -1.69311127436147 1.88406867696024 -0.491209895115637 0.322267754157664 0.786598235111281 1.13451404770126 4.39801756917697e-009 -0.767549203537403 0.0133011009911531 0.248857946395038 0.258472269224391 0.714955028458616 -0.431236806265190 -2.27065748538833 -0.961153532227712 -1.65416937291928 -0.594153141792166 0.269223916216065 0.810493418801151 0.0934275080025660 1.79503778681510 -1.57350919880928 0.000867113511222658 0.231481264890092 0.345356285472100
# visc:
 0.596851255839805 0.477678391551297 0.894916972950314 1.55290230342816
 0.409026927696456 -0.487091589654518 -0.330221893168310 -2.99999939783914
# lnRD1:
 -0.762759046503824 -0.455373079149866 -0.205776704060282 -0.0995229798256463 0.124877298289469 0.166599632698297 0.116554664896552 0.246728496641209 0.0459015333045735 1.13146929960238 0.359120565885292 -0.667819681778153
# lnRD2:
 0.314974726350092 -0.0549993929839474 -0.376204129480136 -0.0891587079330358 -0.370846318523317 -0.469415544293966 -0.455622507767228 -0.297430053747385 -0.201191998728184 0.0661661736378447 0.462412670789499 0.0871459755821800 1.18898149694665 0.00479786339766287 0.226054128194379 -0.0356643814411046
# lnRD3:
 0.361062067206696 -0.435746727866422 0.491195950994337 -0.177173826809538 -0.239337463525073
# lnRD4:
 -0.0498283478730347 -0.0184029534904864 -0.197729025479771 -0.246679533887016 -0.403085018878916 -0.273595703089911 -0.344699966194304 -0.681620284613531 -0.614103671790031 -0.127967915858244 -0.320700252579701 -0.165769506161595 0.244381119964704 -0.103516513954296 0.362224458638366 -0.193454157821059 0.260803462969485 0.328842337777304 0.388920888721424 1.18794383125782 0.847722938891781 0.0754209725089145 0.0448928409420914
# FDY_1_1:
 -0.0153217578214309 -0.0153217429810540 -0.0153217901214043 -0.0153217577414203 -0.0153217442643475 -0.0153217678531344 -0.0153217736212422 -0.199751940047964 -0.259677949030180 -0.304698844003511 -0.365135115190742 -0.374082990141199 -0.350266837929655 -0.353728444816467 -0.346088365260134 -0.318387645323935 -0.368071538819404 -0.427408173805117 -0.455927117384903 -0.481329778634536 -0.500692732816131 -0.490416652115398 -0.486200633417227 -0.468573556371710 -0.437061513073047 -0.371537977132245 -0.339054676747163 -0.277506246110219 -0.218525717617394 -0.121384053010069 -0.0469664444684671 0.0355029140023883 0.0922437076938755 0.163952909683783 0.269076581657386 0.350408297876414 0.410916319344235 0.430952436145326 0.405260238259515 0.403991548844261 0.425695849810718 0.451367718335255 0.500143853209633 0.520255203220748 0.513436080946658 0.518175608650056 0.538260238598928 0.484460821002593 0.441640000435353 0.418300532354819 0.379491604282568 0.302376737208779 0.223911451951892 0.134719328601678 0.0551872955539855
# FDY_1_2:
 -0.0143017870325765 0.105671024450842 -0.0143017964892945 0.0508172861718271 0.0140242822788182 -0.0212389352542920 -0.0143017753328890 -0.0966266106412162 -0.148251344821022 -0.194298188773408 -0.230073343988703 -0.238498905919998 -0.214985081370728 -0.205409175035879 -0.214807677052562 -0.241286186893754 -0.248661528570208 -0.359981792742088 -0.381572373486458 -0.408367967594137 -0.410784939292601 -0.418940391987058 -0.403223673999356 -0.382076583190655 -0.363729014019538 -0.307496247881352 -0.267058731034399 -0.202388532322383 -0.151750512258673 -0.0615681104438507 -0.000764151678103951 0.0745828455732945 0.122547696644198 0.176129172638944 0.272814263564917 0.318722308487398 0.324266813004690 0.335287699218201 0.312876149076765 0.310938831034728 0.322995024459332 0.342146739028602 0.365004903974207 0.403528804214917 0.411507552114029 0.410556796928093 0.410796297434146 0.365179302577791 0.325416265391547 0.280351829273788 0.211764130633391 0.129172157592402 0.0311135925474747 -0.0606122984935861 -0.150854110713570
# FDY_1_3:
 -0.0129991853583747 -0.0129991856846017 -0.0129991845299183 -0.0129991756884547 -0.0129991905360383 -0.0129991861551258 -0.0129991901782579 -0.0129991812986932 -0.101609987524344 -0.139804758554185 -0.151340408149529 -0.171637509231885 -0.155691474765916 -0.155542753655551 -0.168368305483816 -0.189604638068243 -0.199098278690406 -0.302021829288118 -0.324849489252142 -0.352297680969710 -0.354057274253784 -0.358694537267485 -0.343015212228497 -0.327163339073393 -0.309849084212052 -0.253676480853570 -0.0129991938421590 -0.0129991726249542 -0.0954879477437372 -0.00871742624886813 0.0495656489896605 -0.0129991790492091 0.159421214969057 -0.0129991820846467 -0.0129991864798749 0.330978225749932 0.323771874741304 0.333518687218608 0.311561355291544 0.310933571550482 0.318765886343131 0.322455224958476 0.352597295410508 0.414233173306253 0.421511433326009 -0.0129991933185761 0.405163085662648 -0.0129991718193586 0.323223421510566 0.265899817615375 0.186285279496720 0.0845215793148072 -0.00365740603211424 -0.0835559284933068 -0.169677266766184
# FDY_1_4:
 -0.0147362378976477 -0.0147362403164231 -0.0147362411900167 -0.0147362401967241 -0.0147362424512762 -0.0147362495404615 -0.0147362446429959 -0.0147362458114284 -0.245626172525373 -0.302792556855483 -0.0147362671789228 -0.316459076375933 -0.305946109921633 -0.319097007195446 -0.311981813576576 -0.322850274232942 -0.316943393919104 -0.427945588438228 -0.436454380357558 -0.464078022009540 -0.465361243963694 -0.476788538103422 -0.456312086589219 -0.428095999264260 -0.401379864414146 -0.342218303176425 -0.300586526999296 -0.230166859684301 -0.171389574824541 -0.0617099280609052 -0.0147362479682258 0.0791777888109200 0.134591098932869 0.214133812211669 0.359160154642574 0.382757921491501 0.396384846213199 0.420969150681547 0.381962752542009 0.373482513274158 0.373140841380885 0.409112890503586 0.397477943558328 0.406359880349698 0.436551348587221 0.439557954735844 0.428299989282641 0.390513633901149 0.369239069830022 0.346680388788272 0.268573144371967 0.189600282756869 0.0987203122727489 0.0270774142456751 -0.0719793556832047
# FDY_2_1:
 0.293908769106628 0.207103147373051 0.177469027465516 0.145748405535318 0.117118359184410 0.0864560926117442 0.0668259568555616 0.0414315947786399 0.00194010983779341 -0.0271080204435945 -0.0517662706622639 -0.0471564681249958 -0.0241177507371075 -0.0137834837772121 0.00909515965471024 0.0229771287169776 0.127235658996104 -0.0110517598549240 -0.0221640001645386 -0.0280245252060549 -0.0211175663303055 -0.0503995538544685 -0.0277399269787439 -0.0140269017271039 -0.00632379868622741 -0.0199945565204995 0.0921415710631468 0.109249855858617 0.101607650235366 0.177800892701921 0.200611907052090 0.293696370569278 0.190985646239471 0.127673520889199 0.139703530016175 0.126629984535417 0.101559532608977 0.0846246631946981 0.0191138243717264 -0.0189002821662622 -0.0331574253067961 -0.0301315186235822 0.0114433607177392 0.0695969306014988 0.0936180498439026 0.0507222377500165 -0.0154392593181054 0.0172588786955599 -0.0450146446673267 -0.113816280839176 -0.249226426753511 -0.379174526769027 -0.536981214828257 -0.677586484047830 -0.841145170673341
# FDY_2_2:
 0.211198298658628 0.128929000188908 0.0675558185139252 0.0392101420883867 0.0119678437567453 -0.0312907002312105 -0.0534711821366573 -0.0618119791940618 -0.0909102864671437 -0.377270026877777 -0.0905078913050467 -0.0624337780229508 -0.0172770134330044 0.0155057518772180 0.0513875762620769 0.0770497802287752 0.128374928194492 0.0826753461090105 0.0880085633789728 0.0829065848074008 0.0989560108478648 0.0779561839105100 0.0739740350161041 0.0924608749636869 0.0899631563380835 0.0900787819185341 0.198241463804060 0.257719477386055 0.209158132839643 0.343923695690755 0.357725887997669 0.481394183574155 0.312650335555810 0.181618107425714 0.178021930491985 0.148673895918418 0.100430557797250 0.0611169710481004 -0.0161938944548975 -0.110354899081199 -0.134301973992345 -0.128733628794346 -0.118432491811714 -0.143947748519800 -0.0366446277107796 0.0136597931640067 0.00305459069650881 -0.0320140356749631 -0.0541127184894265 -0.117838992072663 -0.244841662393723 -0.381720608149445 -0.550394435432335 -0.710143775290791 -0.790899350913171
# FDY_2_3:
 0.0467585225441310 -0.0234164089117155 -0.0322859094667393 -0.0734502265731598 -0.105486820158960 -0.154038395074917 -0.134481559338805 -0.140383609326446 -0.184271847660348 -0.252769495739396 -0.129084440572033 -0.109636777451251 -0.0677390857981523 -0.0367754027700277 0.00211109383692135 0.0452451900404609 0.0935511594856376 0.0810481373616667 0.0854742544103002 0.0804873360887102 0.0847094187742703 0.0601815238779933 0.0478136553934776 0.0882261728201541 0.101710752428509 0.158423893486351 0.138831611651119 0.213087930670384 0.257523456749792 0.386181756148457 0.460162129530145 0.334492503760044 0.229343025017393 0.218773821827502 0.234618625696966 0.263019963431313 0.220130195623380 0.132562282056712 0.0853465265638070 -0.00698466791309579 -0.00901675945223276 -0.0122427703632601 -0.105244773713595 -0.0800128904595649 0.0412120723992453 0.0404781374025756 0.0239765541631252 -0.00711492920789533 -0.0386120745182128 -0.106082712939219 -0.206235210134652 -0.379913952252101 -0.538978016263450 -0.626462239388280 -0.694760727793036
# FDY_2_4:
 0.353622120337407 0.309679529031812 0.278393366530468 0.224302247924194 0.189410965530229 0.169824828731803 0.167634632090030 0.100153059373287 0.00337058811765041 -0.0296689984819394 0.0512054350383439 0.0191256642563950 0.0525735813509737 0.0671056376352319 0.0702177711972198 0.0521964200233786 0.0689023543713696 0.0245028454139286 0.0271433192482262 0.0146799306944900 -0.0151518007717804 -0.103228888256111 -0.0167979649884651 0.0293884611574957 0.0702724841330169 0.121807490222391 0.141520730946916 0.124080664471824 0.194617058046018 0.290198066850713 0.393461461933571 0.253826933651382 0.109280186411934 0.0899081872519844 0.0861337181138313 0.117460714494584 0.101887059015707 0.0488498006666113 -0.0333705182163305 -0.0565335789250816 -0.0694787351679645 -0.0474115374537374 0.00258370191986708 0.0466780544147433 0.0255785876493255 -0.0417354644477217 -0.0569232978137655 -0.125775880722889 -0.183280816351356 -0.276816834690401 -0.391261903829126 -0.569994187025606 -0.739893750772617 -0.843516528883858 -0.890736971449603
# FDY_3_1:
 0.00000000000000 0.00000000000000 0.00000000000000 0.00000000000000 0.00000000000000 0.00000000000000 0.00000000000000 0.00000000000000 0.00000000000000 0.00000000000000 0.00000000000000 0.00000000000000 0.00000000000000 0.00000000000000 0.00000000000000 0.00000000000000 0.00000000000000 0.00000000000000 0.00000000000000 0.00000000000000 0.00000000000000 0.00000000000000 0.00000000000000 0.00000000000000 0.00000000000000 0.00000000000000 0.00000000000000 0.00000000000000 0.00000000000000 0.00000000000000 0.00000000000000 0.00000000000000 0.00000000000000 0.00000000000000 0.00000000000000 0.00000000000000 0.00000000000000 0.00000000000000 0.00000000000000 0.00000000000000 0.00000000000000 0.00000000000000 0.00000000000000 0.00000000000000 0.00000000000000 0.00000000000000 0.00000000000000 0.00000000000000 0.00000000000000 0.00000000000000 0.00000000000000 0.00000000000000 0.00000000000000 0.00000000000000 0.00000000000000
# FDY_3_2:
 0.00000000000000 0.00000000000000 0.00000000000000 0.00000000000000 0.00000000000000 0.00000000000000 0.00000000000000 0.00000000000000 0.00000000000000 0.00000000000000 0.00000000000000 0.00000000000000 0.00000000000000 0.00000000000000 0.00000000000000 0.00000000000000 0.00000000000000 0.00000000000000 0.00000000000000 0.00000000000000 0.00000000000000 0.00000000000000 0.00000000000000 0.00000000000000 0.00000000000000 0.00000000000000 0.00000000000000 0.00000000000000 0.00000000000000 0.00000000000000 0.00000000000000 0.00000000000000 0.00000000000000 0.00000000000000 0.00000000000000 0.00000000000000 0.00000000000000 0.00000000000000 0.00000000000000 0.00000000000000 0.00000000000000 0.00000000000000 0.00000000000000 0.00000000000000 0.00000000000000 0.00000000000000 0.00000000000000 0.00000000000000 0.00000000000000 0.00000000000000 0.00000000000000 0.00000000000000 0.00000000000000 0.00000000000000 0.00000000000000
# FDY_3_3:
 0.175149587071647 0.100581399321688 0.0762158850082488 0.0246300716740823 -0.00709504242379350 -0.0352205503278289 -0.0449187972001011 -0.0884538803168132 -0.133771395795237 -0.200963914721351 -0.167954824934847 -0.177148395546514 -0.163591117643791 -0.124995401091672 -0.0975554321887900 -0.138376706278717 -0.120935066245119 -0.111946090985524 -0.0935583477758706 -0.0827581319309974 -0.0794715749568718 -0.0908943009454233 -0.0842954229214735 -0.0723884184912210 -0.0685813726802996 0.0312677593326662 0.0420154652827044 0.0647287597566594 0.140956920574582 0.229897931371781 0.292600635741973 0.256423174701872 0.202219307219404 0.183055204394821 0.231834336247156 0.241538245278487 0.261838730369700 0.139885831149137 0.0996158522591268 0.0409586377420869 0.00750464943145740 0.0100150666595557 0.162281180786981 0.178891927753377 0.174542685459294 0.185438640338432 0.188221790061238 0.104792510897357 0.0795826840704854 0.0148700524783769 -0.103106072685561 -0.246449098185631 -0.373595087453560 -0.453393932762734 -0.580136545944636
# FDY_3_4:
 0.0273461192662016 -0.0305780283426549 -0.0662513727523655 -0.105160453565636 -0.133270864610032 -0.141638089926364 -0.156472051583154 -0.197479628428778 -0.237028235773335 -0.277338502397067 -0.292497502264980 -0.267286592610499 -0.263806451814835 -0.270901994093155 -0.240846610161260 -0.248273941117044 -0.217051018313903 -0.288304888976923 -0.304405673959759 -0.331626068247778 -0.337614452603282 -0.357830501730925 -0.341360869583173 -0.298242189270065 -0.264750458788301 -0.213609991799205 -0.143906557992578 -0.0871731803437260 0.0122329733905759 0.0834054681230502 0.201503951710982 0.208402310139156 0.238563062994114 0.273163305269165 0.378013911491326 0.453995940674977 0.438413429538979 -0.0326370452446699 -0.0326370634193832 0.333275505980338 0.326828694183324 0.372383307600466 0.372320487330600 0.404494567898762 0.413709287586019 0.439217521470250 0.366702514336776 0.332949365717009 0.316262210401247 0.289013585988099 0.202567219652433 0.0730995990340994 -0.0430279716505651 -0.123030823636809 -0.211825264775745
# FDY_4_1:
 0.0428997589485962 -0.00503414690645212 -0.0295567623283497 -0.0613106965204780 -0.0838854896151058 -0.109102254877223 -0.0970315787680014 -0.0964991419121408 -0.0635749909456469 -0.0405717987373833 -0.0271546287786415 0.0101080706262109 0.0274094304450201 0.0785774718957248 0.133377542256724 0.181923433550661 0.230469035379814 0.264009953578803 0.295891488360542 0.311283495365693 0.285487409968945 0.286137377070067 0.269589166236847 0.270342533702503 0.270925909113083 0.294693681938907 0.332218393825344 0.313978080683250 0.263684943131431 0.284169363739375 0.250833289805242 0.303055216241445 0.228958242665053 0.170521750271374 0.129732195504461 0.0962399428517595 0.0434524869272263 -0.0107058768037010 -0.0720168734540790 -0.139014449817072 -0.190604477848089 -0.212046000418677 -0.176103940116129 -0.168328829964408 -0.129271460712953 -0.108954663762011 -0.114556564493954 -0.128759435207674 -0.170992534539173 -0.234817370349999 -0.351790369364209 -0.499824402523378 -0.652499686628869 -0.790354811299992 -0.905606427390314
# FDY_4_2:
 0.0111247074446234 -0.0378228895924951 -0.0587690272134225 -0.107810481438937 -0.129563371406840 -0.149766737638701 -0.146957275150980 -0.131770012397314 -0.113522268144029 -0.0883489715127590 -0.0571769590199250 -0.0190713697146397 0.0114262376642928 0.0700666972247043 0.126769776773664 0.184702038879497 0.236742792680793 0.282005411417638 0.302852534345697 0.312091100337599 0.293958061263347 0.281578174754945 0.267407124845016 0.280251969668715 0.287476181295113 0.327720559341608 0.383088079794628 0.323308057276228 0.273867665629151 0.345231583400374 0.364139078303261 0.496366750773880 0.321944699900972 0.178644621536542 0.131111359851075 0.0868589802827370 0.0455749776758693 -0.00128556642576343 -0.0758645383990429 -0.159001808986988 -0.213058653824541 -0.226388957842611 -0.185997887338996 -0.179982526932009 -0.140083971768470 -0.104249408350440 -0.118403766099785 -0.138028164225518 -0.169510869117004 -0.229731929356270 -0.348979240944137 -0.500751780800697 -0.662236187905681 -0.810621440825554 -0.921553159988423
# FDY_4_3:
 0.0101407226110759 -0.0300371662535645 -0.0426973634374501 -0.0920213726630725 -0.111065784087386 -0.141777743415878 -0.144664405522667 -0.127408877413715 -0.109431664137627 -0.0621836108212681 -0.0146206939916362 0.0199420559132622 0.0486457385836057 0.0975595679237167 0.144186538191043 0.210877852194710 0.259815600935413 0.326639854313237 0.345784403866095 0.350050986045375 0.321467586828794 0.296657167419285 0.281325771831481 0.316515869273865 0.296818422483433 0.337848531492524 0.309102287505920 0.280089505850311 0.277148387278841 0.355090030600671 0.397601997330574 0.388104118641811 0.230178323616655 0.143008855130836 0.126008978301474 0.0962357241233998 0.0640444173551054 -0.00789726465598026 -0.0750338826793964 -0.142221895603258 -0.193015099659063 -0.194650265407876 -0.139510708488361 -0.182325980093173 -0.155765152354187 -0.157076503167571 -0.168093268893891 -0.168472829281019 -0.198974920811659 -0.270514798312800 -0.394096293208822 -0.550856653877785 -0.695754132544516 -0.826364046495254 -0.934356918363640
# FDY_4_4:
 0.0106976440078162 -0.0272938039447601 -0.0393394826047262 -0.0950267433161198 -0.100253111027392 -0.129431042201977 -0.133292122707055 -0.117093872061970 -0.0962514123460407 -0.0466963037034118 -0.00142893316240687 0.0280907967693451 0.0586805826745633 0.108835339332164 0.158339428264301 0.210740757197426 0.261167850401897 0.329698717105488 0.349327830362565 0.351935614469846 0.322938230095056 0.300350399123132 0.279117336389953 0.320985862913550 0.291020017853228 0.336897014658516 0.306247425282339 0.283659367629195 0.275966379830416 0.346806475551232 0.378646276141371 0.366315670154245 0.220438573312057 0.139160892933998 0.121664378273959 0.104203209169236 0.0654082941725143 -0.00804651504395458 -0.0735033620318408 -0.137203742261369 -0.189090379590805 -0.192655597988178 -0.137695265202139 -0.184642844345692 -0.165851387529587 -0.164430211857671 -0.177036344754930 -0.176463957417934 -0.205369954406004 -0.282042866840725 -0.400820377500698 -0.557671860221750 -0.707443700042518 -0.836939293753542 -0.944325876204211
# FDY_5_1:
 -0.0342557953048317 -0.0342557999850337 -0.0342557910034253 -0.0342557934401730 -0.0342557838469073 -0.0342557934363849 -0.0342558108931445 -0.0342558090550424 0.154582217707914 -0.0342557800303860 -0.0342557883908085 -0.0342558005759903 -0.0342558018112662 -0.0342557991925947 -0.0342557911082925 -0.0342558036423810 0.375566606938819 -0.0342557954268709 -0.0342557907590128 -0.0342558008181210 -0.0342557942511350 0.366160671806017 0.351018296363721 0.290299939765524 0.237772599208342 0.241397099178394 0.254137120545450 0.312311709300826 0.201623481400396 0.159848321001984 0.00926901129293348 -0.0342557995062860 -0.0342557905691318 -0.0342557922166095 0.00318958074743939 0.0116367982305610 0.0363200378240549 -0.0750715927126473 -0.0342557959115277 -0.0342558063831708 -0.181399247380773 -0.0342557837961372 -0.166340221383793 -0.151018236094495 -0.137885171348729 -0.175436000018523 -0.0342558087149180 -0.0342557825861078 -0.0342557887239545 -0.0342557847381384 -0.0342557777855345 -0.0342557992149093 -0.0342557956864100 -0.0342557902403308 -0.987541803328449
# FDY_5_2:
 0.282384520632000 0.219686709625007 -0.000241850345491686 0.166768401047722 -0.000241822672232446 -0.000241832491240275 -0.000241846331919100 -0.000241828984038635 0.380866240894158 -0.000241843623822243 0.439565970231454 0.381570487937507 -0.000241838054049155 0.232570652284706 0.188404187568409 -0.000241833106924667 0.0821440442767277 0.0628729980496541 -0.000241839667271600 -0.000241828543244567 -0.000241837026109644 -0.000241826047338863 -0.000241808517556792 -0.000241830274960671 -0.000241835802794861 -0.000241844853813463 -0.000241842475610051 -0.000241826807652453 -0.702138204220639 -0.000241850105798087 -0.000241896089003775 -0.000241827274561631 -0.000241843013764460 -0.000241827040479543 -0.857700059817492 -0.000241857438848699 -0.866838590958788 -0.000241848360604764 -0.000241833590082181 -0.000241839682707253 -0.000241827564134441 -0.000241844550930411 -0.000241849638411958 -0.000241828156242137 -0.000241832269428373 -0.000241850759467206 -0.000241841147730911 -0.000241850111935400 -0.000241872321717858 -0.000241824464709724 -0.000241847393628043 -0.000241890910670457 -0.000241843477118260 -0.000241843464981302 -0.000241873097399599
# FDY_5_3:
 0.177876939096515 0.176778823133884 0.0803890005320096 0.116452708093677 0.0833083594171600 0.0583445400373546 0.0507573373429751 0.0589618721444005 0.0673738091610476 0.150701965091115 0.162586640308873 0.212164385926335 0.206073921057287 0.246653752037409 0.277854720111058 0.316331886211187 0.310827772859132 0.353741929348202 0.403500048352764 0.363441125468236 0.0300757824553088 0.377142713760683 0.0300758167491815 0.0300757502087479 0.0300758046055247 0.0300758067584053 0.254511322843588 0.231000457535512 0.402371526027220 0.468839278712368 0.576701953354698 -0.109597531664673 -0.186292579976558 -0.0266497124642322 0.00777803777183040 0.0932615545081223 0.0675621749610988 -0.0827213032629694 -0.118361689371043 -0.0906243484244180 -0.145904252881797 -0.0853514001328735 -0.0198524675014438 -0.107054893546476 -0.0856042286644152 -0.356002704783180 -0.205067251336203 -0.180633900606396 -0.290617195446067 -0.394034999146397 -0.494963227111546 -0.719798521620424 -0.904970010229100 -0.932771489985075 -0.966795807827622
# FDY_5_4:
 -1.57926305629436e-005 0.0287519960525614 0.0580393775073403 -1.57656452547334e-005 -1.57762519276067e-005 -1.57746007337584e-005 -1.57627797486787e-005 -1.57669499239949e-005 -1.57614790584565e-005 -1.57735062306036e-005 -1.57497425933235e-005 -1.57727334958386e-005 -1.57694625434407e-005 0.188004477088564 -1.57693347239080e-005 0.251249317814270 -1.57677783910676e-005 0.354929640365486 -1.57721251824389e-005 0.377113772488355 0.387101078725716 0.378106670125140 0.330842845022213 0.364653154317170 0.391178482955973 0.462319970483488 0.268349479921028 0.258088963614687 0.428490707431633 0.533363384791164 0.782209357048084 0.138688429332963 -0.00931017164391756 0.128777593624925 0.116320834183617 0.207618719683151 0.151095561597044 0.0205898412029860 -0.0504684631600721 -0.0574596680849450 -0.0964400899631978 -0.0983944440125001 -0.0133476580242752 -0.104301513258064 -0.111073976687828 -0.302085503822372 -0.322913442362795 -0.348342095384887 -0.377673462290234 -0.490814917669145 -0.590665668270072 -0.774564537065885 -0.904980344248864 -0.938159019786526 -1.01466790462161
# FDY_6_1:
 0.00893108016556157 0.00893108116798993 0.00893108765569986 0.00893109861129185 0.00893109266914285 0.00893109108146886 0.637721808013042 0.691418242868732 0.00893108103299303 0.830543688286046 0.00893109364356162 0.799008549338742 0.00893110293976987 0.00893103846318491 0.00893108176612303 0.721325285741794 0.705917877802884 0.00893108254731947 0.00893109330040145 0.677746141889511 0.00893107692991160 0.00893108774797272 0.00893107397477591 0.00893108392293465 0.312624557198921 0.219684559747863 0.115070055473245 0.145043243942442 0.0724438162193904 -0.0513869649908314 -0.230473623236344 0.00893109613171353 0.00893110008531542 0.00893109604680900 0.00893108914124222 0.00731273935735002 -0.0416349037568519 0.00893109457342225 0.00893108925043309 -0.0880991936987512 -0.118508480739926 -0.124685647224767 -0.107039067718878 -0.130849407126067 -0.141663404171119 0.00893107665153250 -0.244785669404921 -0.283261324409938 -0.349492498423667 -0.448926730412104 -0.543443622472142 -0.673130450689756 -0.758616208135203 -0.853081332808892 -0.961128105960375
# FDY_6_2:
 1.03604918873690 0.892795970333783 0.994698786021060 0.974143171051519 0.923792485007976 1.07960773116472 1.10056664976500 1.17303410399037 1.15460964084012 1.21637411105912 1.08037345977188 1.06018330632085 0.898346978158309 0.843845939257695 0.787965233938783 0.665089501715763 0.635397892667564 0.663479201344019 0.620761168995062 0.502165664315898 0.392812293711534 0.0839363934122597 -0.0689414535921635 0.136056927265651 -0.0120204235349952 -0.270363346676232 -0.468600411494552 -0.533551344941207 -0.657288452109863 -0.621235637065706 -0.689764589088064 -0.820918725074730 -0.767201031362433 -0.573222660795343 -0.431170311044733 -0.361664800495887 -0.400857921586837 -0.424439210034183 -0.402274472204294 -0.405808225895479 -0.454145006429998 -0.511990659785231 -0.452287878912123 -0.560974506950225 -0.560349106365547 -0.634945594750754 -0.673723355466626 -0.684116044850930 -0.695310194454354 -0.779278090588086 -0.913511101397134 -1.09694131883840 -1.04514635614473 -0.932973939045045 -1.01106962786996
# FDY_6_3:
 0.715414002495168 0.722246572363482 0.996926282108383 0.971431210228450 0.982831838047127 1.03855640266740 0.982434023446810 1.06320200664409 1.16143025257246 1.29002953489812 1.16631547330497 0.986479318267705 0.755076145404650 0.781579849430287 0.724462346961908 0.675408638454507 0.671575352900444 0.564914720859485 0.558108775634819 0.455220553243449 0.390186507286677 0.268780279695329 0.0722733728496810 -0.0148298399701669 -0.186707319893419 -0.362822711919922 -0.328944089974303 -0.383046849000118 -0.612880662580643 -0.663594315700562 -0.842332661337836 -0.720159176074844 -0.570872590008295 -0.429595950233864 -0.311697762840477 -0.312093943741978 -0.356625684154521 -0.340289946227546 -0.274136228874973 -0.332065299413637 -0.367199661895418 -0.358677438427908 -0.345347156097014 -0.475995272096104 -0.534930191796810 -0.606643199971381 -0.657505605973083 -0.696800111048578 -0.769827623188964 -0.810321246092503 -0.889926675458463 -0.989707707935944 -1.04518443896370 -1.16013651572027 -1.24398558315216
# FDY_6_4:
 0.992076351784565 0.984505966464310 0.798741834674557 0.951844704524224 0.974309859558420 1.04461916863069 1.09822807813922 1.23053181341681 1.35087274572334 1.26137119810924 1.16932914247184 1.03368208966782 0.894346040883878 0.801209593371105 0.730675014362416 0.671075829664275 0.634845994812997 0.631892801372369 0.522673560875273 0.477898186975255 0.277754201177828 0.235079344199030 0.0816845792711988 -0.198134202133929 -0.556850170321201 -0.492533976130501 -0.319554739246747 -0.384289267950167 -0.610150426962324 -0.700977172083351 -1.00754084990792 -0.736590878874230 -0.497379413685458 -0.402168712562529 -0.264442694964407 -0.336563293154477 -0.409240400639087 -0.349418572512076 -0.263192160721737 -0.300508432139674 -0.339271571403050 -0.378860535142048 -0.324128422820998 -0.490090926802618 -0.535862560900921 -0.570740348815852 -0.669369328838433 -0.727624952325880 -0.791180359615458 -0.785957850954559 -0.895016559416435 -0.989897805680547 -1.06455679978304 -1.17501363975337 -1.28214107388763
# FDY_7_1:
 0.0921726684214715 0.0451398708859053 0.0302033577302090 0.0166950674509899 0.00909627165158948 -0.000738666281102596 -0.0171766167772642 0.0189998987598726 0.0567958027954257 0.0971439707135262 0.161982419404821 0.191703334876392 0.259685528264115 0.274227459651599 0.268878944570551 0.297056445891952 0.330510780601331 0.375040088234336 0.457103801955593 0.433686386353991 0.466729056164284 0.461282839080515 0.371819441424718 0.378734109926580 0.335457934328993 0.284527148460418 0.266445800022747 0.189368086926653 0.210596834432555 0.207351594923258 0.247373066893317 0.189505021605194 0.0553693697849294 0.0356372651803738 0.101628266478120 0.0909834283769316 0.0415344254367296 -0.0249864386450238 -0.0382423066102142 -0.108176354988963 -0.151902568684561 -0.183586349804343 -0.127924151157897 -0.188981034656937 -0.282543873069539 -0.312967757825002 -0.342860144487650 -0.362606065357660 -0.420325407506883 -0.493836166392643 -0.608621398218333 -0.754192544096744 -0.878482370983979 -0.977715442976821 -1.07460012913843
# FDY_7_2:
 0.305873398285516 0.256358073995815 0.243790773463068 0.212709968789988 0.194669507147894 0.176545481039453 0.184295649199966 0.215525768198416 0.230632384953005 0.306595951249875 0.304770645642991 0.302839443368018 0.338498025377414 0.334443198127216 0.368553908324749 0.354898905665414 0.363846395708301 0.421129909072567 0.437692931324314 0.434362842845660 0.426163463918492 0.388641760373055 0.336723302557311 0.271042703406903 0.190354207750732 0.147546549544178 0.113331397189340 0.0954799502032852 0.0388063616640910 -0.00235606284364724 -0.0752343664398579 -0.113688827441383 -0.126590567370563 -0.0694121797389682 -0.0129918301336909 0.00392008878609325 -0.0421862560057631 -0.0995062278355492 -0.129826529467882 -0.157535005995078 -0.217215184824229 -0.237238984720271 -0.175289870592734 -0.281435454415267 -0.268059461044980 -0.293610651440483 -0.321037694799885 -0.359865008843590 -0.412629887546576 -0.486427561006587 -0.586657362853164 -0.719658688119223 -0.835716330008806 -0.940245141697938 -1.03562781198700
# FDY_7_3:
 0.0598449459624271 0.0388048212560572 0.0413670002511952 0.0132380343404601 -0.00315185097322647 -0.0391154356954151 -0.0269783695554780 -0.00624140785812656 0.0317567945513599 0.145963457499322 0.165717105568446 0.240954953766507 0.217278213029954 0.239228291038648 0.249462757499335 0.314254806041421 0.356024664623989 0.423884980938247 0.420180417559171 0.440023170550096 0.448831229148921 0.408021760303753 0.346447080127315 0.374196718650713 0.309860365764619 0.291976211568852 0.201917998793375 0.205962567834173 0.225543248046835 0.306235723631592 0.275351950509036 0.101425365835207 -0.0104913646179674 0.0564418160870654 0.110223507459708 0.129404286842436 0.0961677912767258 0.0290641720193325 0.000480354222027730 -0.0274005111308058 -0.0869167329700473 -0.0900173174573218 -0.0105740796171978 -0.262671375610882 -0.293787342003877 -0.357731011750012 -0.367549485711076 -0.408096087338261 -0.446510552438301 -0.520685060686743 -0.638157586582202 -0.776281171900389 -0.913235986705522 -0.977342247210302 -1.05260158478517
# FDY_7_4:
 0.0297879714789653 0.0169451272836019 0.0307496219434194 0.00109374155674383 -0.00995439390698591 -0.0595182052273071 -0.0380562788690028 -0.0109811403933382 0.0209063799121887 0.154330127059406 0.184455334827540 0.294796648348097 0.259091527713582 0.243589058792623 0.248748874773715 0.311110027730139 0.355173463291949 0.491557158225657 0.461773959682881 0.518196674358637 0.533200255944052 0.466938394725238 0.434930123814856 0.463481537899835 0.359393306286593 0.338926835894472 0.225506367399115 0.293711919704332 0.274577359287306 0.437241072501438 0.321284573461316 0.161779881924967 0.0398808042294101 0.123367726283618 0.139587415044837 0.136658867563973 0.0992547534533797 0.0913658583528114 0.0300684853374394 -0.0126183458905704 -0.0972147795083151 -0.145731051243953 -0.0861913151690665 -0.345263057516845 -0.392196412767014 -0.440342696397696 -0.470972974610886 -0.502548697617338 -0.543129248686494 -0.623022130325235 -0.733459310840788 -0.878385366876305 -0.991477854152318 -1.06634837025520 -1.14604960583347
