# Number of parameters = 1827 Objective function value = 29620.9882996029  Maximum gradient component = 0.00166985962017306
# lnR0:
 13.1725307104056 11.5178303524873
# selpar:
 1.14444839567757 -0.241680608872342 -3.42752945882071
 -0.949800766257255 -2.14813022796830 0.870867187451079
 -0.782575952675112 -2.22754387669169 -1.16681694527825
 -1.08721627471122 -2.25831685924975 -0.692064994795935
 -1.40128248145730 -1.87683147455051 2.41046419745101
 -0.328555440538254 -1.82639107120041 2.25996739063453
 -0.199145949838492 -2.29334416232832 -0.685934142970691
 -0.569895732518997 -1.97059825540432 -1.26992052033002
 -1.03936908810453 -2.44064905219599 2.10539369436988
 0.232065452696303 0.831505547175293 -0.0202679656695430
 0.394544192314833 -2.14629301819372 -0.758591574934942
 -0.707789616195567 -2.06425128342639 0.0774513943428268
 -0.386385894878197 -2.81746618890926 -0.915260585002272
 -1.03533471716591 -0.375181404113864
 0.846866440674390 -1.63228434999336 -1.60294801613315
 -0.391671340548816 -2.27089354882918 -0.142113442005432
 -0.490440393617227 -1.22197181863812 1.79644550063489
 1.16342451139862 -0.998221053676447 -2.29414204505591
# movest_p1_a1:
 0.579766501073122 -0.327164886058310 2.29941708693734 0.0224790302098281 0.183776209487974
 -1.39922478370315 -1.63945391184461 -1.08437749167040 -2.77246679996741 0.0148173406514402
 0.933241193596494 -0.265419652585210 2.54908692673043 -2.29194793106220 4.19696032910387
 -4.19184614459655 -1.32250570975897 -6.29336822652238 3.66768063387990 -6.17150041406552
# movest_p2_a1:
 -0.433977655026515 6.15640056505551 -0.126525418936722 -0.0750868113833700 -0.110453194566978
 2.18923039711002 0.000941322973474712 -1.05423922720784 -0.0522720594453059 0.0914193024310954
 0.170121504625412 4.12115967976350 3.70153499914767 0.446105175679540 2.72059494505403
 -0.105542484592362 4.97144706082186 0.975173077408972 -1.54590238932115 3.49411594591280
# movest_p1_a2:
 -0.892162095715532 -3.76966788795534 -0.124959852930177 -1.93794041332569 -0.823182793836702
 -3.76505557620411 -5.73750917649654 -2.81775217453722 1.52341084536975 0.371534313825389
 0.803650186954151 -2.15641606894496 4.41387559954321 -4.53029303975670 2.83361736436477
 -2.35077917409785 -4.54536961776448 4.27133442424366 -5.97519937906455 0.544387782352432
# movest_p2_a2:
 3.19299431599165 -1.32660710134092 -4.43961510649570 -4.79345913756830 -4.66817685866176
 0.582195516528042 -4.67095677692308 -2.44405485837593 -6.46826856237172 -6.46452113704125
 1.76842215118516 0.222328564301685 -1.62264134368689 -2.96219063391100 -0.454389527311104
 6.39895240579912 1.02769155264660 0.149982440743766 0.481436614876849 -1.89203168064205
# movest_p1_a3:
 0.387043781736187 -1.88939977582548 1.88976397237575 -1.48823816136136 -0.142015974334350
 -0.0546165816404507 1.37967332800328 -0.419299984047838 -7.99999999554043 -5.66390240449539
 1.12609962420532 3.70170254225592 2.03834931144863 4.01857069016219 -0.293489525070648
 4.95760997117501 -0.467771288413623 -2.57937323393139 7.84063089328621 -7.99999988544060
# movest_p2_a3:
 -4.48237164434399 -4.51313967154130 -3.46359792842314 -3.96417512720729 -3.89922924398897
 -2.25745145912964 -2.35160382750340 -2.76504597352615 -2.19108506832813 -2.27588125666175
 1.93399547716191 3.54501019677126 -1.19380700735209 7.15794314549009 -1.40560138553020
 -2.30536377422235 0.273753724399970 -4.23211011317049 -1.10714908196636 -3.59671903907926
# lnqE:
 -4.26086181505893 -2.76330696068538 -1.46085167540619 -3.04841490720607 -1.28077288602729 -1.19291963763063 -2.05038425957936 -0.108585579725396 -3.85123845187002 -2.32542067403722 -3.41194311589510 -2.87833696853692 -2.37722012039537 -0.992520596376368 -1.32913323147481 -3.24975148167421 -3.86761526452331 -2.36149525153703
# Fmod:
 1.53005958675092 0.716643982609920 -9.24768905896656e-009 -2.58376072263031 3.26487962487811 -0.833442816453641 0.271828706860626 1.44975049903492 1.09974217133196 -7.71178165770436e-009 -1.63862453670825 -0.514380699984626 -1.58021397302514 0.159119949839400 1.32200628085521 0.364093889781527 -2.40889385709087 -1.95324099851952 0.257766631214061 -1.25068100781393 0.251512834814640 1.51927352868002 0.469448590177359 1.65099704015705 -2.55432962453210 1.14203895565248 -0.320555765001453 0.168961746081105
# visc:
 1.38072384004677 1.45890750174234 1.77498726072725 2.09607879667707
 0.432590859621418 -0.559224769978576 0.822753241294776 -2.99999940749432
# lnRD1:
 -0.963687291978763 -0.842716946133524 -0.517665735442093 -0.676131483352502 -0.350240553813013 -0.420312008679904 -0.280475595380835 -0.172061225063104 -0.124628747036497 0.222727415178238 0.456666023574656 0.523408894824465 0.662117781596827 0.555805329082172 0.634350249038495 0.844551462651309 0.768078742518660 0.823019945391949 0.388780160748918 0.732668797134069 0.167830672002429 0.270052072230754 -0.00614185486802641 -0.0275161342787197 -0.356864671067919 -0.651208419487385 -0.808045254981378 -0.852361624409281
# lnRD2:
 0.255880831195755 -0.222202003663795 0.543570990163297 -0.329443201270008 -0.341202344482527 -0.687452096503626 -0.566352619913552 -0.646941077797116 -0.450124065026880 -0.502331119357492 -0.265295747973861 -0.232249361215120 -0.195155022748431 0.196418121509334 0.350202589134452 -0.195194210317267 0.227767200508013 0.564329957616506 0.711108611477981 0.833965562158878 0.444169527427094 0.848063130562205 0.352983901533133 0.357898643447222 0.401901691013346 -0.182623850610104 -0.607237913034865 -0.664456123832573
# lnRD3:
 0.00000000000000
# lnRD4:
 0.00000000000000
# FDY_1_1:
 -0.0278192719941736 -0.0278192704114183 -0.0278192736199540 -0.0278192701006971 -0.0278192752145496 -0.0278192696234877 -0.0278192516424409 -0.484667110794741 -0.557796682607255 -0.588560560034445 -0.618645305525232 -0.587067482759360 -0.510591546474555 -0.455554065468275 -0.385810540127323 -0.248176357104718 -0.221175118659935 -0.222952758835616 -0.232714566678754 -0.233405713194615 -0.233847946130568 -0.205300555334422 -0.210789574415380 -0.200987626181122 -0.167127988163044 -0.0853579073335885 -0.0610767931135416 0.0102138897217724 0.0583136065488506 0.135302059493071 0.190370684330792 0.242371724307453 0.275654312441457 0.297351460163367 0.361685376492799 0.379777570386763 0.378930078001420 0.348784874820484 0.302912105530809 0.331500623603877 0.381149076361125 0.414898716763021 0.467472676438315 0.467277243173608 0.440743907506940 0.390572668946041 0.354813679612777 0.277758245628671 0.209137423360677 0.165587162127080 0.110821087416458 0.0156647750995414 -0.0630195294474116 -0.108188801794872 -0.131515615491674
# FDY_1_2:
 -0.0263591238060495 -0.252832006965986 -0.0263591121493099 -0.286516290915325 -0.315481738742659 -0.334493931080418 -0.0263590978971380 -0.381677324737983 -0.417564820026237 -0.451690452769068 -0.471973022475405 -0.433371277878652 -0.345263455047685 -0.267977807166549 -0.226764373959000 -0.159024979881683 -0.0633507067975636 -0.148078274943024 -0.159334749104577 -0.165670599253765 -0.149416964658350 -0.153266768860302 -0.147284984258436 -0.129430419800664 -0.110277753501879 -0.0479081221613094 -0.00765050917648515 0.0667222551937374 0.0940823978391785 0.159265700923922 0.198848934676790 0.236569012246299 0.248988708605356 0.250267921323228 0.310088013152898 0.324075397419915 0.306069536180988 0.291656350245279 0.278490609804120 0.304596027159975 0.340971963008856 0.370391390845056 0.390419317584451 0.388177295649156 0.362034299435729 0.327007606381921 0.297317037573809 0.219449913917951 0.150337219056000 0.106004016273893 0.0596931766912545 -0.0158068180585185 -0.0858124100710891 -0.121718335633656 -0.152807869410995
# FDY_1_3:
 -0.0240364715132601 -0.0240364720878538 -0.0240364716761920 -0.0240364796114338 -0.0240364732689437 -0.0240364647579980 -0.0240364714154184 -0.0240364838302306 -0.317014232017875 -0.370529511375725 -0.352274136905368 -0.333334933926924 -0.249341942181763 -0.162535400525710 -0.138620943545007 -0.0897282007538508 0.0166424227734883 -0.0645749376531581 -0.0977971091650120 -0.117589713820373 -0.0931095204782570 -0.0875082687401311 -0.0878181584179449 -0.0831057763548468 -0.0547885287595119 -0.00386692014134032 -0.0240364713908167 -0.0240364871251994 0.131352335828354 0.171520053998122 0.184427828718603 -0.0240364779107027 0.175061255212321 -0.0240364505853545 -0.0240364809098405 0.224776792005462 0.237424221700728 0.290828266294945 0.288553279440943 0.262181165746617 0.262879703701429 0.220341026721064 0.213150683297579 0.224760249153213 0.219635642542140 -0.0240364729659745 0.203593711175419 -0.0240364793987897 0.0742765437376667 0.0284799844706197 0.0138136722827227 -0.0110809065667058 -0.0799392630834398 -0.122676353183064 -0.165916972757420
# FDY_1_4:
 -0.0276231583186817 -0.0276231582990511 -0.0276231707849559 -0.0276231680658723 -0.0276231680012493 -0.0276231583103257 -0.0276231507662963 -0.0276231530084156 -0.538577055092962 -0.578960389091617 -0.0276231576399526 -0.511199733198680 -0.445923469442470 -0.404752569049690 -0.325873859090503 -0.248131381302905 -0.129960998494404 -0.219099159933222 -0.206922844463331 -0.218622329445419 -0.213045440205380 -0.198790738580415 -0.190269940080247 -0.178822945246128 -0.152114001064052 -0.0805747298977513 -0.0358187315808471 0.0412760569844972 0.0786079149892125 0.176096840075246 -0.0276231645715625 0.233591109492819 0.245255939686755 0.296383748197658 0.438449098802941 0.332368854830650 0.310980912303581 0.326680387469805 0.309626264984314 0.332547522910486 0.331498882780978 0.386907725285416 0.344648953102329 0.321613233136397 0.306018682984145 0.261821403974634 0.224219489754371 0.174273985214813 0.122880601752719 0.0909903303630240 0.000418039740687235 -0.0829618918540074 -0.132886798296680 -0.132893557586864 -0.184721808053544
# FDY_2_1:
 0.242310347544096 0.164945302474089 0.151409215693603 0.113241541768716 0.0714871595085952 0.0283220408960877 0.00947811187952495 0.00427656033224642 -0.0326656464533980 -0.0651301746001715 0.00346244862124943 0.0670894541602528 0.136545315681678 0.141360194545664 0.158150187126611 0.210155169256502 0.368751612727156 0.159126062449533 0.0773016656625663 0.0588148855801426 0.0570372228540271 -0.0105293825244485 -0.0209379290472825 -0.0365224525305780 -0.0480422592580839 -0.0106126942904038 -0.00297009995066046 -0.0620564688111197 -0.108978436421126 -0.151330265808847 -0.191329884707551 -0.189819387259416 -0.188358566708542 -0.210748649753756 -0.163382901762582 -0.0973608803070353 -0.0703382157240852 -0.0855189895927414 -0.0671694234654118 -0.203807026853716 -0.263892518824214 -0.274772381802791 -0.246979436123508 -0.230889324972669 -0.169334618693777 -0.0390812243375515 0.0213804428164074 0.0670092499300853 0.0259154381024810 0.162944172919396 0.170697225525218 0.148586405333901 0.121732538207116 0.156070628720770 0.144958640267752
# FDY_2_2:
 0.208654581904834 0.0715209179815637 0.100007938663143 0.0257270786296711 -0.0425297791209922 -0.101521127957816 -0.121161621821365 -0.121913234852198 -0.155889834886933 -0.504656363856232 -0.0725210608346098 0.00119043619958384 0.103898730768285 0.122272837014191 0.151124644871778 0.199808827431164 0.297286991199927 0.163060734376921 0.103704494509458 0.0876684078165862 0.108045038876714 0.0248008937564559 0.00293669993190939 -0.00733642962277467 -0.0416198841602964 -0.0749046749718514 0.0157050673375285 0.0337020753887747 -0.0351798205250984 -0.0497103570074508 -0.136813111939319 -0.134549474843674 -0.115042073729819 -0.122646433643229 -0.0571307401416567 0.0230327701009965 0.0118123409300339 -0.0191609662384748 -0.0328419528786257 -0.169983769383419 -0.245760745308742 -0.274968174177460 -0.289425832723025 -0.353523960648430 -0.211829646899563 -0.0163428395305716 0.0819191117574385 0.0555085738856955 0.0854497597881063 0.217918709120779 0.249417856701946 0.236484744158096 0.211638793454809 0.245853886205289 0.268810968941948
# FDY_2_3:
 -0.119535573159290 -0.174621057518625 -0.157355462164027 -0.243253569311798 -0.288077705663282 -0.306700876041522 -0.272083470184562 -0.280776062403044 -0.329105471052330 -0.432760803070826 -0.228414500170759 -0.168196444238098 -0.0737659424123059 -0.0341892655521297 0.0298808760851509 0.108735378423060 0.221745979454318 0.131840237278120 0.101794345721110 0.0889948508969981 0.101725436789142 0.0243339753725186 0.0127879328419715 0.0324757531775081 0.0148549981855787 0.0584013518309407 0.0751703347581060 0.118016300701948 0.0693431797347447 0.0695317843463505 0.00120370073464697 0.00738020171425939 0.0251929306052116 0.0283957532347964 0.0875191739648219 0.171141269785821 0.166864537707280 0.154142346205398 0.130040433182758 -0.0509455558866133 -0.108454196370650 -0.157064867489810 -0.304160073549527 -0.257098528362681 -0.100478100894315 0.0562810722798805 0.144543293994689 0.115151464985105 0.125907552046686 0.253588983929513 0.289914793187433 0.262225337707033 0.239601714278530 0.270493319614820 0.297816930739950
# FDY_2_4:
 0.205153944070669 0.176329237486618 0.162234673382929 0.0780445427172654 0.0403704398786851 0.0306155602500839 0.0451477203278501 -0.0268400342818305 -0.105225406117825 -0.0800569370119175 0.0621596552481913 0.105705437229687 0.137834043437367 0.149390283672133 0.209035643121251 0.260249986164405 0.236256938890411 0.108067852233081 0.102555449181948 0.0837703964912413 0.0278711270455683 0.00779989446576513 -0.0172129665551537 -0.000157450813567324 -0.0186623049915819 0.00965884941267370 -0.0165852263264437 -0.0548238617464320 -0.135170859024058 -0.138856015917404 -0.171066485768765 -0.142009313131235 -0.189562504551730 -0.165951478758990 -0.0627352147571123 -0.00712957210174880 -0.0166451541897670 0.00663485811392861 -0.137629281011119 -0.225977332780470 -0.258846903812293 -0.266684708892891 -0.256970823982140 -0.200329415443445 -0.0543854486660809 -0.00714538911601514 -0.0398005078914403 -0.0630090212738128 0.0699663382664453 0.116402289248410 0.0906789308825691 0.0569462442000914 0.0743950926003232 0.0712190652707447 0.134975125624934
# FDY_3_1:
 0.00000000000000 0.00000000000000 0.00000000000000 0.00000000000000 0.00000000000000 0.00000000000000 0.00000000000000 0.00000000000000 0.00000000000000 0.00000000000000 0.00000000000000 0.00000000000000 0.00000000000000 0.00000000000000 0.00000000000000 0.00000000000000 0.00000000000000 0.00000000000000 0.00000000000000 0.00000000000000 0.00000000000000 0.00000000000000 0.00000000000000 0.00000000000000 0.00000000000000 0.00000000000000 0.00000000000000 0.00000000000000 0.00000000000000 0.00000000000000 0.00000000000000 0.00000000000000 0.00000000000000 0.00000000000000 0.00000000000000 0.00000000000000 0.00000000000000 0.00000000000000 0.00000000000000 0.00000000000000 0.00000000000000 0.00000000000000 0.00000000000000 0.00000000000000 0.00000000000000 0.00000000000000 0.00000000000000 0.00000000000000 0.00000000000000 0.00000000000000 0.00000000000000 0.00000000000000 0.00000000000000 0.00000000000000 0.00000000000000
# FDY_3_2:
 0.00000000000000 0.00000000000000 0.00000000000000 0.00000000000000 0.00000000000000 0.00000000000000 0.00000000000000 0.00000000000000 0.00000000000000 0.00000000000000 0.00000000000000 0.00000000000000 0.00000000000000 0.00000000000000 0.00000000000000 0.00000000000000 0.00000000000000 0.00000000000000 0.00000000000000 0.00000000000000 0.00000000000000 0.00000000000000 0.00000000000000 0.00000000000000 0.00000000000000 0.00000000000000 0.00000000000000 0.00000000000000 0.00000000000000 0.00000000000000 0.00000000000000 0.00000000000000 0.00000000000000 0.00000000000000 0.00000000000000 0.00000000000000 0.00000000000000 0.00000000000000 0.00000000000000 0.00000000000000 0.00000000000000 0.00000000000000 0.00000000000000 0.00000000000000 0.00000000000000 0.00000000000000 0.00000000000000 0.00000000000000 0.00000000000000 0.00000000000000 0.00000000000000 0.00000000000000 0.00000000000000 0.00000000000000 0.00000000000000
# FDY_3_3:
 -0.265968450022570 -0.344830251632574 -0.364730687907315 -0.408676366337842 -0.437040599790084 -0.457690358709905 -0.453904507591262 -0.480838906565615 -0.519382690771340 -0.577007917654591 -0.523591088715905 -0.511703757462171 -0.456869700552380 -0.368628178949447 -0.301151933220810 -0.281780664107057 -0.191332882776975 -0.150271228627802 -0.116498880700850 -0.0885355491471126 -0.0736429555857999 -0.0719416884938357 -0.0645896299998260 -0.0553369949968877 -0.0555825316634234 0.0448887170191246 0.106080194901825 0.157905126148911 0.207095087059847 0.252124518606211 0.244745944306456 0.312683683786096 0.348895723398157 0.342945717085461 0.413909350043139 0.405868845278662 0.415658111865930 0.306898804340333 0.312352605203133 0.266282605028721 0.209179145492008 0.199088239224526 0.332553505060895 0.326805459875989 0.303135654896307 0.319927130877139 0.287897604410913 0.273102201464821 0.266614743471315 0.264183871936671 0.206287785859664 0.165264904829390 0.126738646512322 0.126911008180952 0.0755034658184644
# FDY_3_4:
 0.0118132234190998 -0.0565267169755112 -0.0977104939260642 -0.135903578100300 -0.164821008110116 -0.179803923963579 -0.204672635855031 -0.249068094510143 -0.287881947375362 -0.304128866123177 -0.309952662472703 -0.272793967830910 -0.248629282224657 -0.243057382056072 -0.204743280022510 -0.181314999179363 -0.134769425677713 -0.187459493558638 -0.183286328220383 -0.188203281063796 -0.182500153461833 -0.187879106756548 -0.172016028582965 -0.133340585669326 -0.103365040476083 -0.0730626113975998 -0.00663517217668415 0.0147523151112110 0.0595062982544561 0.0699813267234651 0.138259734155416 0.142886378117335 0.149276428472802 0.166900801111459 0.248169300015160 0.307864102645430 0.290704583387244 -0.0300181286648029 -0.0300181252750229 0.261409056753235 0.254511152349238 0.309132012156518 0.316166672572594 0.318485429297577 0.292679245375040 0.295509666258320 0.234243851316190 0.191684232751606 0.170454227214193 0.174411520701014 0.130101331587078 0.0670859951144274 0.0385884707284468 0.0463966750889582 0.0525882890293805
# FDY_4_1:
 -0.214960082258630 -0.278652899637358 -0.322559806939177 -0.391100766791394 -0.431935061971834 -0.462173020079140 -0.474136826339019 -0.464391052370705 -0.460259151975448 -0.426861599768697 -0.443007391921844 -0.438178275934180 -0.446820186113556 -0.417691414888412 -0.373108512837982 -0.316014033047764 -0.260208643120822 -0.210471784377914 -0.184939952516929 -0.163327932047580 -0.181164553879444 -0.161900668690648 -0.154623612142993 -0.129293450533740 -0.114949455664891 -0.0561412625909451 0.0163262220807324 0.0653772828813241 0.0907171758547728 0.142709386173682 0.137569980500699 0.199043807817212 0.211834610219746 0.262191096709799 0.302830937009616 0.341886261462451 0.339736948600404 0.319606793266770 0.288089918160213 0.251534446886074 0.216087716508844 0.189615200175986 0.223421116284253 0.228452787432587 0.283726414125547 0.329768687185574 0.374213960781706 0.412537546445655 0.424320034427012 0.449490387937552 0.427507767532129 0.389347452069674 0.358052362219802 0.349351984790698 0.353523112900533
# FDY_4_2:
 -0.240843689924978 -0.286415321970342 -0.330238707612882 -0.407365932794757 -0.440328889081443 -0.477401259738752 -0.483479515893569 -0.472497259333373 -0.464794372520797 -0.437164334442149 -0.433104024212978 -0.426772474725593 -0.428838427128685 -0.396674608775373 -0.348412407830952 -0.287188684161448 -0.228806094534746 -0.167533963279754 -0.148078492235476 -0.128802804740902 -0.137941013414900 -0.127645418223114 -0.118134084788415 -0.0973018829789901 -0.0857341638590076 -0.0289765122436147 0.0525853208634476 0.103879447351320 0.119607902901100 0.174689290857456 0.166330058224870 0.225153236954491 0.238601340564433 0.280172927474926 0.324115034857782 0.357580529703268 0.361363652268135 0.347462714420639 0.320756201279360 0.278210049696132 0.230646085437293 0.210461046223179 0.231095910896915 0.224489427963460 0.195405470826108 0.232186842412877 0.319754209556849 0.307013717660778 0.344644695649541 0.321719682414011 0.363251285526854 0.335815360893627 0.324072872184087 0.313730338705393 0.325679686678657
# FDY_4_3:
 -0.271372355139916 -0.322647493654384 -0.360233997042350 -0.424668039848911 -0.459392050621618 -0.494986266290512 -0.501192288176171 -0.492695783665063 -0.482568639729430 -0.441728580684362 -0.430624485834008 -0.420035323480236 -0.421687649728886 -0.391845904028256 -0.347595956715469 -0.293078075166905 -0.229607588777584 -0.163529243115860 -0.140752660975644 -0.123264389507634 -0.153211576014672 -0.128099137797246 -0.130088562677718 -0.102202951761620 -0.105126599939623 -0.0321284119694891 0.0201069964249790 0.0684929049706529 0.0922629474829549 0.155411465173422 0.162740669550976 0.230878473831147 0.242151047387718 0.282214400692417 0.351687676038069 0.384731152589024 0.390671407868255 0.349624037086312 0.334319252002812 0.289509222281987 0.239891738517656 0.235006684152045 0.287347490069491 0.214394778626911 0.234013027823009 0.265800861205521 0.304520250975033 0.309467128551718 0.328625339341690 0.378043002124468 0.348099978742623 0.324875342890774 0.334748626270943 0.339274437410227 0.365453672260734
# FDY_4_4:
 -0.247623114281697 -0.303365207385337 -0.340232601022223 -0.413486561226301 -0.448041941699994 -0.483658075048111 -0.493240018804154 -0.485679719767375 -0.461157828688548 -0.433176025227330 -0.422653242008090 -0.412594945220539 -0.414896941434124 -0.391776035682393 -0.340605619318334 -0.286544736976890 -0.219656299686800 -0.154910110917522 -0.139521294214238 -0.118005977555990 -0.120052823963307 -0.123016327690563 -0.125359510948328 -0.0858703308564102 -0.0910084739349899 -0.0276270013484381 0.0237722749504452 0.0657987570554845 0.0853889260010532 0.146014755966285 0.150349755198156 0.216740366467947 0.230036124473825 0.269551834134298 0.339870559696353 0.380979747871069 0.379509048015879 0.338137014682163 0.313970147707517 0.271342598924966 0.218502097801125 0.214576254701908 0.266409099313884 0.195095834347583 0.231440069808776 0.269959106741136 0.286048907216928 0.287260717062398 0.337045148957018 0.343093726404095 0.329537936011155 0.332949159134856 0.358508476100088 0.344637707431624 0.357234612730010
# FDY_5_1:
 -0.0593614281726287 -0.0593614469299710 -0.0593614641865245 -0.0593614364476227 -0.0593614273641083 -0.0593614519649497 -0.0593614505099331 -0.0593614476111541 0.105720806194047 -0.0593614461006646 -0.0593614452347297 -0.0593614561003191 -0.0593614595103611 -0.0593614447730404 -0.0593614472863118 -0.0593614408774898 0.504833273836084 -0.0593614428967422 -0.0593614412655368 -0.0593614325000151 -0.0593614459970080 0.106243556761659 0.0481961083435423 -0.0381278168503154 -0.0526350196972991 -0.0520863186107732 0.0542724770465022 0.207022205921360 0.0652650260232177 -0.0269134393526025 -0.192753422534175 -0.0593614491491425 -0.0593614619956984 -0.0593614369748960 0.0737856818986871 0.183989495015423 0.595772490174943 -0.0252081609754107 -0.0593614320275957 -0.0593614411494199 -0.283783799111308 -0.0593614437109682 -0.296677672078541 -0.256847732783575 -0.0558214407794455 0.306146700138044 -0.0593614592409943 -0.0593614504742177 -0.0593614521343866 -0.0593614460519836 -0.0593614553992781 -0.0593614320457785 -0.0593614562909452 -0.0593614601604917 0.988534733954843
# FDY_5_2:
 -0.0699925964513222 -0.138857749915963 0.00935236958458399 -0.228380020464477 0.00935238111156603 0.00935238370410732 0.00935238049304391 0.00935237437377437 0.276497373777467 0.00935236687475341 0.512171563699822 0.432770628435459 0.00935237220755872 0.272781430623730 0.222895146160779 0.00935238451126433 0.0708336090392984 0.0389038451420064 0.00935237206724873 0.00935238888285897 0.00935236861280933 0.00935237086147192 0.00935237972973627 0.00935236181803570 0.00935236563947131 0.00935238226471116 0.00935236324059377 0.00935236917443919 -0.797466358029819 0.00935237890408561 0.00935237996934016 0.00935238519984419 0.00935236981654689 0.00935237843206408 -0.415213058912366 0.00935236994222857 -0.569743593118306 0.00935237095746625 0.00935239424011406 0.00935237648757240 0.00935238815928755 0.00935238370554084 0.00935237209222609 0.00935237080802046 0.00935237047939000 0.00935236485037275 0.00935238561319976 0.00935237861672525 0.00935236950406796 0.00935237962995919 0.00935237774424716 0.00935238452971002 0.00935237723498608 0.00935237137655323 0.00935236656811514
# FDY_5_3:
 0.208309066453214 -0.0618915662615840 -0.876743027788016 -0.306790202033845 -0.201267821630181 -0.272488668926180 -0.234507116406329 -0.224486297181187 -0.181402490273002 0.176551040047936 0.335214090784340 0.360343136467568 0.277642223525283 0.160527404967163 0.211662437024302 0.341051724131876 0.148810594916550 0.107265289808915 0.193360225185291 0.145473435332714 -0.00468667054253788 -0.115009156379072 -0.00468664836848862 -0.00468666617348787 -0.00468667659214847 -0.00468668095980848 -0.243487772296659 -0.205076413837463 -0.322270349587426 -0.248211308080675 -0.258316554836177 -0.121435739088649 -0.194389235250366 0.0673635142192590 0.0139933654634290 0.179240438181876 0.0970767337078447 0.0681959354329105 -0.175910033258444 -0.263031556651710 -0.321834971627899 -0.327689170042339 -0.314475102241406 -0.232390631807202 0.0967978678403987 0.0213323956954361 -0.0653267836069955 0.0151088441415053 0.356612700351073 0.421321958481514 0.328290957437326 0.275176160015963 0.365414597025409 0.407561816401309 0.412167358688869
# FDY_5_4:
 -0.0207643599411979 -0.0119720656020026 -0.0469919982897830 -0.0207643365656360 -0.0207643375419412 -0.0207643476092935 -0.0207643563101203 -0.0207643416499840 -0.0207643455458179 -0.0207643555024161 -0.0207643461758722 -0.0207643437992648 -0.0207643417275265 0.278689701789200 -0.0207643465189018 0.390927826592230 -0.0207643409365725 0.196892468817867 -0.0207643413551879 0.166223477227066 0.0481795900126776 0.00823908653181209 -0.106359551220299 -0.0880688233774411 -0.112577871588009 -0.0251897258833362 -0.193057733962533 -0.193246741810405 -0.359275951737286 -0.293735334297054 -0.217771416743874 -0.0802629831783323 -0.260831718050631 -0.0867052425230565 0.0819370503291866 0.207857089380422 -0.00954705975881827 0.0267710617266200 -0.242288236229623 -0.348423407000701 -0.338806676518458 -0.440405649302107 -0.425227306434681 -0.361505226778660 0.0944264061094962 0.0557936116052767 -0.176440115434424 -0.125210049090819 0.365413094913515 0.379381510310286 0.282116599023059 0.312521777784732 0.592889207335484 0.639371780742487 0.706970385760652
# FDY_6_1:
 0.0151534956186135 0.0151535120699099 0.0151535006692135 0.0151534856498464 0.0151535057471453 0.0151535037723748 0.186978425293773 0.351817223247626 0.0151534909925762 0.882142683396075 0.0151534943269268 0.744459628107700 0.0151534984233184 0.0151534973239223 0.0151534919435559 0.445164700947338 0.361599881702942 0.0151535178592646 0.0151534898917696 0.173822549802338 0.0151535057926973 0.0151535036284055 0.0151535080518937 0.0151534975021229 -0.334067606596732 -0.417027795676098 -0.497748400804421 -0.523575458293065 -0.568695337059337 -0.510383385246976 -0.537155453172478 0.0151535119643063 0.0151535190523405 0.0151535162874588 0.0151535002997455 -0.315449948593124 -0.391087656970685 0.0151535068949445 0.0151535105694390 -0.589575051850144 -0.619351110195559 -0.582424968779016 -0.475972938940117 -0.429984510660205 -0.190822961395160 0.0151535098443088 -0.0786846817318398 0.106554717829804 0.306854779498911 0.365452249601992 0.398148913628679 0.450953049848673 0.591506971740114 0.605613041062306 0.727254376080585
# FDY_6_2:
 0.206507728603113 0.0463310137743005 0.133713700116815 0.117126227628258 0.0830824006168618 0.259342695381826 0.363631699281403 0.545816822641618 0.611780946039314 0.805418916156806 0.692676707400653 0.715887989853523 0.554487554947405 0.519891784552498 0.462499181715205 0.311721472299938 0.257331179929717 0.284085384766146 0.228474672153783 0.0790260874663436 0.0131572742071538 -0.222743054645976 -0.366977205882610 -0.215815544719506 -0.444881086802696 -0.551455870241396 -0.565159442754312 -0.493723037125369 -0.574368351518774 -0.549306141711382 -0.541214812692533 -0.608499807058174 -0.613409957250315 -0.510127900975580 -0.414916924453094 -0.453813313375705 -0.537462396803424 -0.586248029742207 -0.575082264103630 -0.568980158626659 -0.610605858034987 -0.579273495332884 -0.452367678026188 -0.415141391852621 -0.182647455472553 -0.0957643394430068 0.0201802255927179 0.204077444918388 0.393712114936082 0.455402167997908 0.505318400987956 0.565204519091999 0.682591829781784 0.762946685202651 0.848560690603414
# FDY_6_3:
 -0.0865114066813016 -0.0750889049958222 0.150913357245282 0.173233768277851 0.272219585474970 0.371155611551688 0.270534532412738 0.343414754419937 0.487040383856775 0.876947164773593 0.750147236710572 0.563384785664069 0.303695331176511 0.421151318660489 0.385084608544230 0.347623239085587 0.298523131612804 0.152570359386704 0.129283276317440 0.0202071755125505 -0.0681842883366890 -0.206178971651996 -0.385776546809569 -0.409177279128765 -0.513805762725247 -0.595916221251414 -0.638692040882590 -0.578345287133707 -0.647437376410038 -0.485536840850940 -0.538834988752395 -0.542884438409128 -0.546121324102951 -0.418077955988730 -0.341947891915702 -0.363923849279591 -0.442560257602387 -0.479778309247756 -0.485230124568537 -0.548371220518479 -0.554178612804565 -0.449318510477380 -0.385208170301840 -0.300086363814476 -0.135690627394817 -0.0639559946808611 0.0517522734180844 0.261598411047627 0.439222375350233 0.516228780507758 0.571808143126252 0.636808424218929 0.753893000142715 0.822989538581075 0.915388999641209
# FDY_6_4:
 0.105505686453666 0.0781798956208525 -0.0596419486509002 0.100026214326252 0.207026713514510 0.334321131609924 0.397832508470071 0.578185875754234 0.764220606638316 0.749321940176119 0.668253584358809 0.571109421287566 0.437987243990638 0.385068401537907 0.324600618114283 0.262887890918713 0.248694538724574 0.164195670912043 0.0557529121058939 0.00405084107461021 -0.184067114590452 -0.275557666461357 -0.423809552462445 -0.646963959058267 -0.947364890761626 -0.727888891767089 -0.644502984357219 -0.671737200293677 -0.650388944994801 -0.584030089703752 -0.665454770434828 -0.527043953875718 -0.418445872913290 -0.348155338848651 -0.240991139976385 -0.405915608334381 -0.506677118355630 -0.509549003508568 -0.474123848898324 -0.487716999683512 -0.517898712172558 -0.467184406850476 -0.307119246175597 -0.247360846909794 -0.122101501192588 -0.0258863061965303 0.117727314827231 0.333612857904184 0.448315861182121 0.585251081773961 0.654460313668238 0.742526756074484 0.814324909974992 0.920365114130117 1.03377201230410
# FDY_7_1:
 -0.559328673743439 -0.616113989832252 -0.644103920140574 -0.688136343738250 -0.712660368796214 -0.740913703483366 -0.752623232198382 -0.724883062647038 -0.690990719229846 -0.652137573527197 -0.625512552328447 -0.611312003602113 -0.570582116825422 -0.553685346582425 -0.543876413965098 -0.504664339004250 -0.448517785557529 -0.381063267207164 -0.296249703159509 -0.288816712267244 -0.240643231144581 -0.206705985927273 -0.228605887067709 -0.192410894518396 -0.164448639803121 -0.133291355154927 -0.0529862323796268 0.0415861504369218 0.224521784746454 0.327828065430675 0.777500460682840 0.852509088261845 0.932003403222634 0.878263428887892 0.999989963512749 0.949355309806529 0.827970750491373 0.762459048198716 0.918234592253423 0.807929073086766 0.694478808094170 0.587805451284775 0.703715833448040 0.536338352513649 0.149523998977614 0.0548109614047863 0.0311573062279807 0.0519689775429045 0.0751029465504574 0.101316180099355 0.109015870226840 0.0885507694788364 0.0886809891787866 0.107222585547062 0.145423904237318
# FDY_7_2:
 -0.320107076911735 -0.371381813759479 -0.399376945801009 -0.456275609985094 -0.488491870965043 -0.524813654062855 -0.531461004896909 -0.515530595899958 -0.508977018945509 -0.459502057797919 -0.455385899813438 -0.452209305513360 -0.431311929499955 -0.424762957095847 -0.377010377793577 -0.351687582701899 -0.309137941568938 -0.226575956151873 -0.184005083808420 -0.156570843561238 -0.146372956195172 -0.152926836055058 -0.153758614184933 -0.134533153012313 -0.133772805029129 -0.0866522862453361 -0.00760982544315013 0.0464985141790836 0.109107733911020 0.196775183396764 0.292858751045342 0.354644183398795 0.350606082818822 0.374511917074435 0.459887048936636 0.514577589912332 0.498728702788160 0.451955410263449 0.440427956039363 0.396890361275704 0.295688870380604 0.255078825300752 0.372450597647478 0.177731557062552 0.202707190359919 0.207038400797119 0.236913759281704 0.256041204339678 0.284647191870202 0.321276295895073 0.333120625743899 0.308680663966906 0.311720203183863 0.330159775339912 0.379477406489585
# FDY_7_3:
 -0.477660902609266 -0.525363959118749 -0.549716902865678 -0.606682032789735 -0.641019199213642 -0.672354819748207 -0.663987346875590 -0.638080708977803 -0.603981188066799 -0.552034283733077 -0.536183319504900 -0.501362178394395 -0.514947566161740 -0.497448562956016 -0.474263987418364 -0.405759130612956 -0.341635650052423 -0.266301536830636 -0.247509177411787 -0.217278433708740 -0.197517348899745 -0.198050012757680 -0.232829407494798 -0.163872940547409 -0.179044191228799 -0.142738142829929 -0.0402345672662525 0.0526824174788754 0.128149458567530 0.355694585258377 0.475778670465187 0.605827172663628 0.548201819872096 0.626471616718224 0.736165262544168 0.749188015489629 0.738260116644256 0.755280684870775 0.792695131340126 0.705023714437236 0.599988608487307 0.560631401075110 0.740375465860232 0.180643379824240 0.0849478973000811 0.0402693193153701 0.0612802349571116 0.105405806047355 0.141922009848133 0.180963372015388 0.206577293306884 0.190697154043748 0.204467961448108 0.231997859377529 0.288271068818416
# FDY_7_4:
 -0.556879517364598 -0.597425460141851 -0.615606462477301 -0.670842592218165 -0.698598203927558 -0.737229831911982 -0.726069396851759 -0.699191029073990 -0.670818104184122 -0.604097646821842 -0.583957277244283 -0.534245769428041 -0.555234985128644 -0.551387281995432 -0.528862294157861 -0.459923940910093 -0.393203497804226 -0.283665266417719 -0.275089735308003 -0.221730948710146 -0.198395310912058 -0.208213387107059 -0.223444229039552 -0.144001846828655 -0.168160354681349 -0.107586820992081 -0.00772719243227675 0.163170787788519 0.225658891378167 0.663950568913910 0.712239295074876 0.884562719002002 0.766390630307596 0.855844421203448 0.861536553073907 0.822785339031671 0.800959349061049 0.951225853708928 0.898318237270865 0.793113947093341 0.633056472367034 0.514920914645594 0.643234848066628 0.0855581214490174 -0.0205445266966157 -0.0603196972413644 -0.0441784552430734 0.00793916204942987 0.0465601000152636 0.0948796087697042 0.123053811308538 0.108325334184938 0.125683036319531 0.154455044360099 0.209208016807647
