# Number of parameters = 1827 Objective function value = 8202.22067858506  Maximum gradient component = 0.00185439175214144
# lnR0:
 12.9183810115675 14.3750596254200 11.6111481943400 11.0028078246431
# selpar:
 -0.752936877724034 -1.93256004594972 -1.09201229106953
 -0.578578160325453 -1.97516506330672 -0.881843128637374
 0.569211980656926 -1.93991170153891 -1.87277219006638
 0.188033419396526 -1.65329039853544 -1.66411349840238
 -0.433535079362775 -1.92566828799758 -1.06790825221986
 -0.437884124156652 -1.99707223566272 0.667058665555328
 -0.403696896356004 -1.89775727081616 -1.29605996812662
 -1.82981798053746 -2.86175939749450 -1.01562529098095
 -0.0595471327955499 -1.93343956208832 -0.590055216067189
 0.230443684633369 -1.89180650297364 0.734733254226775
 -0.986659716951996 -2.05154664407952 -0.427713709192962
 -0.626763688762102 -1.96081364773743 -0.783038638404126
 -0.264874618183043 -1.33006420089048 -1.20363832715500
 -1.81966073597406 -2.36555781169079
 2.54799063434476 -1.81421645960318 -2.20754354572877
 -0.397940529942188 -2.67264981677808 -1.08451020110182
 -0.536996301324733 -1.94173867844063 -0.923510471195015
 0.551051193776836 -0.861986031696402 -1.71574074302773
# movest_p1_a1:
 0.980818264737902 -0.627395591559712 0.424355798815292 -5.19720369168482 1.69210136989172
 -1.79667445937208 -1.11109464981771 3.16867478342064 -3.05326702797076 0.438754272478409
 -0.654587366579007 -0.781852220663558 -2.14215045147141 -3.29245551465347 -2.34690275769676
 0.0836572261650517 -3.99188710107665 -0.783264040275948 1.18503198428863 1.01071329203452
# movest_p2_a1:
 -4.05879811980010 -6.06757103684190 -1.92909962514306 -1.70702968168188 -1.88469911226314
 -3.04609951473806 -0.823261428267275 -7.31435374868145 -0.862972896662939 0.574804210170784
 -0.603460051309384 -4.55379529713835 0.850775533637016 -1.73502642174474 0.949802316529963
 -3.17090243655599 -4.55086785664543 -2.22961486205446 -4.13537282777668 0.403648584980889
# movest_p1_a2:
 -3.72269190590241 -3.85419591250851 -0.921298800684577 1.12738666929094 -3.73512692025795
 -1.79597726867376 -4.10365544080360 -3.97664477647132 3.16524049482280 0.786288835087271
 -1.96972417642077 -3.60481449065243 0.0836766706545600 -4.42359260496053 3.49377673355096
 -3.48532425964817 -2.35253160102156 0.439368463476303 -5.21663101569363 -0.514048971265738
# movest_p2_a2:
 0.722790762138093 2.39428760666007 -5.64178503439002 -5.83203773111565 -5.76558587679439
 2.85303941493520 -4.06412845918051 1.69565233640678 -4.92108108408473 -4.38890207570562
 1.96135905482523 0.304269806433012 -2.01139112096512 -2.92773515739544 -1.38393381921478
 5.41864587810412 1.08838380582712 -0.823644814791702 0.146133936260789 -3.18485512891660
# movest_p1_a3:
 3.43675919263499 -0.624354840172400 3.04305148406039 -2.46237654948020 3.85540366049170
 0.403497146290638 -1.07052414796691 4.48566743645116 -6.18599276556356 -4.38109401392235
 3.39870460680350 2.23126230295466 2.70657084586183 4.74578396630146 -3.24443744610737
 5.47570808216267 -0.617243539957370 1.82897656860692 7.99999992112735 -3.53067547743905
# movest_p2_a3:
 -1.91169636629056 -7.99999985487835 -2.48445765224726 -3.00477810746609 -2.83453154216020
 -4.61440902758331 -3.18221991619294 -7.99999994377290 -3.34866690841778 -3.75356837682428
 0.884681675569292 1.32743954410595 -1.75943485152631 1.97237360490943 -1.50063213247777
 -1.28264933469342 0.299001497819875 -3.08435567347445 0.248611757628487 -2.31154514871539
# lnqE:
 -3.70207837217234 -2.15036573912614 -1.13505002178735 -2.49178129298057 -0.536036241691873 -0.934611193764322 -1.43483392177471 0.458669960427562 -3.32654185152821 -2.00800388341741 -2.99470395608844 -2.33177578570419 -2.09229453833409 -0.725173921894887 -1.47398076441993 -2.70476367288840 -3.22849999509463 -1.95590540312619
# Fmod:
 2.02088582401121 1.11728493851982 -3.16103144104574e-007 -2.35518489841667 -0.859843759180832 0.167379971007481 1.18869019080566 1.99791458651881 1.38234421689254 -1.93485224730949e-007 -1.61611605623036 -2.32679616414714 -0.437019018321231 1.46336090303017 1.72377038841180 0.0721899507795292 -1.54743846190872 -1.68428245431066 -2.07026817848476 -1.64739366502883 1.25393488764705 1.65557276104756 0.594606819681178 2.24857639572407 -2.26937290914190 -0.513184437296812 -0.815618686791256 1.25600736477066
# visc:
 0.901709479844389 0.853075108436112 1.03587829923981 1.46565923081259
 0.382336008323865 -0.453137319695730 0.0954470921578747 -2.99999935926206
# lnRD1:
 -0.658500406054570 -0.351205493001821 -0.371738072204655 -0.0591299850438630 0.0255775186225228 0.136659655135014 -0.144316084477823 1.04832265667480 -0.598455373672985 0.898369381146573 0.579883408520608 -0.505467205643801
# lnRD2:
 -0.0164713693947249 -0.117552183031164 0.0783016368253193 0.105609323393329 -0.0389752232109419 -0.249431813469808 0.0186979124380806 -0.443382045843323 0.505202961345637 -0.628617539260397 0.00338141957022131 -0.194031197052732 0.711010122369969 0.551387253817458 -0.169578667486928 -0.115550591009995
# lnRD3:
 0.483678829910449 -0.707111050501655 0.821283957145085 -0.427836489984378 -0.170015246569501
# lnRD4:
 -0.177326228021275 -0.163916091654198 -0.369316018347533 -0.591288163959668 0.0681235548048631 -0.216334188623499 0.290195626986064 -0.701061588405409 -0.0980153104748906 0.115787399352034 -0.567418338477469 0.257485940097407 0.747279722977932 -0.140011034463208 0.626644668670776 -0.614954080542167 0.541496926348888 -0.141662738340825 -0.226739416168171 0.768855850513057 0.512000470506949 0.0357662637486456 0.0444067734716971
# FDY_1_1:
 -0.0367433778732194 -0.0367433825316442 -0.0367433725679601 -0.0367433724036435 -0.0367433812915597 -0.0367433718405251 -0.0367433837577798 -0.900231838164110 -0.977259230202569 -1.01079747483608 -1.03686427785352 -0.968819061802127 -0.831148489358870 -0.772761025495643 -0.670109365262560 -0.375459208517880 -0.255697442778669 -0.161277140648378 -0.179203066248388 -0.156956395175668 -0.136087861080773 -0.0576721378385364 -0.111902200118825 -0.0937873760733946 -0.0366895973726110 0.103053579472574 0.141540514532217 0.251637431985100 0.341596889323599 0.419959134805335 0.417696927873198 0.455839365531323 0.447492844547790 0.509894655031635 0.717465793366182 0.752649678866273 0.585083854085428 0.498452719199712 0.357748704666922 0.419945718906447 0.649934688404674 0.518813502456166 0.365904222455275 0.327283553369544 0.377668048290918 0.382720251256845 0.282966784650510 0.213733951747805 0.163876088496551 0.191765439399843 0.185144660683877 -0.0473299030475634 -0.294974762007987 -0.359347141942616 -0.388290365312647
# FDY_1_2:
 -0.0363257336921562 -0.764557799019699 -0.0363257190853817 -0.780472579770208 -0.803814981790777 -0.814735384413973 -0.0363257320697970 -0.794970928394400 -0.909443284297193 -0.895969955303282 -0.901680847222253 -0.806998714767995 -0.632024487411588 -0.563303262695857 -0.495495091688060 -0.258620246889369 -0.0291636288427158 -0.0885832481852114 -0.101774177729939 -0.0721544060176603 -0.00457860530722039 0.00685302350181553 -0.0405224689229918 0.000642448127186429 0.0265311938539176 0.145403946158245 0.227017827388395 0.345481378809497 0.401956586366024 0.465840009328005 0.441677439504336 0.485934684956936 0.441737201254031 0.533754367525953 0.798430947755837 0.780555435543056 0.556723619318708 0.455481540952661 0.336713972137214 0.463727168973477 0.693063875305547 0.543345408310681 0.390680522128662 0.387466884056558 0.424060617189693 0.409369297366028 0.311767286259891 0.239113558252682 0.189427227424419 0.225609119426754 0.225348464513201 -0.0435730204720817 -0.320856218598010 -0.353737437694385 -0.367707091407208
# FDY_1_3:
 -0.0313412864028917 -0.0313412761131174 -0.0313412941370179 -0.0313412810608494 -0.0313412904654029 -0.0313412883348219 -0.0313412904434756 -0.0313412840485466 -0.763384491247404 -0.737833653815930 -0.656268807143061 -0.578296741974867 -0.427234621856037 -0.362427069278213 -0.288248336591321 -0.116437667508635 0.103260651521252 -0.00572577125024923 -0.00841355177423145 0.0272243421758669 0.0815035933581882 0.0807733104921537 -0.0212312044537100 -0.00647503840833588 0.0185361008761060 0.0519292096947918 -0.0313412888682761 -0.0313412772489625 0.426410872156727 0.403869515791612 0.334667956650596 -0.0313412877880042 0.323051655444720 -0.0313412834607225 -0.0313412846897119 0.586965285719691 0.271648223117409 0.141852606774888 0.0490677567626731 0.246416373183593 0.502163112736219 0.258165293846646 0.117990735639898 0.312014572295818 0.463789963260387 -0.0313412680129222 0.143654201727823 -0.0313412930315493 0.232596273640995 0.259742390535844 0.223343619418793 -0.0943845425780319 -0.380212587869515 -0.381163036286064 -0.362781220680811
# FDY_1_4:
 -0.0301013097257614 -0.0301013305502200 -0.0301013259825448 -0.0301013397197207 -0.0301013187460277 -0.0301013253981545 -0.0301013140350725 -0.0301013263794647 -0.780456242909814 -0.685928282133154 -0.0301013462706316 -0.596469217526023 -0.526133732753449 -0.454000143149153 -0.306129201536565 -0.157916956926039 0.0413516147130795 -0.0412802447936912 -0.0166401688647679 0.0123846456682924 0.0105423878336393 -0.0753660319503868 -0.0597013562528247 -0.0257935798087653 -0.0341603632495190 -0.00987246494343158 0.105869950682022 0.387495470474200 0.359938280048209 0.302940165279944 -0.0301013171260382 0.293508099364978 0.340405596003969 0.613512041246947 0.723273284064023 0.271500244689374 0.185686494004758 0.0492861727014538 0.0799007328931583 0.409887438949469 0.233029795092330 -0.0234288017202197 0.0337202481459545 0.315813874324950 0.290498753493858 0.0176438450150339 0.0353086032573729 0.189060123182945 0.177219893213517 0.188529795514495 -0.0265505756369372 -0.354873932750168 -0.402246385649336 -0.359089608807961 -0.431257004562133
# FDY_2_1:
 0.0199650292365006 -0.0661270211311142 -0.0563575772400850 -0.0784419972185961 -0.120678927934317 -0.148157126352386 -0.151014109610860 -0.146787588643181 -0.180844279899171 -0.196483092042784 -0.204256680140225 -0.143643564982539 -0.0401716217629289 0.00507595743987312 0.0592966600862586 0.136034811556175 0.332109064673956 0.230636645539797 0.166464350178601 0.148525859961717 0.174031304761618 0.147942651302756 0.186820031618545 -0.0158386483616908 -0.105563456260258 0.110613071485568 0.239029732874554 0.135634324095801 0.0647441174704533 0.161571362776097 0.172774312338390 0.379872392164126 0.0750592384445537 -0.00876730767714638 0.0445632248772816 0.0916171220135829 0.0321639241918412 0.0274760280575823 -0.0481872076008487 -0.0871205117412621 -0.0876303116240284 -0.0511730786252558 0.0430660209427381 0.0825689696735330 0.0842933784079405 0.0952792507527198 0.138139127974393 0.212070583175549 0.0311627266802950 -0.0621996733547829 -0.0230808120243375 -0.115460070355023 -0.421791674266117 -0.602886010779765 -0.665938925124095
# FDY_2_2:
 0.170779439960436 -0.0222045125971380 -0.000572603481475120 -0.0707184946632276 -0.150804298066507 -0.186578107109021 -0.194031258171367 -0.206722369397452 -0.256594066518351 -0.515139354998824 -0.164038558987691 -0.140571210990506 0.0335303868552618 0.0913736596401108 0.164868547592318 0.204264102017609 0.359251279722624 0.228458287221901 0.195558516903493 0.172389026428183 0.219462962456740 0.178214306152089 0.193355420373305 -0.0236029650266124 -0.163781536102212 -0.0198728744553046 0.131595002070115 0.174188225498160 0.0763791817965730 0.188758898103944 0.153410722023651 0.330048928389630 0.101748318424704 0.0487817287310722 0.103745858855222 0.140281241525936 0.0434182311737249 -0.00588639740668615 -0.101070805454401 -0.174768759894966 -0.177625622107259 -0.140265703810302 -0.108495897792430 -0.105367547998530 -0.00125529650137910 0.0899797149363483 0.175998543666633 0.191430444551539 0.0809026739082949 0.0182100655139926 0.0804900425629981 -0.0144802771044962 -0.308434217120137 -0.496997279059176 -0.590993742241159
# FDY_2_3:
 -0.199230743799985 -0.280035129161038 -0.229944861332622 -0.300285645018543 -0.345828739674727 -0.368893947286425 -0.332534505556493 -0.352720018039968 -0.394846017419527 -0.434023208358783 -0.267444140611583 -0.215124718573481 -0.101325624977068 -0.0300351481866566 0.0614380856072029 0.171434134758400 0.310354651203221 0.252165318643003 0.240876755706584 0.221218680224902 0.260988683165263 0.224139137105060 0.0392403556623115 -0.0444267050766270 0.0502929329251937 0.205273967838425 0.118933292971015 0.197248429906156 0.209717223476637 0.328781906909556 0.443579473461273 0.242788184103154 0.142104857782889 0.155561366265769 0.249282406014934 0.250281957670787 0.206184320943362 0.125150630195402 0.0606386378686582 -0.0310384895281697 -0.0180889891049665 0.0118381240023639 -0.108103702223441 -0.0571525963802833 0.0867814565075839 0.166191769288229 0.228123157564856 0.112333249598012 0.0337706555709251 0.131583129839938 0.106305347894048 -0.159598377432318 -0.366559584842362 -0.464615270992030 -0.542746117098015
# FDY_2_4:
 0.0209938491105026 0.0143453552832806 0.0171872609814274 -0.0547050795144877 -0.0997191534908915 -0.109880116744830 -0.0930375203163268 -0.147362005008816 -0.215711899975124 -0.242944220893126 -0.150849432057504 -0.0815295249494402 0.0143467497921116 0.0655530005691486 0.128203644480489 0.220493434198460 0.308819931225317 0.184759176013861 0.181684548632310 0.156554933080019 0.191133212597807 0.178601997878985 0.00305726560328073 -0.0727191182567558 0.0340934356487583 0.178087613301301 0.159088536297709 0.104085827634440 0.154376969088163 0.239485336296127 0.414530942529606 0.214267131355237 0.0647224546437756 0.0643685955744430 0.143737338902238 0.133374276433344 0.109565876297312 0.0550690789404297 -0.0634226447440592 -0.0850559396516194 -0.0821654049229830 -0.0222439062371037 0.0308250342062992 0.0447533985714372 0.0480823901001592 0.0585179589447779 0.122479298939751 -0.0254174332483271 -0.101879357307665 -0.0454452793121352 -0.0751222839872821 -0.332770949157884 -0.547916972224938 -0.670648034269112 -0.738699576881896
# FDY_3_1:
 0.00000000000000 0.00000000000000 0.00000000000000 0.00000000000000 0.00000000000000 0.00000000000000 0.00000000000000 0.00000000000000 0.00000000000000 0.00000000000000 0.00000000000000 0.00000000000000 0.00000000000000 0.00000000000000 0.00000000000000 0.00000000000000 0.00000000000000 0.00000000000000 0.00000000000000 0.00000000000000 0.00000000000000 0.00000000000000 0.00000000000000 0.00000000000000 0.00000000000000 0.00000000000000 0.00000000000000 0.00000000000000 0.00000000000000 0.00000000000000 0.00000000000000 0.00000000000000 0.00000000000000 0.00000000000000 0.00000000000000 0.00000000000000 0.00000000000000 0.00000000000000 0.00000000000000 0.00000000000000 0.00000000000000 0.00000000000000 0.00000000000000 0.00000000000000 0.00000000000000 0.00000000000000 0.00000000000000 0.00000000000000 0.00000000000000 0.00000000000000 0.00000000000000 0.00000000000000 0.00000000000000 0.00000000000000 0.00000000000000
# FDY_3_2:
 0.00000000000000 0.00000000000000 0.00000000000000 0.00000000000000 0.00000000000000 0.00000000000000 0.00000000000000 0.00000000000000 0.00000000000000 0.00000000000000 0.00000000000000 0.00000000000000 0.00000000000000 0.00000000000000 0.00000000000000 0.00000000000000 0.00000000000000 0.00000000000000 0.00000000000000 0.00000000000000 0.00000000000000 0.00000000000000 0.00000000000000 0.00000000000000 0.00000000000000 0.00000000000000 0.00000000000000 0.00000000000000 0.00000000000000 0.00000000000000 0.00000000000000 0.00000000000000 0.00000000000000 0.00000000000000 0.00000000000000 0.00000000000000 0.00000000000000 0.00000000000000 0.00000000000000 0.00000000000000 0.00000000000000 0.00000000000000 0.00000000000000 0.00000000000000 0.00000000000000 0.00000000000000 0.00000000000000 0.00000000000000 0.00000000000000 0.00000000000000 0.00000000000000 0.00000000000000 0.00000000000000 0.00000000000000 0.00000000000000
# FDY_3_3:
 -0.464353240908090 -0.532213897796217 -0.505078564313094 -0.528008680662338 -0.558382233439085 -0.599001004147492 -0.600605723881909 -0.592945781634188 -0.627703903522356 -0.710843082217001 -0.596460046129733 -0.567110289574402 -0.502783521979092 -0.361215029730715 -0.196873407063472 -0.0886760142876902 0.0944938736527930 0.140453775524735 0.137292623839233 0.138463231965757 0.162265455855566 0.183503005168122 0.113590476498150 0.0817793475300114 0.136189012572350 0.246625699537608 0.233995445456625 0.301363707961518 0.338361951507115 0.437244197942812 0.484142228158752 0.382593115194141 0.382625051350027 0.373641340230585 0.452240919273589 0.478326763788197 0.451341571365103 0.354505937475924 0.359303849272353 0.269447713521491 0.177906276060570 0.206066503327608 0.246539451643224 0.184314214455249 0.229436122857913 0.305734287881233 0.303155972701330 0.186910926475904 0.171728668478236 0.189013475419621 0.0591774290177648 -0.0809024267253765 -0.174756112408283 -0.277290875967342 -0.428569786573336
# FDY_3_4:
 -0.234366307134377 -0.269321798290103 -0.280217696128866 -0.301627754741052 -0.316361251011908 -0.293591322648315 -0.266976391715578 -0.275945950893603 -0.299532576656103 -0.318350389329456 -0.288261111559895 -0.171942801273045 -0.121207469720566 -0.0742184637003683 0.0978316256457111 0.189370177980068 0.386840946548726 0.348530075286521 0.244334001288964 0.128116297803730 0.106230495529611 0.0896629705159159 0.138270628163048 0.232111971260208 0.212075138333761 0.136038428708762 0.308391134186490 0.239825942396040 0.237505888749760 0.0431756153443171 0.00372528726527811 -0.0398438495191010 0.0341185561948315 0.0535058195291752 0.126483710721443 0.187908757907842 0.161182654448763 -0.0408832106033191 -0.0408832121931807 0.232068989593981 0.254528764822162 0.381588364493407 0.393909863293826 0.504882568810795 0.434155296842077 0.486398254051074 0.233445060054716 0.146092664958370 0.0527159692715978 -0.0806974390445599 -0.255944630034022 -0.459790419103537 -0.637700836189118 -0.800062363875161 -0.957294674635738
# FDY_4_1:
 -0.113616536894445 -0.177654979100005 -0.212135544656470 -0.259035231729085 -0.285654026383509 -0.309689821767442 -0.308760035190211 -0.288881842962307 -0.270713086536009 -0.225516887981315 -0.197862820170776 -0.157067278900210 -0.136478165894552 -0.0762068292528270 -0.0110837093625038 0.0521997797345162 0.105846180820653 0.154108700000716 0.162799381965276 0.152504236728450 0.112797045622886 0.103180717578313 0.100530751941236 0.0208447222923438 -0.0779787373216025 -0.0151868359406266 0.106348019287929 0.139057196614032 0.130071468721661 0.177974473845840 0.181596087731837 0.300413719994030 0.222430513267681 0.175108811245698 0.152163701537380 0.142895148301907 0.0930637400445165 0.0383348003685040 -0.0157148012976822 -0.0837364274319980 -0.124745514998249 -0.123674879869912 -0.0558142732067164 -0.0339933931500480 0.0536528020646492 0.131207049416663 0.224849469649637 0.314326398408573 0.294631066020501 0.226254925491350 0.193329093904672 0.107736880860206 -0.0917696444527782 -0.286818931786511 -0.430466647223866
# FDY_4_2:
 -0.153709838150711 -0.208735767293516 -0.240660892206897 -0.296706459304522 -0.317414768438348 -0.341488253451797 -0.339348318527129 -0.320659906021243 -0.301751025529363 -0.258631386351713 -0.223899065962339 -0.167932500097311 -0.137943501690772 -0.0774864573691401 -0.0340171580898357 0.0544455031962735 0.113005582325160 0.160832064619524 0.154206169860362 0.131542225909079 0.139388014730579 0.135270775968786 0.130381868835865 -0.0448856749895564 -0.111617938308096 -0.00538225452395199 0.141817506483919 0.136635537664425 0.122448433487026 0.202559434786008 0.226307743458350 0.405393213697875 0.276223769606702 0.194908664393697 0.175433838615102 0.173627306690255 0.120017566054972 0.0622698716382068 -0.00661062425161937 -0.0858814741800450 -0.126867067021679 -0.119780609828206 -0.0882728335202011 -0.0580812709391035 0.0347927800470106 0.117494041910176 0.228990195783483 0.322129120158112 0.284205058427281 0.212374431469778 0.218341535505216 0.139847700927436 -0.0822213336491931 -0.273276504915178 -0.391627071639195
# FDY_4_3:
 -0.163076507146815 -0.213830685509865 -0.238847324722369 -0.293255695743961 -0.318080315815821 -0.343875208430737 -0.341554618090055 -0.319055408617355 -0.291390396611713 -0.231846311159690 -0.183870255780011 -0.142110713790533 -0.112138662159875 -0.0546399005261538 0.00270854406214679 0.0674567163258424 0.125297313703304 0.191566307847577 0.186201904897911 0.174023491646605 0.146981686982268 0.143546394257348 0.0762536250321013 -0.0278495088630970 -0.0818880331757040 0.0361550145057105 0.121243558464601 0.132020140535771 0.133092310346348 0.217430941396476 0.272708703389340 0.335530467949452 0.222003324724882 0.162039834119605 0.175067072276184 0.149699643295343 0.116415232947877 0.0481119516401957 -0.0139325132408039 -0.0763943116605475 -0.111869751424249 -0.0919675119000194 -0.0170082899368252 -0.0255387319492149 0.0458956983666738 0.128646599873288 0.234825801609475 0.275651780510051 0.231615374637630 0.214946367360772 0.197492694866049 0.0513010582893571 -0.160084574755164 -0.324333028046642 -0.437491296802965
# FDY_4_4:
 -0.149321474151266 -0.199902511495807 -0.224068604175479 -0.278824594170888 -0.304335000759936 -0.327678481281215 -0.326370207184434 -0.312956166693892 -0.278558726082957 -0.216374624751991 -0.176024967386402 -0.124767535653909 -0.0973891215270949 -0.0389770071110826 0.0163136524624619 0.0762267696827620 0.131846122563208 0.198196924403251 0.193986501961619 0.176522388312093 0.148731233540441 0.142502375143000 0.0755867682856051 -0.0194164705552914 -0.0753341542896565 0.0375192333207444 0.120751426406843 0.131985587232155 0.130013830207051 0.207258371488857 0.256789595684892 0.314085974609706 0.210649797194027 0.158649661552907 0.166479443877617 0.156591238462138 0.110810894319869 0.0366455132235240 -0.0131661060928564 -0.0705666197911442 -0.107632866146390 -0.0890478314513718 -0.0139795749895441 -0.0238569914180113 0.0449401403849688 0.123184585868847 0.224346114141354 0.261451892021290 0.221625539373392 0.191489514608329 0.173658604738074 0.0274070151470934 -0.181917614124442 -0.348070426637966 -0.467709032295091
# FDY_5_1:
 0.0156335334247901 0.0156335228198278 0.0156335341644535 0.0156335172570865 0.0156335278092323 0.0156335387913959 0.0156334930989505 0.0156335213608944 0.818945380861945 0.0156335286745517 0.0156335073642763 0.0156335339655673 0.0156335177161886 0.0156335224046311 0.0156335154896816 0.0156334796151054 0.656091927198262 0.0156335297123917 0.0156335334696262 0.0156335126637856 0.0156335127689877 -0.0291901315910319 -0.0596782121841198 0.111902140328282 0.270459531558382 0.105840190696817 -0.0548630314579721 0.127464367040388 0.0868459591095425 -0.0662397029354381 -0.300210777425224 0.0156335135186298 0.0156334866492067 0.0156335282234281 -0.265887790182789 -0.278013060195169 -0.294934469058874 -0.291061943193550 0.0156335354791033 0.0156335134303831 -0.164349397789039 0.0156335231258506 -0.0541998181538606 0.0106510671257613 0.0953870333907291 0.186347814230184 0.0156335143040948 0.0156335259564486 0.0156335183898435 0.0156335250363970 0.0156335116766934 0.0156335193429726 0.0156335229629853 0.0156335223449188 -1.12721322038561
# FDY_5_2:
 -0.0327774280484125 -0.0961678815407984 0.0423053909950420 -0.139816708961078 0.0423053783358305 0.0423053978211843 0.0423053777278821 0.0423053806242000 0.264043149955860 0.0423053760011416 0.416422214911410 0.348160587509662 0.0423053708653698 0.155001590527376 0.107309806883189 0.0423053902501542 -0.0307335956446208 -0.0633066163576399 0.0423053786334911 0.0423053519685879 0.0423053837081535 0.0423053651559964 0.0423054029738066 0.0423053838969723 0.0423053866688403 0.0423053799367677 0.0423053958885169 0.0423053854124649 -0.695065954297189 0.0423053834953078 0.0423053850678543 0.0423053919134771 0.0423053761615751 0.0423053964585942 -1.00889477507851 0.0423053142607732 -1.00100041610452 0.0423053841165415 0.0423053824905613 0.0423053914737977 0.0423053770930184 0.0423053746706193 0.0423053673216107 0.0423053764105483 0.0423053785606196 0.0423053774744609 0.0423053951609860 0.0423053863700163 0.0423053826425188 0.0423053796092288 0.0423054101752221 0.0423053794364177 0.0423053822030961 0.0423053871841570 0.0423053896298611
# FDY_5_3:
 0.325378566362020 0.244780451468463 -0.0949084827532328 0.164527372375870 0.153021890409913 0.175942676606253 0.204358234099655 0.219586149146918 0.240340066322101 0.790103929480150 0.665501556314073 0.690208258105293 0.664488362339400 0.674374608334343 0.479591346394335 0.514685927993407 0.468037187248193 0.424004374102744 0.262127023427965 0.132581921221295 0.0376412401874213 0.332576737888064 0.0376412370344838 0.0376412361152618 0.0376412413259150 0.0376412388419269 -0.259436496775119 -0.247022931495252 0.0409304504337524 0.135098754286921 0.887392365130695 -0.731917539553134 -0.712888391518738 -0.493956655205553 -0.352375054875931 -0.407241836846097 -0.402482642197738 -0.466737005617563 -0.493078979906032 -0.382949824833016 -0.390277818066406 -0.145617344112828 -0.0811607504620038 -0.296707309155746 -0.166783502536585 0.284978336774995 0.409273632019631 -0.313439718123382 -0.318911345873032 0.452382346126346 0.0275693147182214 -0.875192492265162 -0.961610006140261 -0.796970654984767 -0.860381249338449
# FDY_5_4:
 0.00933063533428762 0.0543362013326058 0.0697377588025309 0.00933062122056143 0.00933062707992421 0.00933063194000810 0.00933062728142968 0.00933063657939031 0.00933063024050445 0.00933062906903886 0.00933062818504376 0.00933063343319234 0.00933062781226639 0.431774631508015 0.00933062497569630 0.465753028149575 0.00933062414420409 0.435971824821030 0.00933062413699919 0.306951639084848 0.411853146470163 0.408719502884407 -0.388041362899294 -0.403340589780942 0.493695823439369 0.667731827796823 -0.104367557889021 -0.104924257388011 0.138179451220030 0.258787208127313 1.02902656521945 -0.324967616776647 -0.361196617113668 -0.176212526279340 -0.0600906106442408 -0.114972679188856 -0.146858240037727 -0.207394352474969 -0.266491154959940 -0.202205892081623 -0.203897159394402 -0.0515292519504689 0.0342569855677670 -0.145902837540308 -0.0573933804225080 0.237453911784970 0.336637802958260 -0.197760080295554 -0.201654791567165 0.369584604302038 0.0963051341009384 -0.633353499423050 -0.719752474367574 -0.635371910130668 -0.669707006396704
# FDY_6_1:
 -0.00304327613687444 -0.00304326887630185 -0.00304326216121825 -0.00304325222282236 -0.00304326798916882 -0.00304327477219096 0.425890290519742 0.488809014850351 -0.00304327406807686 0.624741527900647 -0.00304327375264740 0.640926145858491 -0.00304326910981373 -0.00304327242890717 -0.00304327618147787 0.586617679152331 0.628338258071506 -0.00304326712298169 -0.00304326484276479 0.220873903370771 -0.00304327295583678 -0.00304327654738784 -0.00304329144446963 -0.00304326622991030 0.113020167440850 0.189241558938457 0.204397764763907 -0.173086874602862 -0.172684721957558 -0.123713968234365 -0.225008120206753 -0.00304327883687466 -0.00304327427476752 -0.00304328126394920 -0.00304329197327418 -0.139344923963947 -0.142605344746472 -0.00304329934988551 -0.00304328604589826 -0.186347421792359 -0.151320890560307 -0.00557720198095107 -0.000373675793569558 -0.201596368454346 -0.0296843820556226 -0.00304327875748483 0.206764637451694 0.0188512288589082 0.0147605965215100 0.0208596756419125 -0.138166138157784 -0.499464735917225 -0.620794697539529 -0.699819269497731 -0.801465116534710
# FDY_6_2:
 0.831974844138950 0.674259395168626 0.745919794191617 0.697203092972680 0.658997084095528 0.991976158732639 0.954413112140481 1.03194359277431 1.02592224315488 1.03326951862008 0.848969020278123 0.872307959075315 0.754185559643558 0.711796690452719 0.640934618770551 0.593400734621185 0.636038187337591 0.371031299783001 -0.130351678362910 -0.0395687192507262 0.553554700010418 0.181498432256575 -0.308089887257584 -0.148517075135392 -0.0190619690706435 -0.00823878809880043 -0.101212266768310 -0.634051675754383 -0.678603808497948 -0.608853490683806 -0.681396935416576 -0.783940926452975 -0.769053544152048 -0.647350877238435 -0.559578105107111 -0.476171459489416 -0.447386452949556 -0.362422949916574 -0.394917407765182 -0.488407268767255 -0.385390181994549 -0.185345244953267 -0.327156774355751 -0.630960588752882 -0.287124318925401 0.201485457832039 -0.0668072407184100 -0.341106689043629 -0.259404004222906 -0.204097327190925 -0.485387827254680 -0.899784169892384 -0.915953186019791 -0.879065913346520 -0.856322743244139
# FDY_6_3:
 0.219875621193603 0.224709546316013 0.473380893409423 0.440731149564423 0.446714333785829 0.498515046576862 0.536148088965650 0.674307132484202 0.828824363909338 1.03579190698202 0.961303462699185 0.821734334485950 0.574794438807646 0.633440057498450 0.610590846800680 0.544626792772008 0.516349366011975 0.353069181906411 0.240433847980694 0.0459740162960638 -0.0934488949049918 -0.206862698171320 0.0298995743812323 0.199112966257958 -0.0471018307314783 -0.235385379175167 -0.141692863222931 -0.0831814448113515 -0.312303170818110 -0.414599202862369 -0.667281529520855 -0.612284694141108 -0.555577128898557 -0.426798949720365 -0.378155850379286 -0.334588403929500 -0.324232364903636 -0.284955882683232 -0.185036453828024 -0.206173311919435 -0.172906487305680 -0.107767512142818 -0.0441014151893841 -0.0213030719414582 0.0411888046892330 -0.0240388596235337 -0.0970426970960054 -0.0559935339463782 -0.108515772204790 -0.367105980829265 -0.570460113236078 -0.696176522955653 -0.860580351352354 -1.07642506564013 -1.23943833568961
# FDY_6_4:
 0.486352215392333 0.466636382360148 0.289365298895188 0.423369347193906 0.438156323749844 0.502432251540942 0.625523241622065 0.803074539412192 1.01160771256267 0.941568939301719 0.958277395971750 0.854980641011754 0.735551389171339 0.659444852664507 0.623125515448579 0.559698854529857 0.492475677171784 0.415222527572760 0.218359765595830 0.0419560103658915 -0.193853250514297 -0.170629009021959 0.0525899188451730 0.0384297238466282 -0.401598531621321 -0.388779322978401 -0.144864707623443 -0.131748773717324 -0.297909578665407 -0.433837916848227 -0.836070667417821 -0.619238012014708 -0.470089845167281 -0.397848790261488 -0.316526471376099 -0.360668391417106 -0.379853248787478 -0.294261855415174 -0.167868790319764 -0.155852701077692 -0.140189758971999 -0.130946553482704 -0.0283997036741127 -0.0187626515673816 0.0477326082731201 -0.0261112790165599 -0.113707377938097 -0.0640221607710907 -0.122526138235634 -0.377286450283734 -0.597190052131542 -0.711691302699028 -0.880839720245892 -1.07488724965640 -1.23787086958081
# FDY_7_1:
 -0.314032195225806 -0.358538552255642 -0.331550189404410 -0.296934069470822 -0.279083258420639 -0.220874124612639 -0.257632626740908 -0.172709997562692 -0.0846403208781085 -0.0320455836942257 0.139336050771896 0.202829386798060 0.428640558351914 0.376473631976346 0.209776723129285 0.172478855184231 0.201578094466335 0.169908709508151 0.0829178211096282 0.0180089544146041 0.548891597186859 0.604372815466107 0.0794567843064156 -0.0253665979057518 0.0766485414341405 0.231224375068502 0.219655449028326 -0.140140847784737 -0.0793011406751891 -0.0276890278812891 0.467595241436925 0.529781519916114 0.387350560826130 0.359777006710094 0.524330779080959 0.584084777679698 0.521925415394833 0.508048368629668 0.481426035561814 0.387379448949636 0.532605341317165 0.388519583161529 1.57048948332150 0.475254917748636 0.0326175360210177 -0.138573398970976 -0.376289996194327 -0.616230103533434 -0.707791847542356 -0.735968028311890 -0.875406778126540 -1.16021042939979 -1.34160403364637 -1.43919587355473 -1.50157534216324
# FDY_7_2:
 -0.252928164104186 -0.293661807043457 -0.271088408563462 -0.274846015159120 -0.264980454046765 -0.253121707920894 -0.254046426942968 -0.211631610078426 -0.149667450975748 -0.0533559782863365 -0.000997205231525289 0.0886089090757884 0.125928865930866 0.119837396697415 0.0590422642028245 0.105285658770260 0.114789451198452 0.0258164834128400 -0.0675498292602515 0.0218171023204776 0.359288509857917 0.218691276942448 -0.106816904139295 -0.165838464109293 -0.130284615594370 -0.0126142269323826 -0.0872244816057218 -0.362947754162555 -0.313167543949495 -0.153735587809998 0.184023934451797 0.363669909676843 0.186502010443592 0.186097369299236 0.469838662995506 0.690838153154374 0.706592525952763 0.489552072036852 0.724876219590692 1.06800912977361 1.20219597013539 1.09219607967201 2.70434596165470 0.454793511048503 0.0613567508208772 -0.188240248393571 -0.398699135532864 -0.572242369163497 -0.626824401032012 -0.679229458042319 -0.813167478383418 -1.08247544419011 -1.22762840674873 -1.27798171138539 -1.27700089032788
# FDY_7_3:
 -0.377516136075282 -0.407807201905253 -0.359975555108518 -0.365101664021670 -0.328881360760676 -0.376363082141319 -0.351202391537427 -0.310592248170004 -0.238486863878835 -0.0547548499755054 -0.0151184317131946 0.155234200548838 0.0491015631150914 0.00383363857503892 -0.0684082516030532 0.0519476951648553 0.0218556601385901 -0.126584146591784 -0.162943063896304 0.151018108540636 0.318058758361966 0.00446568648053401 -0.230727147121705 -0.0306280014780031 0.0131841012811536 0.0525743411029126 -0.296894996951960 -0.362970406445344 -0.310857486316289 0.0936709774726975 0.288836482539975 0.556324242087863 0.261330118644116 0.392677112215601 0.797857527167655 0.993871790369136 1.11763116548767 1.17708631218322 1.42334388696524 2.03727530116803 1.84100461140961 1.08031597595717 1.68189241777078 0.286571233038381 -0.0619014646776538 -0.436792433672754 -0.691422236015269 -0.753048595988730 -0.763501543836682 -0.857010091773706 -1.09101315999141 -1.26940137612021 -1.36958448235719 -1.41043096199769 -1.37104327566333
# FDY_7_4:
 -0.413785038926812 -0.390971243057653 -0.316968001898904 -0.318277615522882 -0.255584440024098 -0.332423316858741 -0.265264634683443 -0.196438203226393 -0.145726626501971 0.0820043786117746 0.142654931171581 0.448429049151602 0.298951053281994 0.110849011771609 0.0246664382062181 0.131439240367243 0.0659217416936289 0.00126617404024759 -0.0694235612441234 0.479544231025719 0.600995726087681 0.0977428599023871 -0.0100576810121715 0.273962286435774 0.244071687679076 0.198383474668286 -0.198181031714081 -0.132220053085350 -0.135452736358648 0.458679034950117 0.420625836632208 0.688146870495503 0.525489387610261 0.683591791917949 0.735435800200949 0.883947144871168 0.907450303231805 1.05866315285200 1.07366376225282 1.37864281293246 1.06702925217018 0.716222109399730 1.12405652449707 0.0803904075484810 -0.229526913092970 -0.573665562365734 -0.835270728333756 -0.888161945651076 -0.895279062072594 -1.01536926742162 -1.26387538750516 -1.42647551771261 -1.52908544754795 -1.58728439108123 -1.57814806875755
