# Number of parameters = 1827 Objective function value = 8113.42664258566  Maximum gradient component = 11.5774608642485
# lnR0:
 12.7156564166053 14.3260295596714 11.8637359166344 11.4071464657378
# selpar:
 1.33830209469158 1.43956726387437 -4.26862274669998
 2.35788256904411 1.97219586466428 -4.14659989391815
 0.805470756525749 0.0636530868436411 -1.98899399858686
 0.240726127485268 -0.142498180319864 -1.85661198112445
 3.40183246261874 0.499186854925070 -0.243044877828106
 -1.09825676059033 -0.864657399662627 1.80767880389699
 1.31524721058389 0.745380828717540 -3.16336480373028
 -2.36745606390171 1.51889783114508 0.883999429530277
 -0.830515820847434 0.428776831985941 1.77095635297815
 0.280809410949569 -2.04498960095130 -0.537426717348105
 -2.45237340335596 -2.42309263432296 1.59666614128268
 0.299421615450132 0.798765632994867 1.27168276622770
 2.29182108639775 0.0976184157626783 -3.75807770130213
 -1.13297805676612 -1.47238011721416
 2.43499880547917 -1.91351266047745 -2.23248754450474
 -1.95047532496518 -3.07916915695719 0.519696961977404
 2.40104918674465 2.18555348759322 -4.18390189134425
 -2.74920032500921 -1.96349677066692 0.667253042912063
# movest_p1_a1:
 3.76017214195813 -0.507753123165900 1.22222672519610 -3.17781409262385 0.798771363735904
 1.75733963535121 0.0628786729598385 3.28186905837196 1.82396477582596 3.32622328981239
 0.487826233658469 3.46455994033770 -0.608476971017230 -6.92701975838793 0.106923519412639
 -0.452249784789137 1.24654899079012 -2.23141938251402 2.04516053079176 -0.465329063282415
# movest_p2_a1:
 -2.50740935729627 -0.0403214361826976 -2.89830295779023 6.47509390219235 0.334517618707912
 -4.14574231814754 -1.03580715167684 -6.30423973710195 -2.34412400867542 0.789398127982150
 -1.44829301925171 0.0668814090497101 3.92727367549483 -2.59351671947399 2.68808876016458
 -2.93218835860428 -2.24246120477060 0.888866390582294 -2.70594135135448 3.50589683241054
# movest_p1_a2:
 -5.17763487886267 -3.41209255324789 -0.917161100303252 -3.53256644511837 -2.01579314732406
 -7.94858317737674 -7.67487320251306 -5.07614393411387 -3.68423217293196 -4.03327595144900
 -1.28685293387992 -3.04183054901711 1.38797252317659 1.06248402541226 4.79376113363051
 -2.86066896694528 -4.47817451737116 1.47856774803337 -0.686795496992692 0.231262120773861
# movest_p2_a2:
 0.821787195342324 -3.74765272033400 2.61525083690063 -2.35726695125761 -3.14440051041784
 3.18395918105790 -4.02905568901057 3.56943408788392 -2.66544523115898 -2.40581405883279
 3.34937431350396 0.765650655844848 1.08490663116858 1.39092978191412 3.45010809070999
 5.06202206766026 0.227279463968546 2.55983243372605 3.20348363614253 -0.570068892462629
# movest_p1_a3:
 4.05485397629327 -1.18431782328078 2.49283372951291 1.00569781310384 1.76152042335683
 7.43917711530636 0.0107006164011878 6.60154878051889 0.952118125278888 1.84756286309446
 1.82957886615895 0.309219587245243 0.598446621590675 -1.40910302647249 -4.54416853011590
 5.19460335724173 1.25817550553639 0.843683779106934 2.94988669891418 -5.08682482815328
# movest_p2_a3:
 -2.35039410277783 -3.15106916671713 -6.78618113350686 -4.82122475235257 -3.65935879158377
 -4.63719244953839 -2.85951028542951 -7.98293572973673 -0.145586236889859 -3.04445848335624
 -0.0816318826602238 1.59841948180440 -0.837405762491085 1.98307082706779 -4.10818288705909
 -0.993768635802592 0.903642269249712 -1.57453709212041 -1.41821651441799 -3.68168292375110
# lnqE:
 -3.98139002894330 -2.41180217670474 -1.62910324086780 -2.78416431241524 -0.870722487043118 -0.948267027779826 -1.81791175144373 -0.0996410720774694 -3.61198578513275 -1.85023527036830 -3.22066641641620 -2.64428181716098 -2.30085449454779 -0.727825055001583 -1.41503711795262 -2.95320846889655 -3.50787240889040 -2.16010629432085
# Fmod:
 2.09573419285295 1.07492462957830 9.00441358957822e-006 -2.47936264372255 2.21895053983339 -1.58112470131740 0.488881144081318 1.68961110322211 1.40985885644983 8.86132420923375e-006 -1.72184673755186 0.237318428167308 -1.09851449533669 -0.0421634601127077 1.35538293477391 0.254497732525736 -1.47784034684638 -1.69771693861640 -1.10861071268659 -1.86222415735105 0.379396923356148 1.50692062908108 0.641324067800049 2.48690305130326 -2.30455188946767 0.0827373804332063 -1.02591199416885 0.477408597981760
# visc:
 0.801582589636630 0.619170444608643 1.07838158002659 1.62680520958864
 0.598712601158593 -0.263525964093344 0.479453195923464 -2.99997210588085
# lnRD1:
 -0.629761932995957 -0.199787591385603 -0.0673015038492282 0.169412458063774 0.186676024056591 -0.244295314711863 1.50066729577739 0.110719651129853 -0.331517530658544 0.459240134319922 -0.294015340533576 -0.660036349212760
# lnRD2:
 0.744690625882905 0.238536252880628 -0.0427289474804531 -0.471383836221661 -0.434396232768465 -0.929047156496740 -0.878331574096626 -0.159987185702447 0.501427906615328 0.438479990553853 0.218925191257739 0.606266921765782 0.874737000151721 -0.289726650862245 -0.290589844541331 -0.126872460937988
# lnRD3:
 0.305600765987095 -0.335293360203658 0.687990313550049 -0.486223960082781 -0.172073759250706
# lnRD4:
 -0.355036088967567 -0.344447196575357 -0.483606384159374 -0.253465223073114 -0.293528991463615 0.0150067035343824 -0.152747904424210 -0.539159748085305 0.200296442093513 0.176775285521014 -0.300678295942649 0.634918306931799 0.749465537822610 -0.173096180069939 0.298183229272113 -0.713117286265023 0.0905906294669741 -0.122018987901942 -0.0690905550489471 0.814539111914602 0.846324472438436 -0.0435319165306866 0.0174250395122857
# FDY_1_1:
 -0.0381155946075392 -0.0380920430115449 -0.0381184069769201 -0.0381774867082051 -0.0381161574689536 -0.0381005496120755 -0.0380359024842521 -1.00485497133863 -1.03538848171293 -1.06710299574546 -1.11652906380461 -1.05837146777508 -0.927605841913459 -0.848385982756751 -0.740792476793418 -0.462707990428167 -0.365661963754564 -0.305649141424809 -0.352349332238211 -0.332180172627297 -0.317104503144518 -0.215262412460097 -0.229793378921472 -0.210412948061773 -0.140879027203500 -0.0133658273736957 0.000746321790013127 0.105962822910142 0.180955286372211 0.300248504441353 0.391058866869875 0.557754558204441 0.671208516254995 0.755636673660492 0.930065705232469 1.04122146081960 0.874285669520143 0.735617828072801 0.594332148437172 0.563539521112374 0.577453008592388 0.453714129235550 0.415890787684584 0.318538468189077 0.250709662916594 0.308903599371968 0.355618983379148 0.323027233087276 0.260512529576756 0.275001133475978 0.248298783517460 0.0869530023264161 -0.0683227810375722 -0.195958034016452 -0.301820269649324
# FDY_1_2:
 -0.0306791001104402 -0.605680054059284 -0.0307992653486357 -0.601056354383894 -0.626979524667582 -0.645138008815693 -0.0307514394891940 -0.645395510678915 -0.699912314833212 -0.698071756540800 -0.692549627358750 -0.619591897919022 -0.472489113919060 -0.381890097504119 -0.311612886085478 -0.131998390621946 0.0289839891067273 -0.0598999935844563 -0.107310701323621 -0.110207379380154 -0.0807485367932871 -0.0655190992582019 -0.0677825389066565 -0.0508236403844010 -0.0346971374233257 0.0614109208816557 0.130452737355392 0.291916704810743 0.323265855956495 0.355840548233230 0.320586380293251 0.412141750652268 0.435365716474494 0.464191954196368 0.558526606934056 0.442649879786610 0.340002046144702 0.301550683202561 0.259185730760682 0.320997239801556 0.442509845733895 0.366067598694749 0.330801215123317 0.371045272685994 0.373917413467348 0.378154412397404 0.353929323160202 0.336193463572271 0.281042824379811 0.249019031846804 0.159156117170568 -0.0367062656157656 -0.236154386267733 -0.289928882965921 -0.324531358583605
# FDY_1_3:
 -0.0246412740694304 -0.0246584915335914 -0.0246995829451439 -0.0245987900380371 -0.0246382227448604 -0.0246254862023758 -0.0246538416886823 -0.0246236852351302 -0.513114065778351 -0.462129711202813 -0.416779945783147 -0.358182737223998 -0.225939540741844 -0.138490813684484 -0.0744696960565083 0.0354874587788590 0.186536275512266 0.0588550170650633 -0.00216970021834157 -0.0321155521037497 -0.0272130495760862 0.00408316339336405 -0.0248830018584620 -0.0672940574178648 -0.0352123516105635 0.0672737971992035 -0.0246458888882819 -0.0246046408312381 0.311539689790690 0.259028727457378 0.203412060774167 -0.0246484252752623 0.260217712970573 -0.0246330089606428 -0.0246165973304031 0.0413847815738098 0.0409024957411919 0.0473277412262759 0.0746109280747678 0.195194970906207 0.272001486105525 0.203805150022972 0.261452890629639 0.419554772164138 0.390438568567378 -0.0246391661495446 0.299927413028401 -0.0245901101564822 0.250504692356041 0.167210332500100 0.00599072860462861 -0.235126246175551 -0.361176438770786 -0.373601080300944 -0.339325653890041
# FDY_1_4:
 -0.0273772935275762 -0.0274009469282810 -0.0273646977350517 -0.0274172915842892 -0.0274119036508280 -0.0274089790990637 -0.0273920347614578 -0.0274196464238952 -0.642248261688001 -0.593369600184279 -0.0273777955742631 -0.506557353767054 -0.403476709296635 -0.321683103111768 -0.211370375983919 -0.0892041074520364 0.0817536789707558 -0.0571885416873015 -0.0762586582957392 -0.110266235326024 -0.0934307548797888 -0.0555149964373360 -0.0892037023657128 -0.134920280568244 -0.0789224283504739 0.0464402456714266 0.118038902516503 0.291067027858373 0.281688757100508 0.282305801526127 -0.0274187742529863 0.327945577949087 0.317392217524174 0.380566803429568 0.358737056542915 0.00755812541573308 0.0774633518268206 0.114152752727847 0.137216195525050 0.249237490791164 0.173599317130602 0.149527583026934 0.202512883017886 0.307818554071933 0.303328743262133 0.223854956392597 0.249107516685265 0.301308756219293 0.215269340258302 0.127045030324621 -0.0765137713494195 -0.314535615572942 -0.390873955841200 -0.393855759404573 -0.411553090665479
# FDY_2_1:
 0.0811651281461927 0.00771680273720678 0.0205713837265425 0.0139102574504797 -0.0176292601474790 -0.0363986709614057 -0.0382722454778488 -0.0247013062943821 -0.0533958222985600 -0.0823126396604143 -0.112371112545554 -0.0565983582761840 0.0396065483166730 0.0759268586771906 0.0953107874114334 0.137271664347606 0.234690590494036 0.203964221950157 0.294957132466291 0.332775992687488 0.388442852873033 0.151047402590204 0.0722087019053497 0.191882110727254 0.141342633101385 -0.0533893551349642 -0.142070227373686 -0.302960073453142 -0.204192573220333 0.0401916120402230 0.115985820294870 0.299083024499448 0.0587296305094398 -0.0152011773566833 0.0488650917683220 0.0555739638066930 0.0709429347494437 0.106761957852077 0.0982477545177796 0.0831683990028864 0.0110430650610241 -0.0354030205411231 -0.00302159628603247 0.0116775972866776 0.0769601361805474 0.121915814047190 0.0533774150155608 0.0421502834583985 -0.110755480142658 -0.266386769864260 -0.361202236986866 -0.414733411035829 -0.416388977180127 -0.397402023319619 -0.632679232141952
# FDY_2_2:
 0.0264738573248004 -0.111872533579946 -0.124456406649226 -0.156992444904535 -0.212175617308079 -0.256516198214970 -0.263370604568613 -0.265201646683332 -0.294824121101921 -0.653093073817938 -0.273422799235111 -0.206782665240273 -0.0887447683458886 -0.0188433195133551 0.0524024534819431 0.119535285549446 0.230092608367683 0.172307034658503 0.193826729501359 0.213706393083911 0.278624878750692 0.0521482549271004 -0.0801556771838972 -0.0334310033853245 -0.0540478092785339 -0.0345722717318673 0.0870520506647121 0.286788376621155 0.301582679616644 0.500966543888996 0.526308759986589 0.608885503821819 0.248397874172593 0.0550412395991084 0.0330268502759929 -0.0189870470850970 -0.0635700565431539 -0.135383341308703 -0.159016641669929 -0.171611598684739 -0.171810239167987 -0.0986851235011337 -0.0426889256577907 0.00812817355101701 0.193202863852423 0.350334379901166 0.404509681444541 0.357279992277150 0.237789305057038 0.109209043456651 -0.0121337232666454 -0.157177733083720 -0.314740175802413 -0.485377590546786 -0.687935656772127
# FDY_2_3:
 -0.272501762762326 -0.336572122591821 -0.323512344184382 -0.364763534988723 -0.398938738316006 -0.434586134756384 -0.369583508140196 -0.372188076047945 -0.438180680247192 -0.495374074772331 -0.321887056317616 -0.266796732920846 -0.140626969391730 -0.0643665657978278 0.0354471974449009 0.122464201729449 0.254351861772885 0.219687214716956 0.258957802278335 0.275298770463117 0.127696658307131 -0.0384410092662009 0.00102624551894605 0.0771507717705582 0.0914950263648651 0.180896431254858 0.224462255513445 0.396368084934505 0.500075947007965 0.648232470642172 0.706687877838494 0.241172764663362 0.0493308270470987 0.0474448772576439 0.0851327174021917 0.107829139006534 0.0580509238974685 0.0720171869816095 0.0632169824224045 -0.0200696875823114 0.0309762544723631 0.0843546239182818 0.0203390620551121 0.139302721088372 0.345621257338515 0.389746877955293 0.368062688468247 0.222262760928705 0.115501606254554 0.0484213821132400 -0.0679268027634379 -0.209019944395049 -0.374515448435593 -0.572591177853864 -0.726641099297797
# FDY_2_4:
 0.0253326103807159 0.0134433002867653 0.0202774271437769 -0.0384708346656182 -0.0714556534628863 -0.0828865526085996 -0.0545161475900602 -0.0924688681549983 -0.205171980613659 -0.263013692151938 -0.130888711971981 -0.0911527846506251 0.0101494039024250 0.0554362608523742 0.112385205530757 0.142508268875453 0.243063811982430 0.181787457156171 0.233051502457017 0.238182580601404 -0.0269393121541177 -0.286963388660765 -0.0686039997422348 0.0359521567893677 0.111037828669100 0.180428387122269 0.258303613987164 0.335076852646618 0.484830523113356 0.600379682815306 0.716375029224239 0.0848290495317552 -0.173391140558137 -0.130510707503722 -0.122667760193701 -0.0656497475013853 -0.0821153421386174 -0.0217749690568270 -0.0584371625777913 -0.0758091406773445 -0.0351001183087685 0.0644007348420570 0.157402174999686 0.251582324521068 0.342701487716746 0.312582839715725 0.289567901399029 0.0603560208208003 -0.0748154188655543 -0.166970018322884 -0.299576509825194 -0.422977546861901 -0.595689475719813 -0.844099531242185 -0.979307921302266
# FDY_3_1:
 0.00000000000000 0.00000000000000 0.00000000000000 0.00000000000000 0.00000000000000 0.00000000000000 0.00000000000000 0.00000000000000 0.00000000000000 0.00000000000000 0.00000000000000 0.00000000000000 0.00000000000000 0.00000000000000 0.00000000000000 0.00000000000000 0.00000000000000 0.00000000000000 0.00000000000000 0.00000000000000 0.00000000000000 0.00000000000000 0.00000000000000 0.00000000000000 0.00000000000000 0.00000000000000 0.00000000000000 0.00000000000000 0.00000000000000 0.00000000000000 0.00000000000000 0.00000000000000 0.00000000000000 0.00000000000000 0.00000000000000 0.00000000000000 0.00000000000000 0.00000000000000 0.00000000000000 0.00000000000000 0.00000000000000 0.00000000000000 0.00000000000000 0.00000000000000 0.00000000000000 0.00000000000000 0.00000000000000 0.00000000000000 0.00000000000000 0.00000000000000 0.00000000000000 0.00000000000000 0.00000000000000 0.00000000000000 0.00000000000000
# FDY_3_2:
 0.00000000000000 0.00000000000000 0.00000000000000 0.00000000000000 0.00000000000000 0.00000000000000 0.00000000000000 0.00000000000000 0.00000000000000 0.00000000000000 0.00000000000000 0.00000000000000 0.00000000000000 0.00000000000000 0.00000000000000 0.00000000000000 0.00000000000000 0.00000000000000 0.00000000000000 0.00000000000000 0.00000000000000 0.00000000000000 0.00000000000000 0.00000000000000 0.00000000000000 0.00000000000000 0.00000000000000 0.00000000000000 0.00000000000000 0.00000000000000 0.00000000000000 0.00000000000000 0.00000000000000 0.00000000000000 0.00000000000000 0.00000000000000 0.00000000000000 0.00000000000000 0.00000000000000 0.00000000000000 0.00000000000000 0.00000000000000 0.00000000000000 0.00000000000000 0.00000000000000 0.00000000000000 0.00000000000000 0.00000000000000 0.00000000000000 0.00000000000000 0.00000000000000 0.00000000000000 0.00000000000000 0.00000000000000 0.00000000000000
# FDY_3_3:
 -0.543742767445467 -0.611733821533312 -0.602224586734872 -0.611754446630233 -0.630383218522433 -0.641625785484336 -0.619468558362766 -0.626336901336721 -0.654389712600691 -0.687875293347543 -0.615686980302068 -0.551730425741653 -0.442505578296168 -0.325556865477820 -0.221715441022814 -0.142083152781654 0.0760840860847320 0.153934524492514 0.153733233090671 0.179804564170945 0.160834925277141 0.140196604285063 0.189395341867157 0.219066006264931 0.147361747090438 0.0803036116219581 -0.102943822190964 0.0297563637874196 0.206092200049928 0.299428698768500 0.375689088024003 0.364239252984073 0.417275235711903 0.507044619532144 0.602976116044200 0.635854980112614 0.644388203081173 0.568026575821929 0.569668891180544 0.545033034410670 0.361527459943885 0.283203347783476 0.274611619902966 0.221876623000959 0.231826324902681 0.229145279142582 0.125318541999177 0.128468693507700 0.0470432204738448 0.0259023573160739 -0.0739888367308731 -0.0760895318413698 -0.0227225694507905 -0.138487026649197 -0.252066049244248
# FDY_3_4:
 -0.265303015943673 -0.294830427238670 -0.289740597384406 -0.304784266789831 -0.310220510489418 -0.289853250372421 -0.266587465240691 -0.290055099669162 -0.324290760706732 -0.332230486405241 -0.306936544569709 -0.181434418663995 -0.122708430234949 -0.0939500354735375 0.00181413804744316 -0.0288852242395948 0.207095949331990 0.339012965571028 0.314824932048012 0.291967786644451 0.217993395739176 0.131825216859606 0.224768913501147 0.333772221589750 0.185143398010074 -0.167957684283781 -0.505594510639258 -0.395815309524922 -0.0835873502769520 -0.0479891609804089 0.242569607173407 0.131950631530363 0.259388906470826 0.315913702862877 0.469383213059848 0.660677225383225 0.691244379726926 -0.0451932598325443 -0.0452162863245925 0.500295153639657 0.315057334003175 0.336922377208816 0.169516241520396 0.191623694011504 0.185765725036631 0.168326864880371 -0.0212365379235911 -0.136043839847004 -0.287824222511480 -0.309127636451205 -0.380653131951560 -0.311142763688042 -0.0569130845913365 -0.151422211123820 -0.239326450478170
# FDY_4_1:
 0.0520597273125422 -0.00593328925551021 -0.0358272015981138 -0.0811997326272807 -0.107429052408465 -0.129643884071489 -0.124465752082297 -0.110479555037778 -0.0860075158000389 -0.0555677266511137 -0.0520391957956357 -0.0238182684205246 -0.0152863856669019 0.0278159464579672 0.0689056215417378 0.107848173958824 0.135179500055504 0.168370744794979 0.185830057582055 0.203684854920952 0.193501958491532 0.136764038993739 0.0369402598695785 0.0154009566530637 0.000963420802573464 0.0179458817971924 0.0492207705578555 0.0563794149861205 0.0603099748250073 0.133368830715344 0.148190171317224 0.233490257599888 0.165730989480398 0.0727930278089477 0.0141382165870973 -0.0243589431714082 -0.0705815517777054 -0.106873635196179 -0.116453457534721 -0.123324896971331 -0.137022733601183 -0.121313573468714 -0.0517246881506595 -0.00820452065568159 0.0920574218990617 0.177437228848804 0.223072520445930 0.235566590110609 0.178023856018724 0.0633176943024549 -0.0669549832068397 -0.213708135619372 -0.345927220695155 -0.457090717591927 -0.583071491679682
# FDY_4_2:
 -0.0521115267709057 -0.103353564237297 -0.131869908591774 -0.177738659014576 -0.204487222715583 -0.226588707165024 -0.223256992859063 -0.204882296686398 -0.181269419031471 -0.149515892053626 -0.126110766528346 -0.0945120401448755 -0.0734528184638276 -0.0255934495910989 0.0186593224676915 0.0659553947611643 0.102585704429135 0.165865535950110 0.216051620493510 0.245590874055825 0.254155705909958 0.101166384908649 -0.0628324425019159 -0.0567265771121349 -0.0612306953241607 -0.0328015622461241 0.0288939792284614 0.0585660442167443 0.159168504605600 0.337676824218433 0.425913454010101 0.591789342615318 0.323384604867931 0.0985410809073274 0.0153777997551415 -0.0538610254737183 -0.110926402314049 -0.157896536376141 -0.163891606471463 -0.176076134637458 -0.194664758839093 -0.171636496184803 -0.0760499135139276 -0.0260592639445300 0.118500330844074 0.270587431793986 0.329460838191128 0.372611449237617 0.278371692210110 0.137189340323117 0.0120735134230067 -0.145000616063247 -0.277669993627802 -0.397390506042714 -0.588678978896991
# FDY_4_3:
 -0.0745421121025405 -0.123643672690148 -0.149049230160742 -0.204872852854596 -0.229775839457045 -0.255625464926969 -0.254252028812047 -0.233626666667205 -0.210140984267985 -0.163496323301259 -0.129263790823659 -0.100846312077036 -0.0786976483656312 -0.0322377318110722 0.0176040108871647 0.0790272941616375 0.123162106789585 0.186036791959645 0.220037266080234 0.248193597508192 0.197258915282286 0.0386022139015447 -0.0791409854189966 -0.0561044080803954 -0.0455108735276084 0.0375211338882038 0.126266360512062 0.186895818117116 0.267077591738299 0.416453763070303 0.494013304639638 0.500968232706757 0.231928564214342 0.0490308255770640 -0.0159197615765867 -0.0776441006359903 -0.127189345241825 -0.167729742293354 -0.169522185478702 -0.175530664350552 -0.173282035171603 -0.123551929704093 -0.00490260203112380 0.0425640364496058 0.186059576271208 0.302419884421297 0.371684325703004 0.373204254778198 0.279718263822428 0.144327161590689 0.00174775263402017 -0.174240773573866 -0.333194877383467 -0.487029337741679 -0.671238766176747
# FDY_4_4:
 -0.0637228176587172 -0.112045882272633 -0.137167762333798 -0.193540644540581 -0.216111887147673 -0.239882828407432 -0.239599132275993 -0.220582549513676 -0.195331829199699 -0.149241994709037 -0.114730173568628 -0.0872571505950559 -0.0632702041214383 -0.0160434255822672 0.0354456701468606 0.0868812655745515 0.129709200741894 0.191257176885155 0.220241067822449 0.246581316338283 0.187483590789478 0.0396426032223605 -0.0699189833207090 -0.0431044078865386 -0.0360344839905553 0.0510477383950778 0.136188202304949 0.189826182923014 0.259250160533709 0.393226997788873 0.461638625371242 0.450145644588068 0.199494049857973 0.0381747538377499 -0.0217254139874179 -0.0736223329675341 -0.123553230790917 -0.160475088472676 -0.157692788079488 -0.159955455677729 -0.156805290649504 -0.110821763119942 0.00718722169466514 0.0496555549092601 0.180123823935862 0.286887507250576 0.352188611851543 0.347960327776156 0.254049752001999 0.126253181234971 -0.0168900249922521 -0.196293141370014 -0.352560004538242 -0.511210814130471 -0.681348721876104
# FDY_5_1:
 -0.0403307310046169 -0.0402705234454795 -0.0403750135556269 -0.0403223970003133 -0.0403246233326105 -0.0403288687060588 -0.0403188620161199 -0.0402918165560378 -0.107890591148107 -0.0403583951541205 -0.0403365041157118 -0.0403428555910726 -0.0403426730990768 -0.0403936884317844 -0.0402974959054419 -0.0403167679238506 0.500968991425538 -0.0403046689722979 -0.0403885957522077 -0.0403597176842716 -0.0403819466877656 -0.0256575418168286 0.128050237144988 0.165349687179543 0.135929669697723 0.243086737983156 0.405527385338167 0.784094289870001 0.175060499247036 -0.211483221133912 -0.467615745126562 -0.0403129496304962 -0.0402723635618152 -0.0404115978779114 -0.208420985448470 -0.150841254259630 -0.0807518215397503 -0.0980270099089032 -0.0403423523507991 -0.0403523806931468 0.207983883879936 -0.0403382623720541 0.208108091870493 0.307600699801918 0.267047846604290 0.0388178972243302 -0.0403951812720243 -0.0403678809848520 -0.0403082063803080 -0.0403818985368663 -0.0403560972686084 -0.0402690626069875 -0.0403653231548696 -0.0403761933984983 -0.885701851861254
# FDY_5_2:
 0.362785040755950 0.302046878440479 -0.00429087358805610 0.322431427050858 -0.00429656746134185 -0.00428824096412924 -0.00435043359802986 -0.00426403576757103 0.413359682486963 -0.00436346657012428 0.398977516644571 0.413299489071820 -0.00439767351063732 0.250974964994944 0.0309296453517371 -0.00433776188058473 -0.188052000314177 -0.125438314949779 -0.00433657772447112 -0.00434300673216267 -0.00430186842597887 -0.00439869163316583 -0.00436395295110511 -0.00427244890727948 -0.00435514152482405 -0.00427989689527915 -0.00430652657205396 -0.00434028261052596 -1.13980684494996 -0.00431073661932743 -0.00427614494237168 -0.00437337924291178 -0.00433361411206586 -0.00431230122626033 -0.559929607829804 -0.00433557550640614 -0.300459890418271 -0.00435382344235954 -0.00438745319640062 -0.00433498064817858 -0.00424722689247033 -0.00428499889268682 -0.00429991168903306 -0.00430271108345778 -0.00421503182620938 -0.00430446138670678 -0.00427029645628604 -0.00422923150567541 -0.00430343218224912 -0.00428908899351107 -0.00430373298617134 -0.00427744127969539 -0.00426297412290019 -0.00431087242779501 -0.00431111835688010
# FDY_5_3:
 0.233456089489971 0.173809136479841 0.102286809643089 0.150360387900690 0.121731342284819 0.130599412846915 0.150566398809294 0.173135504253368 0.199803052468663 0.243039560948111 0.299780597047485 0.342635585500854 0.293388136674181 0.325284245355854 0.435249111503188 0.508143501133414 0.373859319379171 0.187848020176670 0.153136401107637 0.0965110224205395 0.0202112637023138 0.104933199791303 0.0202095609860854 0.0201977265565566 0.0201995038019599 0.0202288025301217 0.558477128527148 0.153203633776517 -0.200722730238725 -0.310774413755025 -0.466617608854063 -0.612177967854316 -0.548908084718827 -0.292349507837255 -0.153878472605677 -0.00589843214907507 0.0504706800287006 0.143075838575019 0.245166927310543 0.316974548971885 0.361330796451631 0.406677119632610 0.457430647359759 0.250100314849761 0.133073016831190 -0.281944884184572 -0.165853555450574 -0.229545464190264 -0.304380629198260 -0.386987274292915 -0.538209365173387 -0.711670668645852 -0.899216052961812 -0.947174064561315 -0.920275168434946
# FDY_5_4:
 -0.00136085154475173 0.195290955033978 0.245621551265381 -0.00152946173500068 -0.00159651627946255 -0.00171816473986530 -0.00158600407879083 -0.00148182814356056 -0.00144933744097708 -0.00153198617544225 -0.00134038751444409 -0.00165339830905131 -0.00147603751867164 0.359411705900421 -0.00129241319216577 0.386046312400782 -0.00138796097806770 0.418515651410584 -0.00149591726470854 0.425619257387738 0.107386308556796 0.0667055548373069 0.321273774326226 0.315139074183216 0.197388735697897 0.120147685491553 0.00883043469314904 -0.0224847564520761 -0.0376574977295242 -0.0296970326768516 0.0124689764904739 -0.259685842338627 -0.317247472393218 -0.0691455260263055 0.00960984406121702 0.193849965515290 0.195928750723856 0.328766213367412 0.350427146686115 0.282828903419221 0.266947678383295 0.211106297386229 0.272651076357194 0.199732757152855 0.128201418499432 -0.138627693649449 -0.213259703337070 -0.344411599988277 -0.420435675845095 -0.460392324565375 -0.546462073135296 -0.570576287474298 -0.619644841499051 -0.754521284682317 -0.794746152519825
# FDY_6_1:
 0.0287844474457420 0.0287760048128212 0.0287911732425015 0.0287528293912288 0.0287967530779352 0.0288096497097084 1.00175643746017 1.06154141925363 0.0287428426317703 1.17873323231599 0.0287793669785093 1.08608653578530 0.0287551847408561 0.0288108666476926 0.0287612490604244 0.621058463165775 0.515052432752202 0.0288358243897762 0.0287099575283530 0.199147078836660 0.0287416265104857 0.0287421430638236 0.0286311604862955 0.0287313900223344 0.503481139738839 0.187236243495925 -0.0711542913274480 -0.265040268417716 -0.489988366159653 -0.612480230646758 -0.738250940277027 0.0287653720392530 0.0286762617540942 0.0287722712449308 0.0287783159145117 -0.0360210286864776 0.0791366607289786 0.0287987438175848 0.0287815840791058 0.323622002961771 0.299601499087567 0.223401226414149 0.130819068665439 0.0309307886516196 -0.111866005029897 0.0286962105720535 -0.362272038843516 -0.453765431868153 -0.505027098603068 -0.576875663526619 -0.669072825968236 -0.758075373164622 -0.826349394350646 -0.862257486073516 -0.793329015532455
# FDY_6_2:
 0.995925484516844 0.888769339931649 0.981555742557144 1.00561880471352 1.03214376540152 1.17945813267754 1.09788226837618 1.06359927778942 0.983821778336013 0.963046349680106 0.893950461131283 0.936315652495447 0.953969872027378 0.622358291201165 0.269897337092502 0.0250120415057452 -0.147670724319793 0.131600398430858 0.597094726690074 0.532233262686167 0.466236871987081 0.439339588074262 0.413504431729640 0.660991778084852 -0.0246249597981075 -0.610794942584284 -0.949903264114072 -1.17172040437082 -1.11252800456712 -0.865323924607629 -0.802375753753757 -0.687028226999341 -0.582044693815521 -0.339664316184214 -0.205221270369062 -0.0879043396755220 0.0301706056374925 0.212905206904300 0.121183686744942 0.00176027116467239 -0.265166551087341 -0.531935921089196 -0.560342221288454 -0.715562291242002 -0.652319245474721 -0.640631325397590 -0.704532171750733 -0.751551948199824 -0.838518044428990 -0.953192305696085 -0.935390308665547 -0.906322604750909 -0.715775304757824 -0.381910927562901 -0.360389431016441
# FDY_6_3:
 0.587862603729708 0.601121331729481 0.881102876352656 0.888665300976839 0.921544676541921 0.941053972812481 0.888504254188708 0.918108267871776 0.936834501405123 1.06329444656814 1.01283543732108 0.953737555893589 0.683576932845576 0.569127087701765 0.417865498573791 0.361514920906790 0.250159016711013 0.158261497014695 0.0728359302952144 -0.0170600523921449 0.209299632713009 0.526527010370371 0.576078628573471 0.339822335109991 -0.0626801207590300 -0.359779283042062 -0.577584832467178 -0.737088456002265 -0.892982094041989 -0.890549710302325 -0.963398920796587 -0.812363575081192 -0.641363797667663 -0.424768116084179 -0.192669101893322 -0.0228256510365868 0.130513450790980 0.165881715152479 0.241971312276588 0.171353261162512 0.0348592815166941 -0.0842431918435003 -0.124106941539781 -0.353420677946390 -0.480669661871292 -0.601689730349805 -0.691600754842032 -0.723466247010154 -0.768447345656098 -0.814769665693476 -0.859451639852907 -0.912614554457632 -0.915021323559707 -0.841381331170411 -0.738315959746733
# FDY_6_4:
 0.854031733114906 0.851706875954824 0.759642463046146 0.885112470140195 0.929737706638700 0.968448964445909 1.01647410355522 1.06859630194525 1.10297427473994 1.07590705788790 1.03909583495946 1.02124786131595 0.817463824260872 0.589645766396465 0.425596502728361 0.284146073943692 0.211821635035663 0.120878278515099 0.0166510749111939 0.0226466782923429 0.0302219724660471 0.610592167192428 0.603957063654873 0.212031024805825 -0.315482258048489 -0.409575680110845 -0.570572248309288 -0.742340899461305 -0.897197963567961 -0.932881094765398 -1.11424912181343 -0.833080106563733 -0.579025430976345 -0.406968945277128 -0.151352257842584 -0.0326982275224090 0.121968973759666 0.177277372557731 0.258056418632319 0.203749297337480 0.0655008274134337 -0.0832727720736346 -0.124330081563684 -0.370386840314955 -0.505639088530844 -0.646911401744306 -0.722344939854594 -0.752728079560825 -0.797157539021704 -0.880673353639491 -0.922962689803931 -0.966439951164471 -0.945371686437758 -0.878414992121835 -0.763122949556933
# FDY_7_1:
 0.0751506492547458 0.0303056842460991 0.0385653361460019 0.0528523198294115 0.0535766335290688 0.0596183691287102 0.0349809610077063 0.104864686051062 0.167810746832393 0.216986571863393 0.426214155430129 0.466489381589398 0.619323200882818 0.501356115186936 0.353234058708466 0.334189008694300 0.323376922100517 0.331219512720251 0.322057254194434 0.155069037961164 0.202320958070731 -0.166164176778947 -0.186825827281585 0.414126732364931 0.388807676302262 0.360011041704344 0.443453121304525 0.344505392030796 0.432987911454170 0.115120751869533 0.147314905912303 -0.0787324310644824 -0.660479493771641 -0.670199732362788 -0.360144624478316 -0.253750163500047 -0.104082483212243 -0.0152443638961115 0.313570020585331 0.340153321314277 0.328449975275399 0.354691823249380 0.828114512167621 0.345507624044058 0.0263669473656893 -0.144982430693221 -0.340362034678705 -0.453627929221155 -0.635646235734133 -0.724673599358179 -0.790559856975618 -0.934692169810064 -1.05642911904316 -1.16752615190767 -1.30862049660429
# FDY_7_2:
 0.648385964184497 0.609767520204395 0.620350632405794 0.608922945735868 0.611351069247440 0.608337959235319 0.668684741480934 0.737006518006000 0.804800541403121 0.911670964968072 0.911914873835904 0.890922116929636 0.693261194583323 0.563963388154471 0.564179812066877 0.530968552488773 0.530174239229898 0.292543794291564 0.0364849833504923 -0.0319032756427742 -0.0649413815487261 0.133911222755751 0.497385363695842 0.199366444325674 0.0304120543961570 0.00989541859947531 -0.0855863651454953 -0.102305904422498 -0.481647246507261 -0.699152926937669 -0.821382784139380 -0.875294227057752 -0.782619207205963 -0.569919533296392 -0.354771942229489 -0.146974815950882 -0.0370356684387953 0.0258060213557547 0.138136386491182 0.141130144298815 0.134782633828856 0.180848626648590 0.199186399055134 -0.0343239521989744 -0.260310006440300 -0.466250820367712 -0.574196870038989 -0.682061686921656 -0.719900202267519 -0.725147053935095 -0.821413769317862 -0.926954648031246 -1.04624648653189 -1.14277347501827 -1.08143827766101
# FDY_7_3:
 0.170680508905878 0.157321204685280 0.183484177448736 0.167853332466415 0.168124997749471 0.134916063650894 0.169642122438449 0.209317093987580 0.273694938224059 0.575293528682145 0.580851910717103 0.690303963710560 0.519264067930315 0.437673343322390 0.375653809842072 0.403344679330973 0.425655772603810 0.375352740882110 0.257434288156876 0.243996622327500 -0.317503299721069 -0.371524427499470 0.230137747875342 0.349946188801799 0.349917304173753 0.416439300444941 0.259318088249131 0.367595853900618 0.142809592353647 0.0651949089941680 -0.0988452045824582 -0.826422595447884 -0.920776189755687 -0.598060683341781 -0.417421837932466 -0.167718278606923 -0.0543155176257553 0.264794447102923 0.428197748311016 0.434934351211895 0.482867149743363 0.616452936959183 0.737964442777714 0.224343476256890 0.0334236317599991 -0.248997524445978 -0.382154177902524 -0.638199015589470 -0.717964893956508 -0.721602645797175 -0.840729477641139 -0.955029607112389 -1.06784275217053 -1.27789887984300 -1.30118932700678
# FDY_7_4:
 0.0525753019126748 0.0607587084081555 0.109682362840176 0.0951289605838012 0.105902501151533 0.0452741216022922 0.102196757519458 0.153652644930136 0.198722937208176 0.557218829386447 0.590255200381444 0.825839600561042 0.586968625156688 0.400281206160013 0.324319314261829 0.347373694224358 0.373619392744521 0.432950758397313 0.243533341339206 0.291567729302797 -0.304592270409238 -0.353129033842307 0.428018369851792 0.553401132580042 0.488781231428029 0.592047650031879 0.371492229947188 0.688311662118035 0.283500586400176 0.368908934296972 0.0144029400323390 -0.800714968061651 -0.908038240993673 -0.536078180541931 -0.386662191530144 -0.129730940956154 0.00678360057525612 0.549763972556974 0.646300218655656 0.611424336258296 0.606776711275503 0.591353014544424 0.639328869563525 0.0461147141954740 -0.168758844278557 -0.436023288799688 -0.573550161939915 -0.808195650313251 -0.882148169253801 -0.887752579579956 -1.00367738569511 -1.12027312836072 -1.22544317146228 -1.42116381931214 -1.43860013705310
