# Number of parameters = 1827 Objective function value = 27960.4947406707  Maximum gradient component = 0.000539774661105905
# lnR0:
 12.7094672967987 14.2191891096410 11.6859052082753 11.1215736998336
# selpar:
 1.25643219405036 -1.00072486216386 -4.06512204177320
 2.19218010562708 -0.959874079893646 -3.96144738565385
 0.632150708694795 2.33966893143744 -1.82008164392650
 -0.327144924521598 -1.48718323443680 -1.42484589276239
 3.67135964442742 -0.837042808834562 0.00103776489774443
 4.15123124141186 -1.10078070549194 0.0280043533542962
 1.94845346774633 -1.46742288035943 -3.72948040356821
 1.82575648509420 -1.16545109043751 -2.67170482142235
 -0.913348288747848 -2.24804407240063 1.92362682196939
 -3.57342856617879 -1.90041001602026e-007 -0.588821733224837
 0.335770102674764 -2.08381645379057 -0.848621549178231
 0.0596187028877058 -1.83401721287389 1.44620972206143
 1.98991528761859 -1.64067771969319 -3.57626503592814
 0.107206292776958 -0.268467011844776
 1.17791451954364 -1.56554473201837 -1.87380550901864
 -1.03481257983151 -3.04345237059512 0.203755152990961
 2.23444660775333 -0.945843609824650 -4.00763932521984
 0.223356007286240 -2.00570040134281 -1.15967174770118
# movest_p1_a1:
 1.10966589844973 -1.39576019323581 0.620218702633418 0.0778883442462792 1.07028209294216
 0.304257644743354 -0.567922015772552 0.950574558437369 -0.401265798334864 1.44688612721845
 -0.521153214792491 3.21925007947354 1.01670344760665 -4.28128441631753 -0.832223788695075
 -2.70690990690840 -3.08002247154726 -3.26745712942426 -0.794722485286968 -0.399627409051626
# movest_p2_a1:
 -1.07983389460032 5.84302483891012 -0.223669949831144 -0.121241822050822 -0.197355761620665
 0.241084210325514 -0.00528463087018682 -2.64310408843637 -0.242439436889671 5.20227866999263
 -2.78759142928185 0.391613086438925 -0.0708654426912911 -3.73873195082510 -2.00632615352587
 0.356557466668445 2.28984404532456 0.676459943769350 -2.50732584346944 3.61343418240719
# movest_p1_a2:
 -4.03527173296716 -2.38787830605730 -1.03243894884766 -3.32180083551487 -2.99390139445246
 -5.63080692192255 -6.66989224963864 -2.62404100262190 -1.71928817222763 -2.64118673679806
 -1.31499724960747 -4.81524776927185 1.80132081877733 -1.32517723136612 3.86988314269895
 -2.67035143464869 -5.35023713159407 1.29571164181917 -2.50991378792731 -0.338831314118321
# movest_p2_a2:
 3.05893260541427 -1.63517064732002 -4.22103304803669 -4.69160055446389 -4.56075862231326
 1.01323945408594 -4.24749773624414 -1.01706898009487 -5.77020591329720 -4.95727709800630
 1.29596280422849 -3.15590575669298 -2.61149425975995 -4.04061654594670 -1.64971468188236
 6.00211281075106 0.782062672115558 0.0636561276432648 2.44951721884109 -1.96607809842352
# movest_p1_a3:
 2.85474684315189 1.86163963694342 2.22765006458225 1.42150813873532 2.73595417505034
 4.09040304136271 -0.200447123645261 2.37522282155869 -1.84014936286066 -1.83322412254401
 2.25913934956603 3.37289082532541 0.652575839112204 2.00992362385077 -4.54014777692372
 4.74424266073521 1.48779434744375 1.25077060730698 4.77629894559032 -4.10700538283895
# movest_p2_a3:
 -4.29949222758169 -5.07302416854560 -3.14582443340811 -3.86757315175892 -3.76911589771374
 -2.62788219531144 -3.03896673296615 -5.32358637248861 -2.70093832085387 -3.52043493449359
 1.59643194246924 4.99354469212816 -1.34391825092498 3.17909727775774 -1.23104779276384
 -1.88793058391499 0.570137208938529 -3.49416131608226 -2.30201054431996 -3.79361036889732
# lnqE:
 -4.43879612332657 -2.87629070888092 -2.62977098571506 -3.68199980940673 -1.37649075800607 -1.33057459949994 -1.93790246953501 -0.493899861825911 -4.39467833548086 -1.69680717360237 -3.69421694702671 -3.22274702881551 -2.45904792680766 -1.26322790762161 -1.53023866057346 -3.55527062786526 -3.97440835605375 -2.56538605172366
# Fmod:
 1.29082969871242 0.969040006963749 3.22329756219375e-008 -2.22327780666103 1.86597923667903 -0.445571486455588 0.162236508622947 1.27354272346102 0.983984425616132 2.94073940754203e-008 -1.36238274314113 0.181645929069030 0.220906857730246 0.138363981816976 1.18827450323163 -0.228795522370298 -2.15138790816598 -1.53360940952418 -1.58196415283703 -0.704467826151200 0.127438449391967 1.27266744594867 0.290542488336460 2.13774641139362 -2.14433964363252 -0.00676996609036329 0.113805726483564 0.165562009931490
# visc:
 0.705819618658332 0.525733750862557 0.988921275465441 1.59753855132615
 0.405767367398958 -0.487084722844798 0.135329702810959 -2.99999919105780
# lnRD1:
 -0.794152418824380 -0.483831135361465 -0.244053694195715 -0.0929648466012595 0.106527444361480 0.144277933905953 0.0950007419669815 0.246143549708919 0.0677994881942100 0.867427659413985 0.706253024320416 -0.618427746889126
# lnRD2:
 -0.0449462258100960 -0.221492113009349 -0.496306485250671 -0.204635212141716 -0.405151011173185 -0.438689320487956 -0.381911170096382 -0.256741655907952 -0.125168604855506 0.0556886928951262 0.309276930990252 0.390017182602561 0.959878864708718 0.333285581866954 0.551373936974513 -0.0244793913053106
# lnRD3:
 0.308555744029236 -0.381301510302743 0.405590157316280 0.0219786753209495 -0.354823066363723
# lnRD4:
 -0.145607523878833 -0.128484652410164 -0.296212923602382 -0.352350525045704 -0.511629538097309 -0.415766915372859 -0.213503216633937 -0.520644520238056 -0.473908471981859 -0.0436463157206547 -0.388447358125031 -0.150366180699343 0.226998224538502 0.0941378376710139 0.385808957065495 0.127045542191413 0.350760673629743 0.267866329550213 0.224057575587796 0.758127065564198 0.929297154918111 0.230464986662547 0.0460037944271003
# FDY_1_1:
 -0.0234696048112864 -0.0234696047021301 -0.0234696136563071 -0.0234696474152103 -0.0234696617598913 -0.0234696093472491 -0.0234696308351574 -0.338865085180407 -0.375411766442871 -0.403003114755041 -0.445772183079616 -0.435427249300782 -0.386259834883744 -0.350108971211951 -0.289983009850418 -0.214829418799553 -0.235877777458301 -0.251906853319515 -0.260914514940204 -0.272115280393019 -0.283537487524793 -0.257016033466501 -0.260313667717570 -0.247296593181056 -0.220202202306455 -0.151093057995989 -0.130153860865395 -0.0731343531895470 -0.0353501654499797 0.0473290824436758 0.106774048211070 0.165424975803524 0.196770828882320 0.245263801909660 0.326402662217971 0.388811167332709 0.424606234406853 0.416156529175319 0.365199687250324 0.352466127391480 0.361838239219841 0.370254197112032 0.406947482739012 0.418498835434011 0.403270269256223 0.378583186008013 0.365851243726907 0.298674108777608 0.238740322805502 0.184035145842739 0.109080556307937 0.0105449239479038 -0.0820890242634911 -0.170996531186062 -0.245578246913140
# FDY_1_2:
 -0.0231552708035959 -0.0974797486758567 -0.0231553570341564 -0.157245492061979 -0.188000414028087 -0.211108999688636 -0.0231553616865584 -0.254125803824241 -0.284460132885532 -0.310152462864749 -0.346972769899139 -0.325970286326373 -0.259727688250908 -0.208218458808768 -0.175284434818309 -0.155964681514660 -0.123172105076629 -0.208679919294177 -0.216914074323157 -0.229881956376181 -0.222003642393977 -0.224320567184698 -0.215658204710052 -0.197402018828736 -0.184037072075493 -0.132502786460397 -0.103615734232303 -0.0459116502320990 -0.0116862215021353 0.0658273101608136 0.118395678751897 0.175648368382559 0.196311588840374 0.236817216288956 0.324283494203188 0.374093351917992 0.385841169717129 0.378161966087602 0.329881152018995 0.321172336576968 0.324003390030421 0.340574387329230 0.366665948837919 0.378920045785577 0.357549086682501 0.332644561710849 0.314303077070335 0.242008976699918 0.174729026449397 0.115196450098539 0.0387576536467341 -0.0513572478773797 -0.143996906424777 -0.228798590728906 -0.307670176395250
# FDY_1_3:
 -0.0216049899006897 -0.0216049929373415 -0.0216050022184631 -0.0216050029668183 -0.0216049709768387 -0.0216049875930325 -0.0216049792758775 -0.0216049931366470 -0.219210992864613 -0.242896792370701 -0.249610154137290 -0.237757275520622 -0.183590575199661 -0.149201513919753 -0.120994997076821 -0.100654926870170 -0.0692363215801673 -0.155589901843883 -0.168036746656732 -0.183240432123515 -0.175355523644591 -0.173029605119210 -0.167125069682446 -0.156622465119704 -0.142793909403053 -0.0915160487562806 -0.0216050024877882 -0.0216049810180670 0.0226165237081940 0.0930372109358105 0.145683683604881 -0.0216049970049216 0.216459809236942 -0.0216049917272384 -0.0216049852337624 0.346222921464257 0.349079804137881 0.353919781571408 0.302254281705533 0.283015668644235 0.288182616021830 0.287303641424324 0.309257124044550 0.334658130143502 0.317062254414469 -0.0216049931010186 0.272242329249421 -0.0216050135052293 0.136431845652612 0.0739747331598558 -0.00151427876516971 -0.0837484267051666 -0.157755677105743 -0.245725088036027 -0.332120753534652
# FDY_1_4:
 -0.0231394290209548 -0.0231394205410136 -0.0231393994449394 -0.0231394197185720 -0.0231393924853589 -0.0231394107995527 -0.0231394146436404 -0.0231393947433749 -0.341197012272205 -0.374829882320233 -0.0231393942484633 -0.345211540374578 -0.296145698052599 -0.266583294373884 -0.224260509831446 -0.199157799263707 -0.143530905171874 -0.236977392526689 -0.231637814020165 -0.250133589283742 -0.244722324712067 -0.246849563441641 -0.231965766723142 -0.215083290665035 -0.195748545774945 -0.141706101591794 -0.106979107986309 -0.0446592695777964 -0.00215522561672592 0.0956030753647012 -0.0231394089280248 0.182609684245426 0.214407241507204 0.274608840531621 0.411128839200018 0.395064681121505 0.384330177073620 0.386210857458650 0.332525926987955 0.314304749671908 0.297040376156146 0.322978597747662 0.301233744697306 0.300276331757867 0.301620942508875 0.274473592244951 0.245359057805778 0.193486931411142 0.141345581916557 0.0882744391598442 -0.00702275319488037 -0.0989844660062756 -0.187743222753464 -0.253754768124030 -0.338449740335612
# FDY_2_1:
 0.311966766804615 0.227236848181370 0.207480771221418 0.176101305422779 0.140926000839917 0.107696421982034 0.0846692413804869 0.0684371368734265 0.0381853642115625 0.0178888674036378 -0.00154495469719521 0.0108897246055014 0.0457568632195356 0.0606118451325316 0.0888119662247922 0.120974639120219 0.262706016000799 0.0988901941909467 0.0854141623879724 0.0777224319903727 0.0850398021200850 0.0390669360905969 0.0513612687473806 0.0580056733041941 0.0413697643668341 0.0429705621164381 0.0964155536961425 0.112810583620880 0.0999883295897027 0.138264335971444 0.121232197838875 0.183668264548685 0.136639706484558 0.117035904920637 0.136146472635494 0.125085403174704 0.0892869958016583 0.0617206086109866 -0.00122495606194143 -0.0514482971272729 -0.0877350206873350 -0.104092756859553 -0.0920507687685525 -0.0742064471197416 -0.0652524745146758 -0.111849761450697 -0.176611567032514 -0.116527451303326 -0.167519916795945 -0.218285647119974 -0.325028053318022 -0.415986709928089 -0.528399749926944 -0.638303418548781 -0.792406979572652
# FDY_2_2:
 0.353798575648967 0.246632778797094 0.253710675129462 0.211511147872567 0.162554334553770 0.101310863254303 0.0737060520353287 0.0835355131477710 0.0686292495134088 -0.249732051637302 0.0583973361650535 0.0897707002122169 0.0808998480869009 0.118967113368191 0.150567326340441 0.184876335207611 0.231277798338249 0.179049527346498 0.170779139376061 0.156895032170263 0.173801876492782 0.138277536394533 0.113825854893859 0.114687851104413 0.0882482354586555 0.0582349152930065 0.153049959057972 0.204822374893984 0.135793081322252 0.205902225191782 0.153454601553627 0.234745684156954 0.190600687159977 0.124927014481249 0.131602923319384 0.115231574125780 0.0527263974524931 -0.00495689852252912 -0.0674328209989054 -0.168454516141906 -0.216852414539580 -0.240639349135100 -0.263292117381855 -0.320114239750429 -0.218125111731572 -0.188799282118411 -0.196511050704449 -0.195325821634595 -0.197171384236312 -0.233163395731253 -0.313632564944489 -0.394615655941298 -0.513671766782107 -0.642079197361905 -0.742232499622858
# FDY_2_3:
 0.0709986730148241 0.0226945709190293 0.000327246798640940 -0.0412178752377411 -0.0751536039158808 -0.124655300248135 -0.0827410492060251 -0.0952363262371870 -0.133328824286403 -0.153245414221113 -0.0575108832762897 -0.0444990928506682 0.0232315504581745 0.0649855609708995 0.100614664560270 0.137117927282410 0.186162164826621 0.185732175472022 0.186788037915235 0.171477122353725 0.177690127313200 0.139605295275350 0.115445894673885 0.135977414911383 0.127737034421365 0.165812324018431 0.163497967070633 0.215799866293001 0.205847397479663 0.273928320063964 0.303743391396698 0.270749168718758 0.215831019355864 0.209740277386924 0.231772148010813 0.241968375369299 0.186625999232097 0.105183718360014 0.0456346142741490 -0.0559482756274031 -0.0904944327262497 -0.126440650168787 -0.226557455265172 -0.220934572617129 -0.121387324986982 -0.118982424059027 -0.122823892588216 -0.132550728087912 -0.144918947932795 -0.175324211629860 -0.243640447619850 -0.362151845081747 -0.482314477328825 -0.576024109889208 -0.674637883108738
# FDY_2_4:
 0.393311178070580 0.357693144827353 0.340285949910495 0.271655555675431 0.237867545139135 0.231515632646215 0.237450242534271 0.164411836074313 0.0871000651999220 0.0836958540788620 0.153262007645677 0.132502831891927 0.160916612135267 0.179181543620381 0.197437913028502 0.198138631046324 0.196548650141261 0.132439777121916 0.133768789750933 0.113247877293819 0.0820584247280541 0.0264288533533247 0.0641674814005621 0.0863709202937134 0.0947519914576122 0.123753132250919 0.149298105061893 0.119529288482404 0.121906631689284 0.156245193833419 0.220175217964240 0.170328816243809 0.0878552237725293 0.0739188582112528 0.0691810249691077 0.0888852326309687 0.0589704734178161 0.00555209117224253 -0.0807069666469949 -0.126999489499182 -0.163229883362808 -0.177957079008130 -0.157267704153685 -0.129380206800864 -0.153826347461747 -0.224896172612759 -0.221233070867493 -0.268180281426705 -0.302935369075853 -0.365735022109432 -0.446241525995817 -0.565890817429238 -0.697870692340801 -0.824809002215457 -0.894648967758770
# FDY_3_1:
 0.00000000000000 0.00000000000000 0.00000000000000 0.00000000000000 0.00000000000000 0.00000000000000 0.00000000000000 0.00000000000000 0.00000000000000 0.00000000000000 0.00000000000000 0.00000000000000 0.00000000000000 0.00000000000000 0.00000000000000 0.00000000000000 0.00000000000000 0.00000000000000 0.00000000000000 0.00000000000000 0.00000000000000 0.00000000000000 0.00000000000000 0.00000000000000 0.00000000000000 0.00000000000000 0.00000000000000 0.00000000000000 0.00000000000000 0.00000000000000 0.00000000000000 0.00000000000000 0.00000000000000 0.00000000000000 0.00000000000000 0.00000000000000 0.00000000000000 0.00000000000000 0.00000000000000 0.00000000000000 0.00000000000000 0.00000000000000 0.00000000000000 0.00000000000000 0.00000000000000 0.00000000000000 0.00000000000000 0.00000000000000 0.00000000000000 0.00000000000000 0.00000000000000 0.00000000000000 0.00000000000000 0.00000000000000 0.00000000000000
# FDY_3_2:
 0.00000000000000 0.00000000000000 0.00000000000000 0.00000000000000 0.00000000000000 0.00000000000000 0.00000000000000 0.00000000000000 0.00000000000000 0.00000000000000 0.00000000000000 0.00000000000000 0.00000000000000 0.00000000000000 0.00000000000000 0.00000000000000 0.00000000000000 0.00000000000000 0.00000000000000 0.00000000000000 0.00000000000000 0.00000000000000 0.00000000000000 0.00000000000000 0.00000000000000 0.00000000000000 0.00000000000000 0.00000000000000 0.00000000000000 0.00000000000000 0.00000000000000 0.00000000000000 0.00000000000000 0.00000000000000 0.00000000000000 0.00000000000000 0.00000000000000 0.00000000000000 0.00000000000000 0.00000000000000 0.00000000000000 0.00000000000000 0.00000000000000 0.00000000000000 0.00000000000000 0.00000000000000 0.00000000000000 0.00000000000000 0.00000000000000 0.00000000000000 0.00000000000000 0.00000000000000 0.00000000000000 0.00000000000000 0.00000000000000
# FDY_3_3:
 0.122873883104225 0.0425103909944188 0.0170904254122381 -0.0360736967623291 -0.0656060688913497 -0.0874998053314145 -0.0884477628191055 -0.121578588058188 -0.156219456217985 -0.207975916869961 -0.166796359533607 -0.166154530227351 -0.125781192590575 -0.0543580629099306 -0.00631213982704481 -0.0264113056273251 0.0156826862321046 0.0366701271426525 0.0547498490512860 0.0663665132517505 0.0661269550095064 0.0523876592401257 0.0482334919035431 0.0469440188704816 0.0373593160600946 0.120705269047700 0.129189794995960 0.143464483157016 0.177302621329035 0.223341213516713 0.254218527320734 0.262622330320811 0.240251391514696 0.217540446192497 0.257061180157461 0.248694785298149 0.255924746545490 0.128946406028829 0.0776831335969212 -0.00303305290678800 -0.0606115022953396 -0.0876648676962078 0.0395225615053155 0.0504551900713649 0.0359250191817099 0.0452225497513320 0.0522177330301249 -0.0128596964651079 -0.0409363268010873 -0.0896140499600063 -0.184848632523405 -0.288525269053533 -0.387287014111217 -0.480589109573452 -0.622100291781976
# FDY_3_4:
 -0.0405247371389922 -0.102552471163480 -0.138461803801179 -0.174172333156617 -0.196605288046686 -0.198669891953175 -0.203996853350356 -0.230891787932532 -0.255202343327826 -0.271258884948194 -0.273434207532914 -0.227070236628463 -0.188882719791376 -0.156238570593426 -0.0956824662098691 -0.0805547642782677 -0.00854099594263517 -0.0605971495612307 -0.0740862340378154 -0.100251382956931 -0.105939778168928 -0.127439994731504 -0.118833536446136 -0.0828137377615895 -0.0573899322188895 -0.0275618817598541 0.0401757990113614 0.0707845030170436 0.156083099911799 0.178697943074582 0.290546333088715 0.266647346693277 0.283173893184706 0.286612164234369 0.370921110685992 0.425528405072856 0.387389095362212 -0.0388681532886512 -0.0388681153442986 0.234613839120089 0.212895003873334 0.245023008171826 0.236642438976159 0.269491692512025 0.250174380803256 0.252454955523412 0.171775607382650 0.133474634931656 0.0942769641556599 0.0490637407019026 -0.0409068458609908 -0.156941050246833 -0.257518005466508 -0.343713352755029 -0.431976453087708
# FDY_4_1:
 0.265372601679847 0.209034896666985 0.173918255479192 0.122682138446453 0.0917130189516718 0.0584898605574536 0.0570678088492677 0.0575829264128497 0.0744840092814495 0.0978912044748831 0.0898329646712926 0.0993062144800999 0.0908488809824047 0.117182387885051 0.153344782515931 0.191348387296106 0.225508698386066 0.255502498481390 0.255950374703566 0.250367611287496 0.214826125003521 0.187048290831976 0.157155538562814 0.146780466687988 0.122203761781906 0.139595392266379 0.170336468045720 0.174642605167605 0.148990239311984 0.169168059095135 0.126045459660199 0.166436892703184 0.138433743237551 0.134077854410192 0.126715935695123 0.105258156113473 0.0514954989271904 -0.00986754553034419 -0.0793486340253863 -0.155239405341184 -0.222695001176897 -0.269335231933395 -0.261593457664226 -0.294304723763460 -0.257230237251795 -0.228234515857603 -0.208041943595707 -0.193625938034986 -0.207910949002092 -0.246670747154582 -0.326422973758280 -0.441412648167748 -0.560489440462206 -0.673049594691357 -0.781167021580147
# FDY_4_2:
 0.227603541144438 0.175370118546842 0.141282511373036 0.0838762813952577 0.0534303099798888 0.0226826302655073 0.0185181720157462 0.0270692380344280 0.0368087713119601 0.0571936229571304 0.0692435718999705 0.0826535706908998 0.0850080422505973 0.117846793324486 0.157326241865512 0.201583377559028 0.239837413174015 0.272907770270949 0.269443133061529 0.259001813445975 0.219880527192276 0.191796502592804 0.162205951792425 0.152090305240117 0.130614333206577 0.158049935930939 0.207253639820490 0.190851371102540 0.161512122278271 0.191936505498017 0.164162467296891 0.248496477446869 0.180462456734831 0.140989426238910 0.125787325454944 0.0964067050407221 0.0493214229073094 -0.00544574198159048 -0.0778710217826066 -0.165088394166126 -0.237744192439067 -0.277320740121015 -0.272648764451341 -0.306753998458513 -0.271750397979029 -0.208809859989219 -0.209912627924740 -0.191925600827989 -0.203012819338573 -0.234838803033661 -0.311015544342432 -0.423255772589474 -0.542522112738822 -0.657912443006422 -0.772675565171508
# FDY_4_3:
 0.230424174944242 0.181940718610502 0.154290812051627 0.0968388910648920 0.0676173031529678 0.0312132629325087 0.0207154810368041 0.0274866115473626 0.0377513799771955 0.0748769941406743 0.0944234476156075 0.106851748768447 0.106886778684436 0.133485965956043 0.166140173064831 0.218496105636254 0.253746897638605 0.296062260591545 0.291705596274335 0.278947192566001 0.235177279281654 0.199088566380537 0.166794832006216 0.166433674688916 0.137451223757296 0.173523781342970 0.174531922889985 0.166608529822976 0.150925698698048 0.188953392856175 0.190950201050741 0.219388902143191 0.151348638779526 0.125703839752996 0.127262522309578 0.107477019583737 0.0659754311874793 -0.00729711384017770 -0.0772067244375965 -0.156276865846008 -0.227464650953683 -0.259739251520937 -0.244605017653439 -0.305212285279324 -0.274460461628372 -0.254785511597969 -0.237987124806132 -0.222364802725272 -0.227821220560168 -0.264404067589530 -0.341601604704969 -0.457945271703202 -0.572108083755585 -0.686373846775174 -0.799843347409362
# FDY_4_4:
 0.239694618588934 0.190740545239592 0.163595460138476 0.102073804015316 0.0774847987413794 0.0400252066309146 0.0300389567036032 0.0365688553428156 0.0501977474033643 0.0854275723956754 0.103053054981758 0.112566780184611 0.113525834228908 0.140680274199028 0.174765747415655 0.215605240734151 0.254669295459687 0.299600729441847 0.294716537384363 0.283051152581233 0.241427983752737 0.204350824820263 0.168735491207473 0.174279428922310 0.140106940459269 0.172949717587864 0.171052429960691 0.165463284120981 0.148787905015868 0.185336994655779 0.182730675961402 0.209417650814825 0.146317851545496 0.122221047505747 0.123789607352747 0.113633294160297 0.0675023085703752 -0.0100874576890324 -0.0806953117291172 -0.157009451414176 -0.229826174356945 -0.263826543558273 -0.249098271342368 -0.310735322271408 -0.284195802684863 -0.264749038591983 -0.248169462765801 -0.230041569865685 -0.234487152617855 -0.270525834948698 -0.347351629239108 -0.466427320918247 -0.589330620570133 -0.699825347320095 -0.809803336341649
# FDY_5_1:
 -0.0339268945584463 -0.0339269121724863 -0.0339269024125068 -0.0339268818197615 -0.0339268907203395 -0.0339268695189540 -0.0339268737987847 -0.0339269120307650 0.330655236364375 -0.0339268915598955 -0.0339269150202980 -0.0339268875108518 -0.0339268990796785 -0.0339268921046198 -0.0339268819407696 -0.0339269072561345 0.405166742086879 -0.0339268853133616 -0.0339268826640035 -0.0339269121691094 -0.0339268765843449 0.309252473843252 0.277348551574405 0.224380446464978 0.172940028731144 0.160426978646355 0.155853717564391 0.217822664987531 0.155925752218970 0.155955884291763 0.0592624061168257 -0.0339268876173026 -0.0339268850368627 -0.0339268989594050 0.110759411014523 0.121227192597025 0.137217633551301 0.0135791540329001 -0.0339268945497155 -0.0339268906345992 -0.155286393329087 -0.0339268810597907 -0.198105571140946 -0.221632609092823 -0.212321890778501 -0.243577850275415 -0.0339268944500290 -0.0339269123203547 -0.0339268783582886 -0.0339268713376592 -0.0339268853569170 -0.0339269002320385 -0.0339269208867041 -0.0339269055814617 -0.857262484853605
# FDY_5_2:
 0.307227283039994 0.243107253153025 -0.00330265875808385 0.179831440239681 -0.00330265849446184 -0.00330269688191150 -0.00330262526255217 -0.00330265623813249 0.379789379781538 -0.00330264607316229 0.422733495594052 0.349179201970043 -0.00330264808287913 0.178317141264959 0.126565460646705 -0.00330264767851192 0.0309791613004190 0.0113483429991307 -0.00330265532780201 -0.00330263306874430 -0.00330264986852010 -0.00330263506696634 -0.00330262468888039 -0.00330267020340765 -0.00330266097396022 -0.00330266016777310 -0.00330268032438815 -0.00330262173514624 -0.695949152541200 -0.00330265417322336 -0.00330265018066152 -0.00330264776194385 -0.00330265510784818 -0.00330263022707429 -0.684380399054458 -0.00330266849749313 -0.710037131973284 -0.00330264828900136 -0.00330263878407829 -0.00330263657825699 -0.00330264661210274 -0.00330266074004866 -0.00330266605835801 -0.00330267096006727 -0.00330268725990342 -0.00330264196443293 -0.00330267350244691 -0.00330265315132168 -0.00330264784487396 -0.00330264784209929 -0.00330265994809816 -0.00330266325687541 -0.00330267357507415 -0.00330268505152594 -0.00330264015851130
# FDY_5_3:
 0.330113296320216 0.332068658481097 0.217434981905033 0.258904624931786 0.213858937776113 0.195655807377791 0.173490074602963 0.166379841582155 0.166523795526899 0.236293862038785 0.221946129383874 0.262990852038335 0.217358523550595 0.256017580711663 0.267756098925614 0.286078389807944 0.282315339098752 0.304996292015486 0.340158525307319 0.269846594096405 0.0287629673841428 0.240016200763525 0.0287629928039690 0.0287629870956748 0.0287629654488651 0.0287629709735818 0.155220190516467 0.147673939238806 0.172794420452853 0.218705282098163 0.346982741553055 -0.0377131264376731 -0.0709748539714765 0.0300569949072996 0.0660840970256505 0.135054127127223 0.102955189223821 -0.0348066511992331 -0.0776610782374593 -0.0948969009123967 -0.175487638238112 -0.163034206162046 -0.141637840145927 -0.242351218022003 -0.218765853154914 -0.544198365631132 -0.293934127271618 -0.237808141326148 -0.343193593478342 -0.384373127930773 -0.459386921359336 -0.612613709817124 -0.786238223710056 -0.902513653380719 -0.937957041705433
# FDY_5_4:
 0.000123124785816987 0.277595203474724 0.294274545845742 0.000123083408367964 0.000123072103906597 0.000123045989173111 0.000123083307082762 0.000123085184801187 0.000123118995884009 0.000123090567247676 0.000123109123297705 0.000123069747652739 0.000123074862402251 0.274939703799420 0.000123073733185531 0.296502382471877 0.000123103277574689 0.383993671393463 0.000123097208747470 0.349689583531154 0.346662362921977 0.317857710113289 0.257974678546960 0.267928662328742 0.270695339328419 0.316681272697188 0.206725175395728 0.212783080474083 0.237237075578702 0.304346944366400 0.528266167112171 0.219346920667591 0.128178031515479 0.214569390457184 0.214011885446149 0.284554366024876 0.221825734842631 0.100786895792200 0.0230594494061081 -0.0255203280355000 -0.0890503029955273 -0.134944679986524 -0.0983887047402080 -0.203124930705072 -0.204990304712285 -0.405942792219249 -0.400195587191987 -0.404963573520859 -0.410029329836780 -0.471398571327377 -0.541954171956900 -0.642699343690522 -0.736791751347011 -0.847189347855371 -0.935025745706226
# FDY_6_1:
 0.00810131510673546 0.00810129298520596 0.00810131222593764 0.00810131825453126 0.00810131134580878 0.00810127901348441 0.661733482819621 0.711186637967067 0.00810128872304556 0.847338121619604 0.00810128432261798 0.779167148315631 0.00810129230973562 0.00810130536926685 0.00810129709139069 0.646155042239590 0.628250041322545 0.00810131213908711 0.00810130396094806 0.569914524865930 0.00810129279325995 0.00810128594729615 0.00810128774894743 0.00810130164522089 0.221359766343238 0.144431715799226 0.0630551427858423 0.0800823269173538 0.0483069500713109 0.0437756769171964 -0.0443289127335456 0.00810130009866601 0.00810129306827996 0.00810132797939751 0.00810130660989934 0.105965246606887 0.0506191772372555 0.00810130803786730 0.00810128666121219 -0.0766113124802182 -0.134909560969485 -0.170076340948290 -0.172046326220867 -0.221121689083206 -0.221470781156513 0.00810130623123513 -0.276370795399382 -0.293216375252291 -0.328116601592229 -0.397735678667204 -0.485265188152771 -0.608287246154757 -0.697115317507833 -0.800304561365780 -0.868795523813003
# FDY_6_2:
 0.963519151872181 0.803378473083838 0.915225994189315 0.895546584367560 0.837980013429166 1.00978992256073 1.02743441675161 1.09455839276940 1.06394410560737 1.11438329889852 0.967261923454531 0.959165296363227 0.801007007449820 0.750002459966703 0.689706248850205 0.561692453054139 0.537282784806129 0.571387390034883 0.526174692509474 0.411592164387564 0.334281568484113 0.0419053849261662 -0.133980562018920 0.0681641124726917 -0.0942535392929919 -0.244738741336671 -0.337125245366483 -0.375418492679799 -0.482101777293195 -0.430007800703510 -0.457895880360964 -0.595360606451547 -0.579457174250553 -0.425542680515118 -0.295464476389710 -0.252616274182208 -0.309237393740493 -0.355781564741384 -0.357828249546967 -0.391754924015932 -0.453997154926313 -0.530644495826289 -0.504153545920024 -0.650904622808176 -0.608187848099261 -0.647903358927968 -0.670479222494549 -0.650080637146037 -0.640708060167499 -0.721320175404406 -0.852648191523494 -0.998127035477099 -0.982748946177216 -0.935161737901073 -0.979753424603482
# FDY_6_3:
 0.621226518015334 0.628801907734822 0.892946211201810 0.865037970838501 0.875303564528107 0.934823594845043 0.878637275989026 0.963823451568838 1.07405243210374 1.21678211368317 1.07706715763948 0.884262729587107 0.642330270725984 0.684451599402974 0.625809202786278 0.573476465992263 0.573673852927856 0.452796539501419 0.459761810307883 0.354081505525624 0.293294999968571 0.170420610711506 0.0149747466332107 -0.0478640328694493 -0.215781726439679 -0.362917019503687 -0.318349903390470 -0.305925563299313 -0.426668718889576 -0.401616130735084 -0.588197317034919 -0.515622124135193 -0.430574841908417 -0.286221324996853 -0.176143011123766 -0.186706068023304 -0.250168504387319 -0.260888474898488 -0.230851354846309 -0.320667052289189 -0.381343946662876 -0.377525692233381 -0.397490192256719 -0.524579373284087 -0.555844115557339 -0.608635047154297 -0.644572295577138 -0.646968229218128 -0.674147665749558 -0.722078489385180 -0.809485652653846 -0.939050053197965 -0.993473830340601 -1.06024615114558 -1.09723262903083
# FDY_6_4:
 0.888012511110841 0.878324291314710 0.703474112783445 0.841219139355621 0.860828581792110 0.932174729489921 0.985468868294080 1.12538055567012 1.25399988862616 1.16137080967902 1.06106988742602 0.925577426846105 0.784676709348575 0.691899900373885 0.621333165993076 0.566165180222434 0.527173155387987 0.524382540697244 0.431477768006339 0.387105788251876 0.175861001069812 0.149522868701134 0.0163572432495293 -0.253226136185518 -0.605290193173506 -0.485810937046597 -0.319295056910966 -0.350273520606856 -0.429145938693494 -0.433974634036967 -0.753170420524158 -0.525285557549577 -0.337896404977326 -0.246329209056810 -0.107177685908858 -0.209702662896894 -0.308935480005591 -0.267759408174593 -0.211494259117004 -0.276180618852115 -0.345842199678428 -0.397013230460698 -0.353811594280026 -0.539922049655451 -0.539892259229333 -0.555967342045135 -0.643084072427366 -0.670089582744957 -0.690246211831288 -0.674037741455279 -0.806440225991736 -0.945342181900777 -1.01350506684949 -1.07204711944977 -1.12466712197348
# FDY_7_1:
 0.287778557188061 0.236043050778422 0.214565736392070 0.185806587542640 0.167426510865345 0.147465307131162 0.128823415631175 0.158046923485428 0.190758863834518 0.228447580164319 0.275971236357186 0.279956219082144 0.305501126139672 0.292748965195845 0.274430174657078 0.286964320094033 0.305820756381798 0.332897441044313 0.371626624508295 0.335228771478664 0.330492268857973 0.300337622362065 0.218292947189518 0.207209087018838 0.154334505791774 0.126374075097990 0.124820425565222 0.0724511183415674 0.104625697938270 0.133465591850423 0.186358640693131 0.172328328923359 0.0712049788609545 0.0692249896535723 0.131282949364991 0.123059524614420 0.0672994299939915 -0.0103177184445563 -0.0442578243403314 -0.129382269155859 -0.197169717384224 -0.254923212990985 -0.245068473210368 -0.323998996243961 -0.383712196187489 -0.393097346353036 -0.399754374483874 -0.402956429501339 -0.429111597546960 -0.478939431859504 -0.564131278265197 -0.681101361837743 -0.791665126719372 -0.887780969412601 -0.982102026132825
# FDY_7_2:
 0.454233307845420 0.401074337256226 0.384236781434134 0.340728294521410 0.316998087395002 0.288786198766229 0.296276908570738 0.325972143832659 0.350986796743345 0.424270597181879 0.407706124334016 0.391277653251859 0.378005025099976 0.354922168979489 0.361894568963354 0.350293944100969 0.351915497650100 0.389753256323771 0.378832427200741 0.358521803578079 0.320689338503977 0.266225417433966 0.212150498070160 0.152917946496852 0.0739264980416959 0.0350114233004194 -1.39897321737046e-005 0.0107652508743613 -0.0161996609200000 -0.00737300850667222 -0.0430231448139368 -0.0728910475360146 -0.0807200141001109 -0.0274009014793172 0.0263388916404822 0.0354440779385276 -0.0190934648893572 -0.0902905942107602 -0.149696434308780 -0.196867244433236 -0.275562277129937 -0.333499438347905 -0.317723314846957 -0.410041072305159 -0.381533935140987 -0.391104876712841 -0.396067420097897 -0.407884960713196 -0.435668435449815 -0.490670071984424 -0.572362602209530 -0.685800900029319 -0.788899441886500 -0.886303996897056 -0.963463016647960
# FDY_7_3:
 0.264934566080625 0.233892451483618 0.223770268514231 0.180049024184882 0.154243864308118 0.111655882212680 0.116596356639619 0.133517995052967 0.165699483649544 0.273703600659744 0.276051839807890 0.313534902843807 0.265473026425710 0.263469662764943 0.257821899962328 0.301059982307340 0.324269523188940 0.369869142084076 0.346636443036600 0.342677032891156 0.319741718274129 0.267816582068997 0.199698269399378 0.201956226927032 0.146903909886044 0.139403454278190 0.0855513924497229 0.107723965758536 0.105385052401894 0.187393272500241 0.208633059514742 0.0925894534652245 0.0251729261920326 0.0867422728816514 0.140269264675837 0.157101139299795 0.111786482811073 0.0352202233590296 -0.0135834028499844 -0.0691050442001322 -0.152639939559512 -0.191505556283514 -0.170241218818701 -0.379000669758080 -0.390754888408775 -0.438726242076673 -0.415215122576930 -0.439928216275522 -0.454603178201687 -0.490033346876562 -0.581988459538145 -0.690092296091392 -0.810747014231580 -0.891586352132792 -0.958264666362387
# FDY_7_4:
 0.246555407935208 0.221268177468120 0.220458086990668 0.176306952733652 0.155359030785070 0.102168330380837 0.115549734367907 0.137871057538655 0.166312590080190 0.288730850788510 0.297420891158807 0.359428526526617 0.299803059784956 0.269584902594994 0.259363542887594 0.299380202621433 0.324075888751968 0.413706060646576 0.372936018598050 0.391604380269416 0.369716504351057 0.301024147142076 0.251067229157087 0.256020671887998 0.178802700496177 0.174192617818182 0.104807552263164 0.171007786417056 0.149156524860305 0.306401761117568 0.267158404042104 0.156613846054826 0.0740623036991892 0.147685042145383 0.168474486415538 0.164878187732197 0.114432965976701 0.0798906858233430 -0.000366708894275192 -0.0732242751038948 -0.172586224393395 -0.246681719897327 -0.230210373692389 -0.442200811354882 -0.468328193561239 -0.493747929434682 -0.497897970765419 -0.514026485730098 -0.524434302016852 -0.573052746770892 -0.658859632916448 -0.778705678159530 -0.878305034752806 -0.964669942115721 -1.03597908074933
