# Number of parameters = 1827 Objective function value = 29742.8553946750  Maximum gradient component = 0.00276966964895231
# lnR0:
 13.3809559372347 11.8882776506579
# selpar:
 0.432661344714793 -1.41553556084670 -2.90286853169994
 0.882570542462979 -1.31086072782425 -2.79321575669667
 -0.791232999182101 -2.31265699883925 -1.08951064175833
 -0.882531445039644 -1.95889016405248 1.33664281919889
 1.08981391226300 -1.10890502628734 -2.99098540068631
 1.58470570013482 -1.46087135575405 -2.44816685838654
 0.813067074007171 -1.91647479337114 -2.90740007268596
 0.549902546243144 -1.56250994617314 -2.25785616781567
 1.59598480280103 -1.43310618097292 0.392927814061586
 0.854708993545593 -1.28635657121617 -1.70967919272498
 0.136852323285183 -2.87145461019458 -1.19811575278245
 0.964029390447748 -1.43611135386413 -2.51518802253634
 0.491665694714580 -2.24784185873159 -2.48882662718872
 -2.86294567508016 -0.774651016212885
 0.501119669075134 -1.86043602208943 -1.81582110876160
 -0.285991692938065 -2.34640796982235 -1.28125172388038
 0.904660281125470 -1.28719323797851 -2.81420543665831
 0.907739229883361 -1.69877494166193 -2.19830308745333
# movest_p1_a1:
 0.571093510081987 -0.236188886039614 1.40100947452689 -0.0983451833868312 1.00395050998173
 -4.63228832264362 -1.74195738449998 4.02356897442892 0.764112843641685 -1.91744148569750
 2.48620209775472 -0.322204042575181 3.86734371394547 -2.91166438638802 4.92626516361447
 -6.99596565261195 -2.20932559596221 -4.28118045197003 -0.756170510633846 -4.36765813717421
# movest_p2_a1:
 -0.778441581113695 4.98956389197136 -0.408292737870543 -0.168126830463078 -0.232641478317267
 0.609128093912462 0.0142529119829664 -3.25237935685533 -0.212361718561455 2.78299622708639
 -1.99557353736238 0.890306350884341 0.124936701713121 -2.46186999394931 -1.13042818116846
 -0.278717946530903 3.44196667902532 0.425283335480055 -3.21946693628970 2.97740112252296
# movest_p1_a2:
 -1.57584370078374 -4.85979733771298 -0.377125279533201 -0.530349480110989 -2.65900604331832
 1.18405396187142 -5.79354396297178 -6.22413530231361 -1.96443351667565 3.08001721027460
 -0.738398843117748 -3.90082745833208 1.07810954752007 -1.54249592622858 0.666034984812942
 -0.646140381942339 -5.23587428650172 1.39336862522573 -1.63474450283881 0.198713911561935
# movest_p2_a2:
 3.15902266796941 -0.846375233385259 -3.87638659061941 -4.79988710523582 -4.64610072805481
 2.29449753024119 -3.51479821177005 0.349275328883806 -5.33687135399776 -4.69500047502651
 -0.300142705674451 -3.66773965283539 -4.99059065343097 -6.05952733148087 -4.11153167671601
 6.30292706178041 -0.338937246559182 -0.0391359960781070 2.54479606859688 -2.16040732069506
# movest_p1_a3:
 -0.656680655361176 -1.45524974129516 1.06998279984887 -0.323486024685282 0.900114337003377
 -6.33914092838641 -2.41377937990386 4.56738988519399 -4.18694128379061 -7.99999999255184
 1.36168391493509 5.02561980985252 1.94923585321622 6.90274450213529 0.839488629001016
 1.23470906701335 2.32805382776020 2.35392022411649 5.85101133467481 -4.36042167759722
# movest_p2_a3:
 -4.29183799363550 -5.75976726792970 -1.82623705906571 -3.77539182404119 -3.66941006224924
 -3.54125378845406 -3.65186010265589 -7.55264626130236 -3.04823424451302 -3.41709348195300
 2.69600840885548 4.87775408204162 1.29497130292652 3.86566027609213 -0.444778658958425
 -2.09368215842440 1.48778795888654 -2.08207382084581 -2.30485264064037 -3.51144543147152
# lnqE:
 -4.19973473154215 -2.67683966299323 -1.97677915589554 -3.68393109744657 -1.34856892349110 -1.16190795803411 -1.75338286557528 -0.236712928576972 -3.84061701030223 -2.41402806574543 -3.18955278323912 -2.85811556261094 -2.26327085715134 -1.36305537717195 -2.08954949194772 -3.22872969621173 -3.78335188427793 -2.30469244753973
# Fmod:
 1.25616331015847 1.08342776389857 -8.87788441174462e-008 -1.62689067596868 -0.180347561559529 0.0219358909494553 0.429941433906725 1.28541289500844 1.12704707016247 -1.37708845501397e-007 -0.889628405428543 0.0251455688218624 -1.11305786572927 0.502927758586501 1.19010362241842 0.257250945120368 -1.64935295813853 -0.872373161615235 -3.10954531453835 -0.754682017403973 0.420827147709275 1.19438767021547 0.819963110717516 2.58821680670807 -1.52261318692435 -1.18264959117540 0.204832223685150 0.493557746902784
# visc:
 1.29308892886635 1.30844281234607 1.64766003260123 1.80320461606951
 0.436964508176263 -0.349193452841670 -0.432484251533384 -2.92184866309816
# lnRD1:
 -1.02008133525503 -0.875616237677125 -0.452076744382108 -0.688049646075414 -0.509096097315022 -0.466522970031589 -0.561223965623770 -0.367825777663735 -0.197119598655830 -0.111665641771997 0.339096908018116 0.413512816056074 0.459425335909193 0.505932148149353 0.689131080416083 0.598442657889768 0.870528143980928 0.665352323637900 0.462902690072053 0.916647818053846 0.290513678784423 0.322711698552519 0.231269372642453 0.265269686058890 0.241824403689047 -0.469020636557522 -0.725804346430218 -0.828457764471286
# lnRD2:
 0.917024298525313 0.111003279997925 0.418953361940835 0.451358104534849 0.00283917475196312 -0.304495251215821 -0.351194246301222 -0.301304835549207 -0.409752831333476 -0.194351668700938 -0.397922108021303 -0.175465725935494 -0.149472498745659 -0.179499850251587 0.275715307709047 -0.569936666193638 -0.0975075615044770 0.0505037043358476 0.497292380286896 0.457201834200746 0.212447680750032 0.703658434269971 -0.0360161859070110 0.0830654853261789 0.0867422521373899 0.163165729860632 -0.566231794977010 -0.697819803990780
# lnRD3:
 0.00000000000000
# lnRD4:
 0.00000000000000
# FDY_1_1:
 -0.0228393589751614 -0.0228393086572436 -0.0228393497030867 -0.0228393828647077 -0.0228393249453389 -0.0228393678828635 -0.0228393472505206 0.0106551632532584 -0.0525495402291942 -0.0819315728685281 -0.188983668424620 -0.207445317859452 -0.183470925609873 -0.170303537149925 -0.112159779015109 -0.0452654809323660 -0.0802591102466254 -0.108804666229777 -0.168018698071764 -0.203268873614908 -0.237823107451879 -0.226513453172391 -0.232679552587462 -0.231954728051118 -0.205607642027857 -0.132754701047542 -0.114957083130784 -0.0833605735704021 -0.0771056593833656 -0.0136148343987616 0.0245481366424074 0.0585557315016101 0.0701017944454692 0.0864380748598781 0.137641036868922 0.181458875840330 0.212533511818193 0.188691577929680 0.129325387123505 0.158530725412680 0.210370426333089 0.231576264229812 0.282927754396649 0.321156904333321 0.350561588513890 0.303740284285229 0.262546190423317 0.198443077491894 0.158145818361132 0.129116404313047 0.0842177863117262 -0.0234786813155021 -0.125355259890577 -0.157658729672515 -0.166081898457818
# FDY_1_2:
 -0.0233711092896171 0.161876687676756 -0.0233711352524828 0.135571548709039 0.100873979549674 0.0711673977493537 -0.0233711165117884 0.0510956161835472 0.0236003392306368 -0.00207893758187681 -0.151254903377285 -0.155662593931836 -0.102144758063872 -0.0642640799981036 -0.0378490656602277 -0.0188107948611804 0.00500351346833951 -0.113486609794710 -0.169718719592116 -0.203088020717217 -0.208705411652674 -0.226983149258660 -0.220248509075991 -0.210005287842380 -0.202523937315910 -0.138305117211594 -0.114325981863375 -0.0875483708081359 -0.0940225819543838 -0.0353944364636545 -0.00224806517052987 0.0282505213465048 0.0340544549592930 0.0431896802238348 0.106615320667858 0.145565536718573 0.156106392769155 0.133098506695153 0.0766458683364235 0.124502321049780 0.177907049836177 0.208706874145674 0.250684360757036 0.286105572700813 0.304925468091019 0.252369518431030 0.203267790562712 0.133293118063658 0.0863900143730210 0.0564604137599176 0.0129453164566871 -0.0956945568126437 -0.201833892276187 -0.218872355476326 -0.225089684696909
# FDY_1_3:
 -0.0216382872024313 -0.0216382627389938 -0.0216382039978494 -0.0216382333175676 -0.0216382309857662 -0.0216382612825722 -0.0216383113916961 -0.0216382451533338 0.0249163743166699 0.0159306852306701 -0.0579399605624754 -0.0831614717477776 -0.0547825587574383 -0.0395579732997010 -0.0135230095095092 -0.000579059074853884 0.0307518373789743 -0.0730517248738905 -0.129423965067469 -0.162472771886141 -0.167538785888491 -0.174948790783171 -0.169501234515626 -0.169391103048073 -0.164924041365602 -0.107086214673503 -0.0216383173832767 -0.0216383012142444 -0.0544497493293748 -0.00227215236828148 0.0336990260316391 -0.0216382322700767 0.0573846775638650 -0.0216380030970823 -0.0216382316238327 0.163061543127936 0.175975955716706 0.179399723632287 0.114326217032275 0.146133169612828 0.199256835031291 0.213602947935186 0.238901139701838 0.269488832990775 0.299103775947717 -0.0216382474687536 0.211963129659725 -0.0216380539527886 0.0891568727392539 0.0530988130838145 0.0234079602049079 -0.0581348615619980 -0.161353797541818 -0.181178849932497 -0.189714018070400
# FDY_1_4:
 -0.0217161296978327 -0.0217161102077307 -0.0217161501058182 -0.0217161766168302 -0.0217161416893720 -0.0217161305630597 -0.0217161600580999 -0.0217161245315679 -0.00753567069530016 -0.118666485416291 -0.0217161604355393 -0.150158185809914 -0.119051146965426 -0.100822727930013 -0.0725419220973108 -0.0628966454224617 0.00740905628757714 -0.123121845968577 -0.146281859774118 -0.186317813494969 -0.184189727471378 -0.198414361903344 -0.198237692760053 -0.185025845537185 -0.161063226790896 -0.101940188634754 -0.0984410264812229 -0.0664471570086108 -0.0448665416157531 0.0367039075986860 -0.0217160867085565 0.0710638570634260 0.0713531317408761 0.0998832226555056 0.216430485037874 0.199784258095055 0.176904727499352 0.180710473016941 0.169592481415185 0.187397643236553 0.185131165665835 0.224825447381708 0.224165807549903 0.247514674979547 0.240244777920831 0.187369504749481 0.164549749564780 0.128640331723566 0.102541174784314 0.0747356965100331 -0.0281178862641546 -0.124815220213053 -0.158483712650850 -0.155704527326269 -0.186648785630714
# FDY_2_1:
 0.260524455482949 0.188181522502982 0.194415799034736 0.169847096764273 0.127254574081512 0.0878522470718176 0.0724443684534025 0.0833720794404909 0.0758879867672194 0.0896883625797239 0.0663210032537092 0.0478907644866263 0.0415742185524094 0.0604369568593533 0.0928570168494099 0.128229441532608 0.222760043523474 0.128479209298849 0.0770191497439377 0.0478189310287421 0.0347452025415183 -0.0274314266684787 -0.0499031646976466 -0.0638730056325411 -0.0858328730703230 -0.215832835136428 -0.0951971614739055 -0.112039719628559 -0.168597266502670 -0.155786432520832 -0.173214278399155 -0.150387740365658 -0.149454762978433 -0.121282574547018 -0.0829733103927740 -0.0744090181102321 -0.0978356670323923 -0.0982967028547973 -0.109270194804071 -0.181076753942130 -0.239886846658874 -0.230045831232604 -0.136356550544223 -0.0729663208863224 -0.0175062036526951 -0.0329519184408808 -0.0413408196474338 0.0214550548073285 0.157844326264771 0.190446743439364 0.128181613327146 0.0945637771984811 0.0910003794129480 0.0661280711494255 -0.0634710156281274
# FDY_2_2:
 0.280221454671585 0.249622282413255 0.214140742169267 0.167493261889640 0.111742715298845 0.0711413694318012 0.0643366477973843 0.0891756200835779 0.0988634821204816 -0.106806023356535 0.215984892000420 0.156442193076517 0.197170679331837 0.227346647151278 0.250251329417323 0.262858818807700 0.317093532935434 0.246605135675624 0.206703681285635 0.174262397639192 0.148323255280108 0.0554984374162390 -0.00796017301346318 -0.0330254108075726 -0.0821540383785212 -0.211498691584369 -0.176268729409442 -0.168759230860183 -0.236917787760386 -0.196502800352238 -0.254103934373080 -0.230338785096405 -0.214048552629100 -0.168446967426452 -0.119930030041488 -0.130780430457594 -0.165471935298095 -0.203303983865990 -0.250521300606699 -0.334363078971509 -0.407266063341199 -0.362701128763045 -0.284282249560282 -0.350115499911241 -0.204081685178459 -0.161375008974703 -0.111817869369687 0.0215922630783473 0.196896439192349 0.203056163103070 0.168916910919632 0.184932556512286 0.207101905658401 0.196356397615425 0.188710177415084
# FDY_2_3:
 0.0669011820844354 -0.00158553138925903 0.0172020235261147 -0.0553918207591735 -0.110016871084241 -0.159892149439796 -0.117056983624876 -0.0949776439926831 -0.0978350376339552 -0.160307673663197 -0.0479829248660762 -0.0723875233470775 -0.0341679952713648 0.00335094420108568 0.0700573783048252 0.121690032398658 0.201409039030920 0.172257888407853 0.142796098394716 0.112510492252712 0.0662625701339287 -0.0215229595642555 -0.0656896156003881 -0.0464223986322175 -0.0608937114455930 -0.0694580278362887 -0.107537525875100 -0.0550897847963670 -0.109913094784975 -0.0486668224912020 -0.0868152842374490 -0.0632460645580560 -0.0401790436494325 0.00777613312217014 0.0739515987745209 0.0729454791277117 0.0317143378579107 -0.00673748455809768 -0.0491873670063645 -0.171556228426036 -0.206121525748460 -0.189565280184139 -0.250224221416101 -0.207334826373842 -0.0648780001452945 -0.0434768045373318 0.0114105666703958 0.123523669113866 0.234019723971747 0.256489247186665 0.234908213370615 0.226738738850055 0.221909350875103 0.225480903891083 0.220812615391595
# FDY_2_4:
 0.316425344263863 0.317710635026418 0.253061792052631 0.193945393239856 0.127706457595006 0.114071180710468 0.155441026813474 0.115633920057086 0.0225495657431102 0.0158942099062983 0.0676938412700693 -0.0134210279362096 0.0321186510768529 0.0680229541779486 0.0912053833346963 0.0812083527990581 0.171725699050671 0.0949613713641856 0.0665054306111092 0.0285685881142198 -0.0414830608437887 -0.233506425815978 -0.165164409008318 -0.0973335708180732 -0.0625585724890541 -0.0753248795149291 -0.0797830247224841 -0.106442329581770 -0.158624927541696 -0.154672335753887 -0.142644244352564 -0.0994714335791849 -0.103858446348895 -0.0681961789137656 -0.0205042661839606 0.00155839023983297 -0.0306088221523289 -0.0677670200363135 -0.126771435424499 -0.182949086260178 -0.214611709818904 -0.168129409171266 -0.101270360687487 -0.0367625838325761 -0.0482274481844650 -0.116460661029156 -0.0418792440939596 0.0378669956340477 0.105674824862172 0.0983474461158943 0.0605955950711813 0.0593901087228254 0.0339109488030592 0.00256210866505171 0.0240706987746057
# FDY_3_1:
 0.00000000000000 0.00000000000000 0.00000000000000 0.00000000000000 0.00000000000000 0.00000000000000 0.00000000000000 0.00000000000000 0.00000000000000 0.00000000000000 0.00000000000000 0.00000000000000 0.00000000000000 0.00000000000000 0.00000000000000 0.00000000000000 0.00000000000000 0.00000000000000 0.00000000000000 0.00000000000000 0.00000000000000 0.00000000000000 0.00000000000000 0.00000000000000 0.00000000000000 0.00000000000000 0.00000000000000 0.00000000000000 0.00000000000000 0.00000000000000 0.00000000000000 0.00000000000000 0.00000000000000 0.00000000000000 0.00000000000000 0.00000000000000 0.00000000000000 0.00000000000000 0.00000000000000 0.00000000000000 0.00000000000000 0.00000000000000 0.00000000000000 0.00000000000000 0.00000000000000 0.00000000000000 0.00000000000000 0.00000000000000 0.00000000000000 0.00000000000000 0.00000000000000 0.00000000000000 0.00000000000000 0.00000000000000 0.00000000000000
# FDY_3_2:
 0.00000000000000 0.00000000000000 0.00000000000000 0.00000000000000 0.00000000000000 0.00000000000000 0.00000000000000 0.00000000000000 0.00000000000000 0.00000000000000 0.00000000000000 0.00000000000000 0.00000000000000 0.00000000000000 0.00000000000000 0.00000000000000 0.00000000000000 0.00000000000000 0.00000000000000 0.00000000000000 0.00000000000000 0.00000000000000 0.00000000000000 0.00000000000000 0.00000000000000 0.00000000000000 0.00000000000000 0.00000000000000 0.00000000000000 0.00000000000000 0.00000000000000 0.00000000000000 0.00000000000000 0.00000000000000 0.00000000000000 0.00000000000000 0.00000000000000 0.00000000000000 0.00000000000000 0.00000000000000 0.00000000000000 0.00000000000000 0.00000000000000 0.00000000000000 0.00000000000000 0.00000000000000 0.00000000000000 0.00000000000000 0.00000000000000 0.00000000000000 0.00000000000000 0.00000000000000 0.00000000000000 0.00000000000000 0.00000000000000
# FDY_3_3:
 -0.0299853449653967 -0.0985949448486850 -0.115691507369208 -0.161865818102223 -0.203210719804692 -0.235165069073426 -0.235713473084489 -0.264683934865106 -0.305746248486149 -0.397588434806240 -0.383985910342600 -0.403113771168455 -0.374325462194636 -0.311687811465468 -0.275109711687674 -0.309410580914574 -0.258978927437929 -0.245030919018193 -0.231275211150004 -0.222549074353480 -0.210523412351558 -0.219719403930268 -0.220115956322504 -0.211373111941963 -0.214249211970133 -0.115670042244851 -0.0721064831645740 -0.0247430090111146 0.0227005591578909 0.0944679225119617 0.109288398587323 0.187148680015851 0.228606357339564 0.249147147435527 0.347987366597788 0.383731850295656 0.389502062464885 0.284167290216996 0.317991026883343 0.309961118190297 0.247396880230513 0.232623644085338 0.377906003027586 0.369972501893715 0.337981895379990 0.319484120668952 0.178533941446666 0.244203523499680 0.264179901782255 0.267552924797846 0.188658649988230 0.122670364847893 0.103259336888348 0.109418341885259 0.0636716959562377
# FDY_3_4:
 -0.00313291743225373 -0.0534556226839228 -0.0810459278647190 -0.115810302898780 -0.148210848445581 -0.147773196735430 -0.151345949024406 -0.181451869618212 -0.213985662217162 -0.285495632176747 -0.314245867033489 -0.284354184023513 -0.272230909830227 -0.256899083911674 -0.216782175437353 -0.225635408820240 -0.158162414574397 -0.231731721877022 -0.257447033053223 -0.293015869886770 -0.291706193348138 -0.313876180130810 -0.311448697240230 -0.265956283903349 -0.231896000338426 -0.202145111036140 -0.129520074988983 -0.104147161140741 -0.0110421722596731 0.00909624269319566 0.122451409002132 0.122503291878948 0.169135089669493 0.181677778716517 0.305713002691635 0.395412116651014 0.350848813930417 -0.0470584535547448 -0.0470584936042632 0.330292650224163 0.313116119252845 0.379440381485291 0.409004096578164 0.495878641630164 0.430752875496176 0.417617547289267 0.263860742684123 0.239432119729824 0.244030421111707 0.257877666060618 0.172218200081643 0.0610826571587396 0.0508910354737785 0.0701075140891402 0.0556270055116243
# FDY_4_1:
 -0.340565860193347 -0.400195725539392 -0.443927295607342 -0.504783452037011 -0.547857535992315 -0.585930874385525 -0.583909663111502 -0.591271249668543 -0.575579886247326 -0.558334603599105 -0.568494883723642 -0.552708843771957 -0.552766162560297 -0.515559291754508 -0.457971292262356 -0.387600054831014 -0.316567087854567 -0.260026069369217 -0.215802212399428 -0.188780719388504 -0.207675228106831 -0.195051938504876 -0.186307940955710 -0.156549853738006 -0.145214287613728 -0.0974767540601441 -0.0274899014539317 0.0332913639605467 0.0783155663824488 0.152944907438483 0.146573798259748 0.204126531533025 0.216820850474809 0.295929323958128 0.355044779426503 0.396171909704878 0.393917414574676 0.375495733366051 0.368147317510741 0.335602491414516 0.304126593562103 0.292219190433262 0.318523540541447 0.321091101604495 0.426098224979059 0.521933944404474 0.582024241440720 0.609449505561829 0.590695741345648 0.586574463646805 0.537498780686701 0.480407935737608 0.432313999642479 0.408013636798544 0.401045780340401
# FDY_4_2:
 -0.383751697783798 -0.427560825764473 -0.471458489446948 -0.553707292754525 -0.582131001948500 -0.619836557978214 -0.621835275639563 -0.611699435853922 -0.608284918120314 -0.590571733118438 -0.575734633709600 -0.555317804359888 -0.542182504281636 -0.492308218088995 -0.431559770060065 -0.353211916147100 -0.279853776535076 -0.204458864575979 -0.173609918779748 -0.149922180093390 -0.170254061320437 -0.157194331142883 -0.144231722103084 -0.122329155393470 -0.118467450110514 -0.0646209287168631 0.0238341158589454 0.0974468819623739 0.148152236070653 0.212645705661439 0.202976460442689 0.257109855302711 0.278474082878595 0.347861708549193 0.415685486517775 0.446889008616005 0.462239658138858 0.453238582023851 0.438103123667830 0.401695398656188 0.377205550241671 0.342252122700240 0.332385108965075 0.354354435427473 0.388161597862083 0.498459193912389 0.569412369242274 0.472456985486654 0.442007672988998 0.423847019981863 0.394055070978609 0.340864056372394 0.314282995179167 0.284972275411025 0.285025704730404
# FDY_4_3:
 -0.402544075751431 -0.453009354987896 -0.492292759083633 -0.560218734464828 -0.595643021624803 -0.632484443656606 -0.644247874404355 -0.641170671743450 -0.639131161927876 -0.616439563731628 -0.591010863017148 -0.573162136847497 -0.558961752402826 -0.513464638060657 -0.452670328973771 -0.372954898751367 -0.296798368471675 -0.215613948733259 -0.180989075798719 -0.162918695794367 -0.191065491892720 -0.175510056008579 -0.167988721619985 -0.142253234243350 -0.142345970540262 -0.0663470820613520 -0.00202020273094142 0.0716470156186978 0.119587725662824 0.189031168797796 0.182345910048496 0.248604697317765 0.289227528040498 0.350372040119595 0.429337243179066 0.458892206540524 0.479416883203259 0.461198790961492 0.438006785883749 0.405953177620003 0.385935010261136 0.357521271170768 0.372581800311217 0.382287304681156 0.470091775818096 0.529983054247960 0.571503706210126 0.503003495263718 0.449116816662128 0.477905851752856 0.392347257437445 0.350449822552514 0.376499667747419 0.357736899656357 0.382672220558327
# FDY_4_4:
 -0.385194359249175 -0.439874638973340 -0.477155606264027 -0.554930752807324 -0.578254584020814 -0.616727232913992 -0.631257258059773 -0.630303277276229 -0.619747656865158 -0.587942099948825 -0.563798727888310 -0.551064957448823 -0.540244174992189 -0.497803546931215 -0.431004482512710 -0.354113376749237 -0.280949711077602 -0.204823371091024 -0.172829516455670 -0.158168435220080 -0.172471673644782 -0.172916127107369 -0.171842071467731 -0.123431868942812 -0.140478628040425 -0.0646824519497361 -0.00617297178896989 0.0747184720982196 0.104346323312019 0.177053331052914 0.167697945882516 0.236125502854172 0.274764106313310 0.340568926661499 0.412755003113684 0.458151465161077 0.458098148231709 0.440918576083741 0.422743300830180 0.393382414444893 0.351790949888066 0.320489069199470 0.354559958405310 0.356977031526256 0.450340655976997 0.518772141240877 0.519985851280875 0.456532649325590 0.474947208413036 0.425766163311127 0.380494992475143 0.382794676427837 0.421938191288733 0.379337441624136 0.372133063263959
# FDY_5_1:
 0.00327905258439039 0.00327902008164855 0.00327907109128684 0.00327902756787886 0.00327902158439581 0.00327906622900382 0.00327905328497931 0.00327905859785922 -0.825229331736079 0.00327907177818805 0.00327905465500784 0.00327905420667847 0.00327906274189012 0.00327902672504194 0.00327904433319066 0.00327897345212875 -0.453847398569797 0.00327901229887857 0.00327905363540921 0.00327904265973373 0.00327907175158622 -0.332344120124602 -0.310954801668862 -0.309101147494227 -0.299895407712284 -0.257835910719477 -0.199693939953472 -0.131734595090748 -0.0980887898322560 -0.0642886577617661 -0.0417748964875100 0.00327900822247003 0.00327905832479232 0.00327906692804820 0.276000473801914 0.361745403215459 0.405825887376660 0.346648640443059 0.00327903776922618 0.00327907505122056 0.296299116736669 0.00327907356583808 0.273778194084783 0.414859245775667 0.366517459477808 0.293793774614586 0.00327907685428137 0.00327902262836162 0.00327903550623727 0.00327905516291889 0.00327905896253196 0.00327906310687993 0.00327907919475763 0.00327897695127728 0.181112274136457
# FDY_5_2:
 -0.0559434189485152 -0.117708242710142 -0.000457167681554906 -0.209748354430487 -0.000457243940618859 -0.000457236031501054 -0.000457168163177648 -0.000457209144305472 -0.197948602720532 -0.000457211670540693 -0.0914107341990268 -0.0731595891251243 -0.000457223815627408 -0.0360939760602169 0.00604042203769051 -0.000457243842247770 0.103546034849865 0.130757958381983 -0.000457223191269953 -0.000457166274073664 -0.000457107866956299 -0.000457166466668048 -0.000457150364739369 -0.000457170672030329 -0.000457215187343542 -0.000457194280827913 -0.000457216463439216 -0.000457222424491312 0.0187650046219722 -0.000457204466069008 -0.000457210209716343 -0.000457236029422716 -0.000457207405666906 -0.000457167810346106 0.268846773266683 -0.000457176418885765 0.273258973833557 -0.000457262409892081 -0.000457222967207407 -0.000457230508579378 -0.000457156189194065 -0.000457160843586492 -0.000457168004791455 -0.000457180673813731 -0.000457183173492417 -0.000457186611040441 -0.000457229113617898 -0.000457203921278128 -0.000457232283465394 -0.000457230963888058 -0.000457178755573053 -0.000457183914266081 -0.000457145884792289 -0.000457158086959566 -0.000457194670747121
# FDY_5_3:
 -0.728762463876878 -0.606080510914637 -0.790207840218953 -0.682210845378058 -0.704822022692570 -0.712315199982282 -0.769921963087941 -0.757610384987744 -0.761322719883933 -0.786293614463007 -0.791977399043801 -0.648029135538225 -0.711703606110901 -0.567886777633663 -0.483523866874132 -0.448616414301050 -0.371559081762848 -0.310959840861498 -0.245701308719879 -0.285398200560330 0.0565371964109754 -0.226942824615222 0.0565372249579997 0.0565372275352820 0.0565372244458502 0.0565371629865237 0.00614005033899837 0.0680022781729026 0.106218430632682 0.205857594230384 0.213076141343534 0.264757203376593 0.322929953369282 0.440174341375412 0.613063561776930 0.727625163452197 0.755929652164678 0.658060882346359 0.743321079152113 0.797208024949621 0.705027611144479 0.736876432826893 0.924106492194324 0.644199226502876 0.601949185904333 0.335883027268479 0.347319114395541 0.322236566334117 0.244404900155997 0.277198933954207 0.264002413021005 0.224423202239495 0.163312122079361 0.155290460187344 0.240565940280789
# FDY_5_4:
 0.0215026968751034 -0.711489050994676 -0.753630826921411 0.0215027706006651 0.0215027123454600 0.0215028214691789 0.0215027016512811 0.0215027193398855 0.0215027379985432 0.0215027076924442 0.0215027368911481 0.0215027938499831 0.0215027293443147 -0.651938077679692 0.0215027283957144 -0.565156305272212 0.0215027467789303 -0.391348369279920 0.0215027047912085 -0.376794285842712 -0.324517737844405 -0.317743911881581 -0.330078165515819 -0.292016414695600 -0.306024228314024 -0.262249506182308 -0.213541863512799 -0.115806214529519 -0.131319590565228 -0.0182139128110047 0.0138124347573197 0.146267146989533 0.176767348554778 0.289741705227392 0.406678836962735 0.513649785623892 0.486794175710928 0.419815775602768 0.472299549836426 0.491387815537001 0.338887316618208 0.331884929753252 0.554370547877506 0.332951438200654 0.327803154974568 0.146177663352007 -0.00491780366808292 -0.0656572466197288 0.0115831788401933 0.0307328561410040 0.00666391376298326 -0.00910998866644508 -0.00183541810326992 0.00960839516807888 0.0344726413853512
# FDY_6_1:
 -0.000398865499335925 -0.000398879731908379 -0.000398839409761868 -0.000398819195502269 -0.000398798557448336 -0.000398823847167100 0.0721380388974255 0.224379862077793 -0.000398843745286696 0.777620814064290 -0.000398818833370611 0.622425818997297 -0.000398828391487575 -0.000398866209370623 -0.000398863228205974 0.496667394669473 0.446136556993633 -0.000398872635216256 -0.000398835568521653 0.345322144829795 -0.000398804050854955 -0.000398841941629029 -0.000398813833544280 -0.000398782707045568 -0.136508376721416 -0.183221209498572 -0.263418224875156 -0.335035055335426 -0.429843064739559 -0.370437385325993 -0.408241733126981 -0.000398818706028918 -0.000398869702924513 -0.000398818250821491 -0.000398762387535938 -0.290784876796069 -0.357001779255968 -0.000398826105456655 -0.000398849892220325 -0.511271654894368 -0.574639621812826 -0.515326343598545 -0.371972587374676 -0.350155935096415 -0.214238335776405 -0.000398831348608346 -0.130701249971071 0.0906207351810195 0.327997674869501 0.353150204431339 0.334498948633729 0.313838097325877 0.349412480954816 0.330201133358039 0.367959502694672
# FDY_6_2:
 0.162444284805759 -0.0143828722236301 0.0844907338228889 0.0575850132053710 -0.0107983345752101 0.149741584980464 0.252474146633252 0.453481804455563 0.533113330052015 0.748457590106851 0.613407979030780 0.678075480357657 0.513658729332977 0.535883029800334 0.521913993424121 0.387546972661083 0.369232653294321 0.418822909998678 0.371608449967643 0.236603115835230 0.209537212450507 -0.0301446506640226 -0.179605204003645 -0.0217108150765548 -0.254901568185816 -0.376588566944383 -0.389927326360357 -0.342441783746766 -0.479728752589323 -0.470104042085464 -0.486632406483168 -0.587128227387502 -0.591392559253416 -0.506767243196409 -0.415537363379447 -0.449856836864282 -0.518127568122604 -0.546074886660636 -0.514921437135050 -0.534534400016186 -0.619715397216726 -0.564582076826408 -0.390373742050065 -0.410159331621293 -0.255078159273928 -0.130728332897020 -0.0239662812899923 0.158548063159448 0.356831958326134 0.379403293974087 0.369960631732313 0.339410430760150 0.371026047325454 0.403866990011739 0.438783736624483
# FDY_6_3:
 -0.183744956844980 -0.180786413468001 0.0934226592498556 0.117587314850806 0.210289734348764 0.282761591113481 0.164159341387526 0.236283389320075 0.396148948925582 0.834638222511345 0.688302325888338 0.494829424141604 0.227219670159571 0.451997286225936 0.455040591589831 0.420446430911560 0.401049531481777 0.241020606944490 0.253676627219395 0.157807831450094 0.108952536403071 -0.0353680527142831 -0.231198977083883 -0.249801511210261 -0.351622277024488 -0.446273201198134 -0.495391855981099 -0.455734303134442 -0.553648672255861 -0.412353632589378 -0.489697988322563 -0.508775675797601 -0.510644389612695 -0.397585819778662 -0.339715499833881 -0.351945959922215 -0.405958943279782 -0.421756341223750 -0.410593292567726 -0.515303188833414 -0.549372668540868 -0.413903108671804 -0.297501473817076 -0.273160093234172 -0.174494299893232 -0.0977027349022566 0.0189633109800559 0.238337782257225 0.414048376480653 0.444120055476678 0.443304169612706 0.431135954441206 0.484735206865429 0.499183727610098 0.544572683889355
# FDY_6_4:
 0.0485611765524969 0.0166144865196025 -0.122925869258345 0.0346260735360250 0.127369491055223 0.228330043835532 0.293820528077767 0.493403997693746 0.697731134384157 0.672604944922530 0.605350153376783 0.509743062892642 0.442005796178983 0.424045949064869 0.394169326995291 0.365377678916645 0.344034941554810 0.292977373510264 0.201782316425424 0.153486337464793 -0.0388519316052896 -0.114784556271805 -0.267006420565815 -0.515079509709277 -0.816670780452822 -0.576651969014386 -0.506795751598295 -0.582907791031556 -0.572628531920918 -0.511361320877725 -0.632989574446165 -0.498892769370221 -0.379115633990986 -0.333851185819013 -0.221975572997052 -0.396215590368624 -0.468986593417356 -0.429931275221139 -0.403540561450754 -0.465259273639756 -0.469887278759460 -0.389611723236933 -0.227671937502150 -0.244008028905721 -0.168854776625281 -0.0856572627562833 0.106448700179866 0.349486475440875 0.421626783387876 0.526305618637640 0.502280047836136 0.503077937244642 0.513032552086181 0.555796291167549 0.618024251874780
# FDY_7_1:
 -0.712024926501533 -0.756009719346864 -0.795976194438554 -0.843817004227399 -0.867751214569486 -0.891333965674828 -0.899911401063944 -0.873205906657682 -0.838276382450145 -0.789250284664970 -0.773076068718608 -0.737287753404295 -0.691973431674280 -0.643203395921961 -0.609150707679233 -0.559196822809315 -0.497685899967572 -0.430432951047327 -0.363142389062163 -0.345290385271937 -0.313352158467120 -0.296774015898918 -0.302825937569332 -0.272508440629639 -0.271070191049563 -0.230825340910175 -0.184808151158680 -0.106307171665988 0.0213448226327843 0.149368764895585 0.436963757057162 0.590977530448107 0.738425004246087 0.802654264938859 0.946690996234517 1.04544107994270 1.04768760279022 1.06037533737074 1.15258770761832 1.11609025665750 1.15587355487835 1.13166749004972 1.28134168550352 1.20022148897094 0.650335957488117 0.416141235749097 0.267964219937096 0.204524053242948 0.142492203888364 0.0990856417842425 0.0810960227683470 0.0485491894182399 0.0294263935508676 0.0274629944640409 0.0516789559750352
# FDY_7_2:
 -0.546313525300008 -0.592631775366321 -0.625971973702304 -0.678347076161062 -0.707611562036417 -0.737824194782241 -0.739231764742665 -0.717761935393563 -0.702891932618373 -0.644892620381497 -0.618733881085233 -0.602396002492205 -0.547772431089154 -0.536079656879041 -0.463931496125975 -0.454377764155074 -0.411298797073725 -0.297696495965797 -0.248251583614445 -0.213409074607483 -0.203616896967611 -0.195497103309777 -0.180058433145460 -0.168769935376112 -0.173716620886047 -0.142654204216717 -0.0824312758583152 0.00653094126078131 0.0641626004689625 0.172538657330190 0.290651515655615 0.419115801716363 0.464062263358910 0.511903658560646 0.659407269280170 0.783466266648598 0.831918583480402 0.763075735136349 0.745393678373667 0.815100397883725 0.797339504139841 0.748929567474206 0.985821523392476 0.767681704271962 0.529101833295689 0.437644384298180 0.357601806269599 0.234860893223110 0.176503804446133 0.158831081973720 0.144501166546177 0.106938997493506 0.0784558752246814 0.0775623638812866 0.105068138247671
# FDY_7_3:
 -0.710968974677352 -0.739904382813987 -0.768585987450570 -0.821880442133102 -0.850071663474895 -0.877964563614272 -0.869376158528488 -0.839765116021040 -0.795487788053636 -0.740441456441960 -0.702476363344181 -0.651904171969434 -0.635245220439593 -0.597901479631975 -0.562017501881582 -0.494767968726581 -0.421253496228625 -0.341653478066079 -0.317988954984626 -0.285661231136174 -0.283238467334120 -0.288747610701807 -0.310775546851432 -0.264128706202024 -0.274623471474675 -0.253088200056660 -0.191140736544281 -0.115720540505185 -0.0194023759258600 0.190930924882354 0.344140022261525 0.545294457213092 0.563950775466046 0.679472828909300 0.910978983720833 1.03883930098001 1.10078726242650 1.06056566860809 1.14145241279302 1.21826565192001 1.24903543517433 1.18563885019461 1.54938941681192 0.710174981132416 0.428892426125049 0.252163769629221 0.164977357700800 0.110428545276604 0.0699141329387519 0.0947730626668651 0.0870504334301258 0.0762158410563304 0.0584761112634752 0.0875449711070418 0.106828431525873
# FDY_7_4:
 -0.736930116146458 -0.771052706876826 -0.795069974959932 -0.848771698928716 -0.872269201277768 -0.908025971546108 -0.894159447307710 -0.860845597719810 -0.809948813200105 -0.749179986323885 -0.709890218470434 -0.651522429870703 -0.639442794231603 -0.613766546603522 -0.583595090740959 -0.516257268263544 -0.443612087979924 -0.343227436863158 -0.324962625415813 -0.280122290679454 -0.274336578996342 -0.290670437302214 -0.302825795579729 -0.257115632326026 -0.282618792988521 -0.249829689844867 -0.183735266705799 -0.0612984707100601 0.0342800929119847 0.371080990921739 0.492161721529535 0.733094555800312 0.729803896925997 0.868948651174322 1.01078651004205 1.08039292385172 1.13855693959897 1.26248802388011 1.25076465649926 1.29877570024216 1.27509241537552 1.08137484736035 1.38751762059129 0.596189506433634 0.305373425209336 0.126805564907516 0.0532394172869389 0.0357340177030379 -0.00279905820699163 0.0192701757584129 0.0258075640043059 0.00415897143651737 0.00312123177899263 0.0278509628111898 0.0452116420317950
