# Number of parameters = 356 Objective function value = 81646.9  Maximum gradient component = 0.00788740
# lnmuRT:
14.4601899476
# lnPrat:
-0.156142990835
# lnHR1:
 -0.191750883328 0.123348924163
# lnHR2:
 -0.452136622054 0.286478751380
# selpar:
 2.29112355885 0.247696621930
 0.297144459109 -1.23654627029 -0.158003737569
 2.78375393502 -0.310189913443 0.00615120159701
 2.01423243649 -0.379131789233 -0.0545488928300
 -1.30723044589 -1.61533692529 0.784830502977
 -0.683873261736 -1.96888973136 -1.80351969151
 1.72559013931 -0.934679291257 -2.99999999899
 1.13933781338 -0.735952149803 0.0611843335672
 1.33910263632 -0.785687593378 -1.94805601244
 0.310055068559 -1.22610624310 -1.02267627074
 -0.177472592694 0.266099191568
 -0.105280212653 -0.924935854639 -0.904198337782
 2.16940277846 -0.513040669622 -2.37949543231
# lnRD1:
 -3.09856613031 -0.0205869339041 0.110934215168 0.458879765165 0.488942298316 0.562647590167 0.528446842242 0.651779503385 0.629402173068 0.464765742361 0.505242848052 -0.455124160290 -0.310109673007 0.0536247392310 -0.121426882088 -0.808923027072 0.360071089519
# lnRD2:
 -0.0863516179965 -0.283880497349 -0.292176351749 -0.220648925529 0.258300188411 0.462254224331 0.449829470316 0.0608783858074 -0.136971651626 -0.312706750807 -0.460860575941 -0.667005492952 -0.930186153373 -0.875280015164 -0.00423148963934 0.783984721365 2.25505253190
# movest:
 0.115768116244 0.0982090914140 0.199852170084 0.423665147199 -0.120781298673 0.0685351007923 0.122650261531 0.0937483025200 0.280333038829 -0.0113713958818 0.240175842279 0.654105715551 0.0426966278412 0.452355567277 -0.0485460515469 1.22277504671 0.0177372950146 0.0738402463596 0.0490106092005 0.100394391512 0.0959943431713 0.391646001687 0.234268158540 0.471173144130 -1.45657733254 -0.553047740327 0.462663039012 -0.906792678832 -0.452282007607 0.301513784313 0.123234497286 -0.0601290452162 0.218055845240 -1.72782740961 -1.40667973505 -0.847234645457 -1.65644103051 -1.45747877430 -1.23508980922 -2.84114577774 0.219090128902 0.407149886159 -2.17281988353 -2.10443094256 -0.135754725588 -0.981345304202 1.50077652004 3.10755134333 -0.913920061332 -0.519299710932 -0.512314392161 -0.571490947829 0.126569864242 -0.00541055515699 2.01881200886 1.23432986966 3.27447679796 0.639113829344 0.354906716870 2.38907418485 1.63182221227 -4.39060625567 -0.265648816872 -3.38382221064 -2.67238594597 -3.11057499039 -2.95930286832 -1.77287652839 -0.0724419125583 -3.56050177152 -1.04708497121 0.337043088965 -2.68907340365 2.10233330772 0.489996690810 4.09543828164 -1.55190925882 -0.783294994494 -3.69305287168 -1.72757966365 -0.0697703530098 -3.12193679627 -0.285516793316 0.197082156021 -5.43213131781 -1.19698399034 -2.10310049706 -4.15798147394 -1.72829917478 -0.109064220445 3.17602453066 1.15470877340 0.677363478986 -4.28284430968 -0.591023114653 1.08144034164 -3.21633425938 1.62044904141 1.12392691105 -3.20421717977 -0.480368191337 -0.883448851382 -1.45388773863 2.90839505496 2.95645462170 6.03523029242 -4.36134268625 -0.857356871147 -6.94774052810 -3.64934232569 -2.21448287064 -5.65872179044 -0.586808811033 -1.30577212142 -5.22340600215 -1.10889442420 -0.603743787870 -0.0974836175657 2.14372103855 1.77403390514 2.75147698937 -0.108111465401 1.34913825415 -1.69483977152 -0.363759433889 4.97807894636 -0.529906035813 -0.190093124982 -0.744598779318 -6.55936260557 -2.61360430964 -0.589478858824 1.68245729176 -0.279823812720 -0.148761952571 -0.226982559586 2.31391148797 0.653691015567 -3.20747162372 0.366077686227 0.529225216297 0.358697336647 2.50910816153 1.42531562968 -2.76094468389 -1.23924999706 0.900121085168 3.69469357697 2.56175478918 3.00138443199 3.83981056612 -2.01712472701 3.25776841493 -1.02057763308 -1.57425561480 -0.320967529354 0.853362020067 1.68231369066 3.47070892743 -4.07842734557 0.267983925860 -0.113927404012 0.314949987713 3.17488190861 3.40586658986 3.89858429700 0.676592412989 2.84383432067 -1.47306467386 -0.283082130859 3.69902053363 -0.636789252603 -0.219616511347 -0.399892255947 -5.07766904238 0.992033918910 2.18419285577 1.92026862946 1.87706201300 0.872300633887 0.829928349908 4.02845611480 1.42760682369 -1.17585535749 0.158669260879 0.00727415515515 0.0625148535889 5.13190545097 0.0459429460181 -1.63894914550 1.80591235568 2.94562792272 3.92998119001 4.39866394447 3.90957831845 4.40910744677 -1.46618169108 1.72285801238 -0.552260355153 -0.0864173559493 2.65686371001 0.161240208701 3.24204468727 3.63752940038
# lnqE:
 -4.64247683101 -4.34633762132 -4.06829074419 -5.07413191209 -6.80782242426 -3.98074440576 -1.77217175742 -1.32293683379 -3.51813412519 -3.87030056063 -1.08603938206 -5.29143248523 -3.65713697787
# lnqI:
 -2.29999999976 -0.687162504825 -0.0990046127273 -0.133379158202 -0.600150077820
# lnqCPUE:
 0.0198027690975 -0.187051399707 0.139266929648 -0.191326041369 0.205704616998 -0.374930489941 -1.01935977748 -0.319531424877 -0.310727087043 0.147398289045 0.0303605025422 0.0273127715852 -0.148485246515 1.09996664537 1.11020122805 -0.571466236794 -1.98705419230
# Fmod:
 0.0972752549709 0.0199258616380 0.178889274293 4.47536940840e-010 0.0726684438890 0.102399467571 0.0112355921595 0.0357238391334 0.207198575251 -0.000426248892616 -0.156849784239 -0.0288585062278 -0.123276072504 -0.0268310017598 -0.0218868693897 -0.0417262851250 -0.0201799197874 -0.111484178182 -0.0800550276941 0.00240926144636 -0.0121157287383 -0.00999485141949 -0.0533484980520 -0.0675826125183 -0.00893604976231 -0.0154540446100 -0.0907576627878 -0.0366168341449 -0.0670556263367 -0.00244790651370 -0.0241202210029 0.00923861683265 -0.00714842449479 -0.0502075115531 0.0137652761989 0.0549455900208 0.0367115181539 0.0935309283172 0.0951983752819 0.0262439901299
