# Number of parameters = 356 Objective function value = 81339.2  Maximum gradient component = 0.0118437
# lnmuRT:
14.1522022265
# lnPrat:
-0.0474651452689
# lnHR1:
 -0.193091079209 0.112967218970
# lnHR2:
 -0.417743308943 0.333252707886
# selpar:
 1.99304477206 -0.0105887609302
 0.274233353609 -1.21628385079 -1.30357639466
 2.43377700648 0.0424657684100 0.0205013381442
 1.65193210552 -0.382663296591 -2.97128124038
 -1.34841372803 -1.67719313549 0.212148325761
 -0.745387434054 -2.02919516606 -1.81717457977
 1.59668471541 -0.916529592684 -2.99999999932
 0.741946165686 -0.713853635094 -1.29079599548
 1.03428600097 -0.761830009412 -1.99895617112
 0.260408183252 -1.17567677502 -1.31506730593
 -0.567287822023 0.00386265155934
 -0.0963513279069 -0.856245533087 -1.18943749317
 1.49615069567 -0.415564746337 -2.40762672937
# lnRD1:
 -3.07790748681 -0.183408150826 0.177994155125 0.479217200686 0.572560960895 0.635168403897 0.593238784693 0.722270386862 0.680075487944 0.484722908933 0.466852415404 -0.604655895065 -0.383690612847 0.00293102939074 -0.275806506010 -0.783248819755 0.493685737488
# lnRD2:
 -0.0995891981220 -0.282164571167 -0.327188716271 -0.259630281789 0.244020200333 0.479567508390 0.535953092827 0.0897719526179 -0.149271193278 -0.335617941317 -0.463526134666 -0.652519518732 -0.960840907513 -0.923616101667 -0.118189109085 0.775971325242 2.44686959420
# movest:
 0.115547432789 0.100352386733 0.216863487482 0.430646926157 -0.131906566616 0.0721122296470 0.137929014011 0.0994434846026 0.216243699870 -0.00534873034214 0.242645749500 0.625473734617 0.0806706208801 0.478779901712 -0.0157494301030 1.45052504461 0.0243448273818 0.0866212423732 0.0764453410604 0.106961689871 0.0818827621220 0.377809741838 0.202110468567 0.452934433091 -1.44839093568 -0.579836973415 0.520708782930 -0.878805183845 -0.451094476620 0.415974195208 0.0768432663109 0.0564764083163 0.130107564745 -1.73682610325 -1.41915131068 -1.45960131266 -1.67973355362 -0.817328732584 -1.30871112285 -2.82356710198 0.170016629455 0.452099314475 -2.14884614048 -2.10753824158 -0.127619091357 -0.957890533261 1.51837627352 3.10561432673 -0.884914094546 -0.507575791040 -0.498669356034 -0.563736720108 -0.00448431611019 0.0255668778761 1.92554587472 1.33830857741 3.24637898935 0.590061834679 0.346103316836 2.39812036220 1.62799808528 -4.22304793121 -0.232440979939 -3.32983980463 -2.60921598065 -3.05368086865 -2.92475718294 -1.76541431255 -0.0820295481353 -3.62411899594 -1.12939301436 0.650791182941 -2.76504462964 1.93602713452 0.585858728084 4.02853455839 -1.35095940137 -0.892754866782 -3.57053297898 -1.75929161999 -1.12661332048 -3.11457502013 0.505916669636 0.182843478624 -5.51214629335 -1.30519874536 -1.97510002495 -4.22650684277 -1.66076801534 -0.274257352896 3.11965809645 1.20484615969 0.764337659092 -4.24742289727 -0.483339627433 0.880817048161 -3.14427428271 1.55749797489 1.21290520823 -3.20229999272 -0.262587586346 -0.848446818502 -1.44199683695 2.89606987957 2.92810155366 6.00262419043 -4.11426387892 -0.874281362237 -6.89468594171 -3.56737543725 -2.13708101123 -5.65130245814 -0.549292969526 -1.25737959269 -5.17014018859 -1.08456147916 -0.0280792630724 0.407769097268 2.12374506459 1.96823596828 2.80619975688 -0.392505913052 1.35495937723 -1.54841848727 -0.361379450210 0.186105652921 -0.526915309875 5.07341297935 -0.742801647568 -6.62779909357 -2.68608637288 -0.590910952764 1.59106669020 -0.134805979174 -0.200632404825 -0.351722855598 2.33039378339 1.12187824262 -3.31262178183 0.420816134512 0.229223515514 0.224916461473 2.07475010136 1.75702320928 -2.77903640409 -1.26298812714 0.849811628784 3.72400712937 2.62448293971 3.02399613526 3.88856279966 -1.78112001983 3.22407198844 -1.02193846089 -1.58118019628 -0.231357810503 1.35210869046 1.60274678829 3.43413225745 -4.19251974560 0.260047180302 0.464671465563 0.509226952812 2.92987220893 3.41511706057 3.85414818042 0.350389265227 2.59681020629 -1.37488999831 -0.318228667995 -0.255003472595 -0.681643531387 3.90497955368 -0.451153307830 -5.18307011082 0.964734749111 2.12224992727 1.94132509751 2.00452792921 0.885977363637 0.877539099680 4.01004554623 2.21615878400 -1.41253230609 0.228039536429 0.0312898825985 0.0472270729040 5.07467793306 0.0306115735437 -1.75454593185 1.89938500978 2.89530745878 3.89817420926 4.36650532481 3.85494851215 4.39097174549 -1.30912597146 1.68681685536 -0.538203114973 0.00391626287584 2.80652734769 0.213217925921 3.19520324116 3.64662555088
# lnqE:
 -4.80103995434 -4.25753417871 -4.26179171098 -5.09189321012 -6.72412759490 -3.71574131833 -1.75502186475 -1.47151497331 -3.59969652989 -3.82256562301 -1.30359750939 -5.19897615903 -3.81028713461
# lnqI:
 -2.29999999975 -0.677151310598 -0.0988841379591 -0.129727831069 -0.604309792595
# lnqCPUE:
 -0.0252103410665 -0.180155600283 0.140972436662 -0.205174210008 0.213046796422 -0.382254357588 -1.03098354800 -0.310808490084 -0.310144681957 0.184263241404 0.0547657897238 0.0473947806571 -0.141815675322 1.10371536087 1.11876099083 -0.521561236216 -1.99338411172
# Fmod:
 0.0905207821250 0.0206953436606 0.169817892247 3.82658256193e-009 0.0675694185517 0.101925689185 0.0110565614081 0.0328434684716 0.194774553232 -0.00811429840133 -0.140373860612 -0.0249243831252 -0.114778833412 -0.0266903129574 -0.0205209272334 -0.0358194769162 -0.0199816260282 -0.101336165744 -0.0750544423019 -0.0134142902370 -0.0124398226174 -0.0101918857327 -0.0550776626462 -0.0713513144230 -0.00914851311454 -0.0129945012992 -0.0914714529945 -0.0379491999085 -0.0650571763234 0.0141027170392 -0.0236460255563 0.00883871544541 0.000149772939383 -0.0483404062385 0.0129107956654 0.0550006941843 0.0344979361397 0.0910571644088 0.0932379517757 0.0196771175183
