# Number of parameters = 345 Objective function value = 37391.2380382130  Maximum gradient component = 5562.86011396768
# lnmuRT:
14.5474684815
# lnPrat:
0.446804298139
# lnHR1:
 -0.149167558515 0.0672567322136
# lnHR2:
 -0.672837593223 0.248953912084
# selpar:
 0.228202491442 -0.231684003966
 0.147801433849 -1.24932687815 -1.40343439029
 2.06293728624 0.472139869896 0.0149957200890
 0.876679965418 0.0286326145789 -1.99946290873
 -0.786198289568 -1.16609908534 -0.442668509725
 -0.452773570941 -1.73505968595 -1.92403952013
 -0.866386312707 -1.42776852242 0.716835849074
 0.512258156574 -0.956063013649 -1.48995911446
 0.659819527072 -0.984911980365 -1.95971501858
 0.611505189307 -1.14943079105 -0.874813229614
 -0.367878886290 0.240737798275
 -0.673206466081 -1.35081900063 -1.07552419442
 0.723969534846 -0.706359230828 -1.97086899341
# lnRD1:
 -4.62774962291 0.162554877485 0.139541624646 0.408424960714 0.344662828178 0.548559983340 0.508309553399 0.541227939091 0.349668449856 0.297342786188 0.825841375115 -0.374243302018 0.350818783932 0.889915880097 2.05143207709 -1.76821385209 -0.648094342114
# lnRD2:
 0.351025957345 -0.126085326665 -0.218902284320 -0.106990543130 0.268106516310 0.481293607667 0.455201705336 0.0515102442053 -0.106330264149 -0.282490616513 -0.369097460855 -0.621779863954 -0.812614630385 -0.732052139105 -0.238189005588 0.578421791284 1.42897231252
# movest:
 0.105965076597 0.0470850590625 0.335873560476 0.359883123154 0.00249936564100 -0.00997662643333 0.0839273930976 0.0668426856195 0.250529443069 0.0373246418314 0.343435404077 0.661666660505 0.0268409227595 0.118575458333 -0.0191868353721 -0.0131119748738 0.0412070510202 0.0428935539952 0.0501422878616 0.0548967722491 -0.0111625543246 -0.0211936709929 -0.114066648591 -0.0261392379708 -0.427753433361 -0.0441954220415 0.659237225874 -0.391112894922 0.245381736427 0.297853923920 0.621898583398 0.0590212074164 0.414297084966 -0.848390161470 -0.726183045884 -0.752818580106 -0.802402141867 -0.775104415525 -0.456498400989 0.664004136386 1.02026737304 -0.514724525113 -0.519793157492 0.615000397563 -1.44520165682 1.07358946806 1.84962531425 -0.405046866295 -0.340788292678 -0.270470950614 -0.402856528276 -0.271142949223 3.63574794918 -0.0164022079542 0.595252526479 0.254674922396 1.13513260214 2.65923575858 0.973713951364 -2.99800967216 0.829214062436 -0.970081116426 -0.702480416067 -0.487373479521 -0.990819162182 -0.860447554137 -1.02018606991 -0.358983549905 0.257613064710 -0.941509478793 3.54034176316 0.352306682545 0.812239151070 -0.581863196335 0.417305434826 -0.866797934504 -0.622977658554 -0.508674025467 -0.768625286790 -0.292108767528 -2.49350063324 0.0509411034015 -0.394237951733 -1.90329286301 2.96831753769 0.00892058999531 -0.132854454703 2.13297710317 1.13234506660 -1.22320596722 -0.180716589299 -0.160160752588 -0.860464146756 -0.0463970726930 -2.42338525546 -0.736806801033 0.130111706663 -1.46345252085 4.53565074734 2.03480789256 2.24639585474 -2.11333846413 1.03008616412 -2.85323614926 -1.22506094278 -0.714631753161 -2.24989532929 0.120981873502 -2.51690824014 -0.0347027380392 0.125178034564 0.0326066303157 3.32584603710 1.35259336146 2.21332921885 -0.223226313922 2.11539226398 -0.670569106578 -0.232045987014 -0.0773035379963 -0.222263884874 -0.103397460640 -3.94803453772 -0.0555182994222 0.217897332658 1.05079264891 1.46145027035 0.216822779731 -1.18182181375 2.21171037224 0.835274214053 -1.30701610207 -0.151349938800 -0.0155075305205 -0.165082653934 0.159405892988 -2.05406834147 -0.706372974345 0.224101121611 2.99195735744 2.67085368469 2.11289627106 1.29329665316 -1.23929009386 2.82729101976 0.383753041897 -0.622607466438 0.0318970967122 0.693821335972 0.691712394476 -2.45037347821 0.177059716616 0.0682413549852 -0.137774571231 1.97393633027 2.03833193141 1.82742524418 -0.103982984217 2.23376467844 -0.517649767925 -0.382178979941 -0.365997865561 -0.380305740683 -0.368793495839 -3.34771895050 0.343982863305 1.36947663082 0.606470159535 1.12465641325 0.663817586453 -1.55771532901 2.17124428242 1.57125562372 -0.482909422014 0.0485208160740 0.103505348423 0.0836038747012 0.0825182950533 -1.33632132403 -0.478345451194 1.07167271442 2.18078862246 3.04584390993 3.09117333095 1.23602234053 -1.93021175772 1.59420398014 -0.222157987929 -0.630567309951 0.937315470154 -0.655544252436 -0.211621083345
# lnqE:
 -5.80650972212 -5.09384742893 -5.25483421367 -6.29518291885 -7.65922565878 -4.56931865221 -3.58988393180 -2.25424118937 -4.53826117320 -4.84540607396 -2.12984541136 -5.68892868272 -4.68689280707
# lnqI:
 -2.29999999973 -0.620043408895 -0.118709653582 -0.134767252634 -0.447588739428
# lnqCPUE:
 -1.55437931315 -1.88116273275 0.295482571677 -0.241885712990 0.364878798429 -0.245690207448 -0.810328518755 -0.253510219102 -0.253176108828 -0.265114706748 0.113542118196 0.0151519269940 1.79505554414 1.58070385644 -0.0733272122942 -0.0980079776952 -0.481320742438 0.542106431377
# Fmod:
 0.688988009172 0.504494145330 0.546641107596 -6.94519575184e-010 0.427050593306 1.01592462079 -0.000248931851194 -0.0827056442278 0.442887195464 1.10214243888 0.856160686024 0.126275061761 -0.327072833714 -2.00492827923 -0.574205889449 -0.256710722490 -1.53107959761 -2.25511589327 0.269719951267 2.83326829898 -0.877431836298 0.609712827357 0.0782664834441 -1.78995227432 -0.254912179925 -0.0532652085952 0.120749522028 -1.46472847965 0.532147994123 2.23850100887 -1.00019548160 -0.115515830773 -1.29148232787 -1.84005886652 0.00311538458297 0.778223918481 0.0518683842910 -0.128482462910 0.739147808279 1.88280730097
