# Number of parameters = 1827 Objective function value = 7985.47935445145  Maximum gradient component = 42.1605172718792
# lnR0:
 12.5897725702801 13.9008670485077 11.6958513039010 11.1672499903211
# selpar:
 0.453198488002382 0.0924063223950249 -2.73260405040753
 0.593384850072312 -0.0107165472519535 -2.06053519962823
 -0.412580077424457 -0.648316421540915 -1.52530792523388
 0.498726756899815 -0.543939976591929 -0.928322818127986
 0.575859481534389 -0.222499186577919 -2.01753020770642
 0.462100110885210 -1.03151576617177 -1.43459956321146
 -3.11600537816710 -0.0793400593201001 0.00488890407589171
 -0.971348914098328 1.07648191859558 -1.53989872435761
 0.735561391773894 0.132269285762254 0.800003403583810
 -0.00262325540398844 -1.76969553117649 -0.346109923985551
 -1.65065370224017 -1.61333528182988 0.473922910719951
 0.455582141421482 -0.390730296443531 -1.63577629364010
 0.652327192544342 0.610979420989874 -2.36471566539048
 -2.90176585621359 -1.23664923720755
 1.15105475041742 -1.82990415992128 -3.56447335776780
 -1.93446889458069 -3.10855413226375 -0.235512151643535
 0.518540976664847 -0.101663391327611 -1.96755702652986
 -1.83391904433140 -1.92207889208916 1.61209128234023
# movest_p1_a1:
 3.27340225648277 -0.0365687223901627 1.36993626546154 -3.42203306705981 1.55019171676093
 -5.03751227665498 -0.902419148073395 3.58389283950180 -4.05996502723075 1.34961872665726
 1.10007005820205 0.352363690450606 1.14706727975276 -3.82941509453331 5.55913034202549
 -5.98693680911046 -1.50840678580205 -1.91060500921498 0.127982734666769 -1.03576366090482
# movest_p2_a1:
 -5.02845532199832 1.50012739565713 -1.82367785788878 -1.33020560868643 -1.58934036559833
 -1.37550181659271 -0.476238350525696 -4.89021200052899 -0.342138744817178 2.04718575059727
 -3.63268884271864 -6.14321062013084 -1.68135561860658 -5.16419390232659 -2.46488954593666
 0.437479357681779 -1.71510908982755 0.682136319347228 -2.45246800339264 3.30599121253650
# movest_p1_a2:
 -4.37683746258221 -6.05262286546783 -0.663995932057093 0.204373327707623 -2.48750889621285
 1.92667853452827 -5.14874574007040 -4.21625687579897 3.04283393339835 -0.241194424662363
 0.0692216791485478 -6.00848058437452 -0.463281317393617 -1.93004765408314 -0.101323680283942
 1.19605190929941 -2.93261570480067 0.932909507039200 -5.66843637709245 -0.153007850347974
# movest_p2_a2:
 1.74147219710481 -2.55206690749575 -4.88475420721980 -5.49427390167204 -5.42071260214140
 1.64744338676813 -4.02699377799392 -0.202565850922680 -5.40264718772316 -4.89591445575014
 2.77442699022122 -0.715661362293744 -1.75481134959847 -3.11371236921214 -0.706621662947327
 5.35556039076642 1.26544468432017 -0.223735114617226 1.89314545404760 -2.09513266717205
# movest_p1_a3:
 3.80920407720916 -0.312170738939357 1.87843774676515 -2.62814258223757 2.24256997792661
 -5.35658149916201 -3.29153585682719 3.01249754855326 -7.54645731977792 -3.58693419926423
 -0.566607629310593 4.67658326124749 3.96756238200715 1.76672894457914 0.548349361070400
 0.177563546658678 -0.198599697467187 2.32752158189774 7.99984343300877 -2.88293024731353
# movest_p2_a3:
 -3.05489453765898 -4.33742132901209 -1.64274632291739 -3.16980630720154 -3.03874215329336
 -3.43353297321958 -3.23792926517793 -6.93423854679555 -2.88586814137064 -3.25695618449766
 -0.627948056873507 1.70957842488216 -2.16713690985711 1.26573715579041 -2.97147069716912
 -1.24939824454558 -0.00370418573724507 -2.51916544376731 -1.78698072685805 -2.95791342204801
# lnqE:
 -4.07464710102385 -2.50669072038398 -1.71258179342966 -2.89911243828934 -0.986049313959345 -0.775528398221303 -1.91656580254538 -0.0349642582229670 -3.72917664122897 -2.11035565287353 -3.40447236558226 -2.68877822101582 -2.42297737596224 -0.872122450303683 -0.503320976270910 -3.06820229240217 -3.58747617981588 -2.36081459284158
# Fmod:
 1.33135479666848 1.19748430772110 -0.000163831107844586 -1.84883060980511 0.298933300225347 -0.452703545554742 0.618476046777450 1.37200560996043 0.952891829799885 0.00151076001768922 -0.736005285575855 -1.54512640483762 -0.921997214718996 0.756444653019999 1.02436461700031 -0.227015200500050 -1.54134807543683 -1.06310788727743 -2.33786533500441 -0.829368416795441 0.581526764307910 1.44129219429436 0.161439135605271 2.18348287899962 -1.74237243156163 0.752931489065190 -0.0220680346707437 0.593833889383642
# visc:
 0.988785930858052 0.765750081265527 1.12038132179562 1.62073917761438
 0.400695582229200 -0.486046550498108 -0.778079620812027 -2.99999098024920
# lnRD1:
 -0.598087504715472 -0.299913464059960 -0.0114625984056271 -0.00733532703776272 0.0224293441072456 0.101236798323813 -0.0533366835845548 0.0775257623764081 0.277610938105979 -0.0170419347556254 0.778012778484238 -0.269638108838682
# lnRD2:
 0.127997336040592 -0.398660089433957 -0.187352662517363 0.214743287162076 -0.0641856086837206 0.0412412141001673 0.150482926407725 0.229082857664297 0.480892312457993 0.253983245403193 -0.412289416206810 -0.346806605967542 -4.30460231556629e-005 -0.165866200929970 0.200709689700593 -0.123929239174117
# lnRD3:
 0.323166029174042 0.0167649756270269 -0.344481380302962 0.498733494923406 -0.494183119421513
# lnRD4:
 -0.169466689540238 -0.138262205934134 -0.350610699066437 -0.485223639333511 -0.154598995358089 -0.821629096514177 -0.108437868206663 -0.630983983440947 0.201210391119607 0.0999821993879837 -0.499421684555797 -0.00858039191176285 0.306385024201657 0.345756362866214 0.0712737841987663 0.448943883515987 0.640785837692401 0.221098022561256 -0.00286502104350750 0.173753646434822 0.604534522916246 0.235831245228663 0.0205253547816613
# FDY_1_1:
 -0.0241785882353500 -0.0241749860102682 -0.0242171749422206 -0.0241911495590574 -0.0242097162142254 -0.0241722374792761 -0.0241180358273023 -0.616848554938646 -0.674844099947776 -0.695655694773448 -0.690862889535513 -0.673074257137929 -0.607998745760211 -0.532700253437558 -0.413371622667694 -0.282021736433026 -0.234422264296921 -0.173308097722620 -0.149290817310059 -0.131164493858039 -0.115539337679122 -0.0652330326921146 -0.0394984933318134 0.0132579214533950 0.0944225809321913 0.184774781167474 0.223492573830147 0.287370533782275 0.290793690316966 0.324440481833080 0.310483379931638 0.366034027450618 0.433113363678634 0.480541746002549 0.564005942941631 0.472640952183391 0.353412891917686 0.292909083467296 0.239562217852437 0.244351000284488 0.280773441644642 0.269687154208264 0.325708774183207 0.332527390562306 0.299381714393448 0.248964408959467 0.189087701983580 0.185772511766564 0.193872597110521 0.116169050959667 0.00583760470755594 -0.160014542479939 -0.306427286029583 -0.402910104935404 -0.488941306270006
# FDY_1_2:
 -0.0249020870402293 -0.480477486657756 -0.0249408503120839 -0.519502299242410 -0.549198822830907 -0.570662724548791 -0.0248433300830843 -0.564015967491864 -0.567420098298208 -0.577018668008210 -0.607109001783122 -0.576708152668844 -0.490058027499033 -0.398437998450181 -0.285726756402267 -0.178394355075669 -0.0754709007458355 -0.123609441164063 -0.0979776709877972 -0.0798905002329670 -0.0213252589309755 -0.00692046044426065 0.0263032403324147 0.0913002290918027 0.137028248622664 0.235825760003814 0.276509940514574 0.329167268026271 0.315446681701020 0.366533259603768 0.384465938469676 0.443794762975378 0.461520315708314 0.491795658599400 0.573074005747968 0.477633199880914 0.346714430915199 0.297422519324574 0.250840154992409 0.277719174367612 0.300801476513168 0.307149948286635 0.343791772574897 0.357671724943313 0.338434052168719 0.286722136127375 0.225982247967461 0.195262965737172 0.172877861229056 0.0758452764609937 -0.0503303646819565 -0.207232217970769 -0.348928070273722 -0.430550671156604 -0.505982067904955
# FDY_1_3:
 -0.0185938942529444 -0.0185827647759217 -0.0186134088927223 -0.0186105477864841 -0.0185487158330628 -0.0186130437193285 -0.0186253990471320 -0.0185138562843431 -0.420237396382220 -0.468977667362966 -0.349071392240964 -0.329375398309674 -0.283602404771526 -0.209642180680633 -0.108694458601006 -0.0376627422702051 0.0634848994521627 0.0171597546118998 0.0177808906248676 0.0229912280862277 0.0611475089954897 0.0861123513042650 0.115560796203038 0.182523093101413 0.187813024609042 0.223522881632208 -0.0186236226615281 -0.0186007276235870 0.216332824141546 0.156438151188308 0.212135570283303 -0.0186470987946145 0.364462942275692 -0.0185824330987045 -0.0185794189797270 0.320241810079685 0.180049148304170 0.115602657156196 0.106894077644063 0.118327430044339 0.140364028695726 0.160109829393748 0.139516921445882 0.129458331050656 0.144885126986148 -0.0185974337978584 0.116249344001150 -0.0185939134043013 0.169111132707798 0.113973343792491 -0.0277082829000352 -0.187902951768296 -0.317270867978817 -0.415495037162720 -0.447682038430191
# FDY_1_4:
 -0.0261399390206118 -0.0261915827284882 -0.0262102515101811 -0.0261837861167133 -0.0261415138931251 -0.0262375469069995 -0.0261547322979243 -0.0261733161189041 -0.703883079106407 -0.727187946560038 -0.0262296264876959 -0.682163777762974 -0.586591364725858 -0.493333825913141 -0.393048813173509 -0.302611513198599 -0.128226451453366 -0.187444304271168 -0.147383004178361 -0.132436759569923 -0.0799067145976868 -0.0332966991386685 0.00244404368525536 0.0373672746236189 0.0957856046390487 0.197108525997017 0.217395587750155 0.290653583133716 0.329453224877749 0.445448557604652 -0.0262073886796831 0.453784405708700 0.442558618196019 0.485205706263476 0.577343384645516 0.386049841640188 0.328463894716271 0.331563951974470 0.281622924756470 0.296414870792402 0.259316619712901 0.312015149961584 0.278869290715922 0.263119396787811 0.247849179044084 0.174085806914891 0.148794687702740 0.115757034705574 0.0173284536122414 -0.0779841220909307 -0.225593955087956 -0.351496617515054 -0.440647880705092 -0.491371746837457 -0.569321360515959
# FDY_2_1:
 -0.0873058717066599 -0.197261093469528 -0.230271484585086 -0.238215828541825 -0.226577069312914 -0.232977112012793 -0.229836540459622 -0.223020212396741 -0.243133314836290 -0.235080124543183 -0.245838914042234 -0.204009992142433 -0.142905605339259 -0.0944475901172424 -0.0431330581946816 0.0362343704141215 0.190606960060413 0.141704713499216 0.127048999312507 0.134077812073196 0.158734110035962 0.133307546028352 0.156856990651854 0.139950211183513 0.129221427971673 0.143524398227376 0.163476924450154 0.144632791195208 0.205241502572363 0.188165727103884 0.0909950307291924 0.106125822977352 0.0248457104630515 0.0499507424686301 0.153174635255814 0.201224617760392 0.154250724820700 0.161763236797023 0.122596628080951 0.114468151308642 0.102675851785324 0.0811671107802634 0.0913935448855771 0.106632372927539 0.137833761931506 0.147634548495902 0.106767083911191 0.0507295443462206 0.00838262002242684 -0.0513584577111375 -0.0986315153639539 -0.167417079603962 -0.239443057004066 -0.319473568207359 -0.455058734936520
# FDY_2_2:
 0.360477221697000 0.228659658016416 0.255650865410350 0.227482423130509 0.202926239377235 0.199537161928292 0.222477099624828 0.240419099000040 0.214359480938766 -0.0881370529774651 0.279709633906475 0.308818514153900 0.368422237418357 0.379476527530314 0.383042814852579 0.387263041176424 0.447616601245396 0.360489468436101 0.331654324741273 0.298259058757152 0.292032351264606 0.192511047278842 0.140615285973906 0.187660813506775 0.174364080666669 -0.0397499354760156 -0.0854380372275608 0.124895832037938 -0.184266398000447 -0.319994712690507 -0.395837510135698 -0.378644677905115 -0.282817121532182 -0.156650865417092 -0.122744518074380 -0.160691543946849 -0.177665917918358 -0.211461914830601 -0.260186426960983 -0.287166035691818 -0.338276063252888 -0.318614055952319 -0.376040281620125 -0.423945936121581 -0.293183011613585 -0.318613171218912 -0.252622009560574 -0.141222495739430 -0.0399067232497024 0.0323613090919703 -0.0342177277367564 -0.106382800083244 -0.248022992731836 -0.368309554944829 -0.430372698551259
# FDY_2_3:
 0.0468848118184986 -0.0530133242342247 0.0384938486383440 -0.0337062303771236 -0.0525519889196073 -0.0548791770667054 0.0183428208723400 0.0593183129903659 0.0543342028323388 -0.0626567848267138 0.111045192328341 0.125638513516603 0.197690716617274 0.236242062306586 0.291189572040216 0.348770385090556 0.429088979750953 0.392775296370191 0.393964283902184 0.363806511858292 0.331057659903270 0.241218850580343 0.207085305563405 0.294602968305819 0.289645320699707 0.130717547742745 0.0420317358141671 0.144793652696303 -0.188998738761808 -0.228449309947626 -0.351925524837232 -0.256148004085462 -0.0844702255124416 -0.0252711713916924 -0.0110502532533778 -0.00541129399508607 -0.0511652899991204 -0.0926950532357433 -0.0892600506810947 -0.247378604043877 -0.229754805060885 -0.269310075363916 -0.496780507874121 -0.413472347269857 -0.260116177945874 -0.249336040728848 -0.191025698155183 -0.0528376623997171 0.0724209159864891 0.115966942322685 0.0411843654436024 -0.0771735164797946 -0.218148726807767 -0.297093180977874 -0.374231011758847
# FDY_2_4:
 0.342087886581663 0.343248987165770 0.342916062818829 0.270907920049995 0.247326849245589 0.269779796534197 0.347849140806263 0.353053362457678 0.268963771055990 0.206407667711962 0.295362122093944 0.289144809099252 0.337216085659080 0.343941715453318 0.364808214195788 0.358652113605196 0.403138409130511 0.334682754331511 0.331851901635883 0.301518286723553 0.273758453333043 0.171477180521754 0.155398163411095 0.245513132064632 0.254604223066252 0.0679729004219074 0.0793386174815134 0.0207687373020105 -0.299785994729651 -0.440201395931120 -0.503797598291425 -0.338531253169654 -0.226114299371117 -0.183981283329092 -0.221604231749120 -0.237051374941444 -0.225070157555380 -0.178261987890241 -0.232274131593382 -0.296827701029943 -0.324088177084091 -0.312991195939874 -0.303279939418970 -0.244840506784057 -0.330198542247075 -0.355777908124684 -0.286223509644569 -0.137566029390203 -0.0367334350885842 -0.0200416173631512 -0.136802221652621 -0.252591772363643 -0.413031927494339 -0.521642259519744 -0.562378812261005
# FDY_3_1:
 0.00000000000000 0.00000000000000 0.00000000000000 0.00000000000000 0.00000000000000 0.00000000000000 0.00000000000000 0.00000000000000 0.00000000000000 0.00000000000000 0.00000000000000 0.00000000000000 0.00000000000000 0.00000000000000 0.00000000000000 0.00000000000000 0.00000000000000 0.00000000000000 0.00000000000000 0.00000000000000 0.00000000000000 0.00000000000000 0.00000000000000 0.00000000000000 0.00000000000000 0.00000000000000 0.00000000000000 0.00000000000000 0.00000000000000 0.00000000000000 0.00000000000000 0.00000000000000 0.00000000000000 0.00000000000000 0.00000000000000 0.00000000000000 0.00000000000000 0.00000000000000 0.00000000000000 0.00000000000000 0.00000000000000 0.00000000000000 0.00000000000000 0.00000000000000 0.00000000000000 0.00000000000000 0.00000000000000 0.00000000000000 0.00000000000000 0.00000000000000 0.00000000000000 0.00000000000000 0.00000000000000 0.00000000000000 0.00000000000000
# FDY_3_2:
 0.00000000000000 0.00000000000000 0.00000000000000 0.00000000000000 0.00000000000000 0.00000000000000 0.00000000000000 0.00000000000000 0.00000000000000 0.00000000000000 0.00000000000000 0.00000000000000 0.00000000000000 0.00000000000000 0.00000000000000 0.00000000000000 0.00000000000000 0.00000000000000 0.00000000000000 0.00000000000000 0.00000000000000 0.00000000000000 0.00000000000000 0.00000000000000 0.00000000000000 0.00000000000000 0.00000000000000 0.00000000000000 0.00000000000000 0.00000000000000 0.00000000000000 0.00000000000000 0.00000000000000 0.00000000000000 0.00000000000000 0.00000000000000 0.00000000000000 0.00000000000000 0.00000000000000 0.00000000000000 0.00000000000000 0.00000000000000 0.00000000000000 0.00000000000000 0.00000000000000 0.00000000000000 0.00000000000000 0.00000000000000 0.00000000000000 0.00000000000000 0.00000000000000 0.00000000000000 0.00000000000000 0.00000000000000 0.00000000000000
# FDY_3_3:
 -0.664273123138369 -0.739025027260900 -0.755516463533953 -0.795739352448629 -0.823200428567714 -0.837054283853558 -0.805979333263820 -0.798343065743469 -0.805342504293470 -0.837559348921312 -0.794726446205268 -0.784794534418164 -0.687646443384261 -0.545713301413237 -0.431372914166226 -0.378410683322284 -0.213115387573010 -0.145732311721551 -0.0877022640338027 -0.0361309915145164 0.0262709214687623 0.0488859781362464 0.0785896866780454 0.125159504540408 0.151428193039904 0.284597856271942 0.360847659715944 0.443610752594405 0.486364061044612 0.592922720004289 0.674067117793046 0.624414476506526 0.620595213516692 0.698727337639748 0.745423318361438 0.705519902168856 0.652982717074181 0.542835247516364 0.567869835994943 0.592947734585405 0.474442940779388 0.478635024760355 0.558337815033952 0.488577293158040 0.439997359370075 0.358230721015393 0.383485596851462 0.277954460840076 0.212450883484306 0.141181708291223 0.0215686190630840 -0.0978611569987426 -0.180170530862243 -0.255279732380286 -0.358233028280326
# FDY_3_4:
 -0.356631739573880 -0.406893318713143 -0.425804442807900 -0.455631425804256 -0.474394437391400 -0.454912948564861 -0.422989981732898 -0.424535364377684 -0.427216973904346 -0.432562773833215 -0.432678081685627 -0.382509602756649 -0.308432273158665 -0.227439452645279 -0.118649669167943 -0.0654893018402335 0.0941432367517014 0.0794822503358820 0.0859274966350598 0.0794321836617972 0.102141336317005 0.0878701820875320 0.108375502481504 0.188718998917593 0.260464308047539 0.232556530063395 0.271216761465465 0.286396139119169 0.266194506948186 0.130240621533479 0.188708038118097 0.217818592691088 0.315479718872513 0.315717187915945 0.328848984188127 0.336936104803837 0.305473241431317 -0.0396327239321582 -0.0397257007630912 0.226307170693226 0.199676100025586 0.270232968802944 0.249290403997338 0.359278905816753 0.284821879581525 0.277848270583793 0.160638033350407 0.205657046108598 0.185463700590587 0.158525342683353 0.0315351546668034 -0.108003974955859 -0.220522794114517 -0.296621860794945 -0.370138056768592
# FDY_4_1:
 -0.310226327605539 -0.368097489732249 -0.405511442826645 -0.458488579158603 -0.489122856096323 -0.518197200847906 -0.505174866154966 -0.492880122411337 -0.472618829066700 -0.434357286499673 -0.414302897352788 -0.378099447339067 -0.358840234939843 -0.310328875847089 -0.251830967647738 -0.188906209491903 -0.127602978772382 -0.104521864126793 -0.0524234347381482 -0.0292105637842232 -0.0821913149614110 -0.0289950675460554 -0.0191677544861978 0.00104783665668647 0.0130498721159281 0.0422941403207858 0.0924742116655427 0.155717251994286 0.206579717258979 0.251932112383284 0.242665298308033 0.349560385311186 0.312926773882638 0.326994633521456 0.383507226232734 0.467304816077303 0.490808249592529 0.499294239107114 0.462165790181859 0.424584921538209 0.404216592015758 0.397209195397733 0.426934990968864 0.446173713570689 0.455389418010745 0.416505024699637 0.326962522210043 0.260851724874836 0.156440821667480 0.0394085007677308 -0.0730166665340852 -0.165149811666183 -0.261376533968568 -0.337628957028367 -0.414731399701285
# FDY_4_2:
 -0.404251162029542 -0.461408511561990 -0.496812714386489 -0.559933784733437 -0.585171676583065 -0.608799962454603 -0.610096124889531 -0.596018550187909 -0.573918113626286 -0.538107423887578 -0.495772934043896 -0.453902646017859 -0.420552376519516 -0.358560281384331 -0.291321844082219 -0.221132559689812 -0.156874404850919 -0.108137682652527 -0.0874033751177010 -0.0637083718132917 -0.0680243951469310 -0.0565799024324155 -0.0424208070296949 -0.0285357712995888 -0.0365034548621827 0.00219758756498807 0.0750692334957939 0.142886700804922 0.273824681819353 0.389536768238547 0.376596345562530 0.549695086560412 0.441890268175565 0.372046520267216 0.476982825710473 0.595915774915832 0.623932240369211 0.642362842138029 0.557343325372707 0.504198597706337 0.510264344195977 0.518709985843100 0.559851960008493 0.594631108783512 0.583344356803835 0.524064500168561 0.371888244988541 0.246077998330674 0.0890664980292413 -0.0759694825196075 -0.180793174830816 -0.251234568021081 -0.327042967148290 -0.392251300354563 -0.471137471696175
# FDY_4_3:
 -0.453580116558142 -0.506282152918454 -0.534411658668501 -0.598093361110036 -0.624106176442200 -0.656078169290860 -0.650628687066146 -0.627460266421853 -0.601394616809815 -0.535134527411800 -0.483325148770453 -0.440333988924305 -0.412147723478260 -0.357691584179786 -0.301079706691060 -0.232144110338174 -0.168725489017981 -0.0946659654662315 -0.0663883025563568 -0.0448585018818815 -0.0568827762769911 -0.0423209429782433 -0.0442794821535425 0.0102348149977622 -0.00434819686465468 0.0634999743756896 0.173756183922455 0.258390968632053 0.284789491283837 0.384635378353328 0.479540913950729 0.481389911614026 0.399598742355957 0.439222665413128 0.583987944101395 0.667579448545747 0.719487621554699 0.651965807074995 0.628920047864954 0.628096524769075 0.614861247692294 0.619123235892362 0.704492779253202 0.569353844056362 0.477192465312768 0.327093971232820 0.216278534688825 0.0888405326538208 -0.0394217908927993 -0.127808699316367 -0.193151760789029 -0.288067055303436 -0.357574785540263 -0.431311024124819 -0.498636281349845
# FDY_4_4:
 -0.410925983322542 -0.461989316614269 -0.488530471243006 -0.566261257917646 -0.571230974242540 -0.598873787045563 -0.596938634553561 -0.577038899721479 -0.546893402178817 -0.482152211110717 -0.435304715556227 -0.396278927995114 -0.372154013538671 -0.322026657768009 -0.261674563149599 -0.193068227562304 -0.134683072549419 -0.0679851718031326 -0.0339414833063863 -0.0232817617086381 -0.0324709609639740 -0.0336314586515314 -0.0382127901300622 0.0336515246343369 0.00463535058488082 0.0757761887943886 0.162973615214445 0.258187877992838 0.253901456870084 0.330320128146498 0.404192744346515 0.428823453021971 0.376433928516384 0.419111544920568 0.538592517219270 0.622343374473555 0.660685391735192 0.608970100607835 0.585562808536990 0.577081563839844 0.554811013851393 0.551932857642587 0.622847649070570 0.495319091463824 0.412342252673762 0.275802342379091 0.178807381500679 0.0753860407031752 -0.0325963732271830 -0.121157287457913 -0.182766282512274 -0.274530523040703 -0.336673682463387 -0.418341058816469 -0.496878248589542
# FDY_5_1:
 -0.00539871518703703 -0.00544664477118304 -0.00541479985804548 -0.00541049883372389 -0.00541089285061589 -0.00538593425998966 -0.00541913594379282 -0.00548812159416010 0.988144116697124 -0.00537682596681753 -0.00543828749174123 -0.00542976884794642 -0.00542131438817770 -0.00539322906995641 -0.00539736100568509 -0.00544024971934652 0.624346369225354 -0.00542186363489070 -0.00542585359952850 -0.00542452176570838 -0.00544272871624405 0.354324377709886 0.272474787866900 0.303916014810120 0.343605542763181 0.255384095451713 0.128511421119786 0.211483514640307 -0.153850993572225 -0.335052352117953 -0.409116553001296 -0.00536079614307004 -0.00533842186886600 -0.00546387797264090 -0.115549125374163 -0.163265777564806 -0.142190997676565 -0.175175297351645 -0.00536320710178715 -0.00545475316921693 -0.273493731755018 -0.00538689252914791 -0.317325979734968 -0.338530029975171 -0.285075024434001 -0.317297725051134 -0.00541972551657453 -0.00536580654053141 -0.00542868452447718 -0.00541094833502763 -0.00541698889835005 -0.00542253315118733 -0.00535901047577867 -0.00542381018856717 -0.277664448755614
# FDY_5_2:
 0.106597351432549 0.0410838548516931 0.0281757653073554 0.0434657010849203 0.0281138341134471 0.0281290933557337 0.0281270027848627 0.0281430569340727 0.451849121109796 0.0281228096718450 0.372941331795592 0.287880597755571 0.0281858780267302 0.112025562630437 0.0644074093673455 0.0281216975062036 -0.0313975871402023 -0.0355110337219696 0.0280945912038649 0.0281511140747127 0.0281578210386933 0.0281956172078895 0.0281011522789135 0.0280785068818626 0.0281032929544961 0.0280885259321338 0.0281014491393271 0.0281403954977063 -0.916665001241596 0.0281210411142184 0.0281326038866619 0.0281697804708863 0.0281358436594488 0.0280868587491297 -0.832188541429113 0.0281162027934921 -0.846082244741961 0.0281349836566803 0.0282049534369540 0.0281373738151887 0.0281990159337440 0.0281216158842588 0.0281364166452357 0.0281338222711867 0.0281268826012734 0.0281341298244043 0.0281197403599719 0.0281658378790129 0.0281428308026107 0.0281154952671790 0.0281427596068130 0.0281418442592996 0.0280624414206906 0.0281451787447252 0.0281342212540220
# FDY_5_3:
 0.529190196169102 0.476888570461561 0.118459708819849 0.416217978199124 0.429818514359910 0.447494811988685 0.570357986813741 0.753026460629788 0.864009176775446 0.750810372662675 0.676331071737424 0.638058913322864 0.506057992864568 0.481820719635322 0.429966484410533 0.352259455435173 0.336856669768500 0.330088780494250 0.335665339426634 0.179532713223683 0.0425101658507937 0.0157324445423381 0.0425394305726227 0.0424988745138279 0.0424992597120274 0.0425372224305704 -0.0798676654185798 0.0175739126014102 -0.379592848353000 -0.544392303813612 -0.652679728703918 -0.652198466259697 -0.499583932176503 -0.312519091170953 -0.378564892796489 -0.366086999043049 -0.325515029183872 -0.341033724413734 -0.330405264408347 -0.345771761181511 -0.450427899519400 -0.435554400420675 -0.465525226849093 -0.474510230614034 -0.451692152681708 -0.460449892673753 -0.343240695946417 -0.160014323621419 -0.0151135460584325 0.112900355771747 0.0412795501968485 -0.150836106600161 -0.379727329516968 -0.481129821948033 -0.546549800017659
# FDY_5_4:
 -0.0136573619560960 -0.190309339495097 -0.184222731892295 -0.0136601785759533 -0.0136468667900415 -0.0135622497015677 -0.0136824455772832 -0.0136304572159748 -0.0136667810015418 -0.0136462377059820 -0.0136742469858410 -0.0136941287395448 -0.0136567890163630 0.0434145327719580 -0.0136547741399985 0.268325312224351 -0.0136644765394850 0.157372412856418 -0.0136567089898771 0.228300966541985 0.149810545842042 0.118676852118941 0.0226859054875477 0.0898472953025072 0.0413713391658850 0.132398133625066 0.460031122004990 0.506815612185372 -0.00259945055590499 -0.0240693190521503 0.594729158836608 -0.324403185612424 -0.350976377886563 0.166329486830918 0.296571119115903 0.238571780813391 0.185433039400576 -0.00264485964980959 0.0242396688963891 0.169236647161035 0.0535225007912029 -0.132870129502784 -0.0238038312938395 -0.0887670168043643 -0.104899650013859 -0.267348769591569 -0.151965435030647 -0.272653665515760 -0.305548166768263 -0.126560763245249 0.0298499996663498 -0.180591717504024 -0.223294719429852 -0.386841783407295 -0.442008816452134
# FDY_6_1:
 0.00820046535606698 0.00831260708596114 0.00828508054897446 0.00825350863539496 0.00829515717615513 0.00826381634496707 0.751822183481518 0.737074979826091 0.00825195987060921 0.715805592615572 0.00823980779512555 0.658889262155251 0.00830127848396421 0.00833403946794585 0.00827661826300828 0.550197752191155 0.561856829262060 0.00822837925507257 0.00828570121656379 0.400438997820936 0.00834040208122920 0.00828605651252888 0.00826700573854387 0.00824365002662740 -0.0891862874195475 -0.221958076595487 -0.283195525748678 -0.461325295895907 -0.496625150390033 -0.306781543358743 -0.310202313769290 0.00824475520052646 0.00826446153846215 0.00826599559719553 0.00827037807581908 -0.103831409666721 -0.133777684860632 0.00831972161832438 0.00827041031240937 -0.270930521763654 -0.345058747115063 -0.397810231461422 -0.370515396225430 -0.345411414923431 -0.220442686703443 0.00826249245719700 0.127177548464299 0.150146578532754 0.132624939130205 0.0805718383157865 0.00574656257228854 -0.101527448289932 -0.163590730183411 -0.196266004348213 -0.252480344307551
# FDY_6_2:
 0.764837482384728 0.656325357874451 0.791531083053916 0.830355991599202 0.862797716029310 0.988352298475340 0.893354362462569 0.831175206705643 0.722676937775200 0.708331641300256 0.657720910423120 0.651287796326720 0.516743286361418 0.493755697498615 0.488546042279239 0.451855484975236 0.465146971362633 0.415051322085135 0.286107587700267 0.232349778170270 0.245864466761844 0.0874556042149661 -0.0947712790665165 -0.0342347155577516 -0.424137037137626 -0.576093437308194 -0.633772269942880 -0.773749377218131 -0.718360602323610 -0.492712116125817 -0.569560819448084 -0.661943091904513 -0.648561481508524 -0.548094694787365 -0.424554556828158 -0.354974724948396 -0.436727453124661 -0.478407390259198 -0.497906519163218 -0.560111376822829 -0.630545967980560 -0.712601054761065 -0.550112045812861 -0.542053223647786 -0.326664435237400 -0.0484495206476876 0.0828924096083623 0.0276849528288590 -0.00324003514326621 -0.0950444473147709 -0.157023487782050 -0.254212955122044 -0.265482456367385 -0.291046597506998 -0.347051217457955
# FDY_6_3:
 0.520331957584474 0.525197527065828 0.846658255856649 0.897066200471229 0.970497826147163 0.954825737078495 0.740718995549129 0.674273622682726 0.627292351770122 0.748098297601364 0.686596974524608 0.554890228503836 0.397006986213963 0.470004143199449 0.482540663563859 0.476331861632014 0.441945449465630 0.309708362217728 0.265410898881592 0.220339728173014 0.178335480991071 0.0677537989639560 -0.0625055144442950 -0.246612343987447 -0.469668991781218 -0.565600831552988 -0.692634428745640 -0.753576245186991 -0.665776338422894 -0.483247012284759 -0.577344666268196 -0.570673170691421 -0.554909313940751 -0.445270808351641 -0.327083611993051 -0.281080498324917 -0.338039221227871 -0.381258147568089 -0.391719334315715 -0.500082834651766 -0.578636014629741 -0.556628354363042 -0.441174355357686 -0.434456476022818 -0.266673565172497 -0.0811982522593873 -0.00767042343692654 -0.0183225084035109 -0.0222154194511398 -0.0731484060832655 -0.143061066982368 -0.229021084882796 -0.249050882831102 -0.293587350215390 -0.353897874306583
# FDY_6_4:
 0.731542607174941 0.768952997578278 0.629540879548900 0.877666730744944 0.968619902867322 0.976038391247949 0.853295044388375 0.809793814837601 0.772186426543974 0.723754777962642 0.723050983059645 0.583678933608340 0.528710013766065 0.497573562426622 0.491001188521215 0.497287866891825 0.410758543958235 0.366141739710536 0.252931820966726 0.283439915958970 0.119222177003261 0.0913392861833577 -0.0405157296580113 -0.341838601472558 -0.629652419873382 -0.601300851216443 -0.693353962373896 -0.809443688408558 -0.677916079162978 -0.568095407686679 -0.713303677303303 -0.599376060391238 -0.496828629074713 -0.439895545678491 -0.301157150182287 -0.328953558815168 -0.411403659464025 -0.410898002779801 -0.403259551739248 -0.490505310836329 -0.582865389328914 -0.598929224194425 -0.468927152030204 -0.467297144730885 -0.301745331302462 -0.104484527466654 -0.0414097031334347 -0.0300775796242865 -0.0270234340703073 -0.0556723126948649 -0.147192011409371 -0.228461768332972 -0.279104749464240 -0.297417614721418 -0.368221776328183
# FDY_7_1:
 -0.527006385110969 -0.576684425893620 -0.590775380990313 -0.610318207571342 -0.609613853012610 -0.613250194115765 -0.616732483189641 -0.553211886122495 -0.472823224994422 -0.391190642879653 -0.342207195836319 -0.324689540774456 -0.258294238931093 -0.242611620717829 -0.267695611110152 -0.263369363864139 -0.238323847054362 -0.190250581119497 -0.0704052087249399 -0.0485215488402216 0.0540055118405697 0.0878513341634616 -0.00602971377652069 0.0504951274227855 0.112037511983119 0.147982100501521 0.198762536862957 0.256571273345121 0.440958673295807 0.321651186747958 0.728611042976227 0.609586142276392 0.901627809182624 1.02671381914150 1.27889640979642 1.13440521561930 0.899956458942642 0.835554073578243 1.21996690494653 1.02526969412513 0.818080772351065 0.577815327532272 0.942379850602491 0.395902933901376 -0.145992472180470 -0.415545481436453 -0.549192842999837 -0.599001777063430 -0.552733870538711 -0.460430268190669 -0.473549092740432 -0.600045591646963 -0.706269039938013 -0.829708358246806 -0.918607761523376
# FDY_7_2:
 -0.428577927454634 -0.480946360422952 -0.502542549589865 -0.541466308657253 -0.559757141637161 -0.581970853991331 -0.578757094847497 -0.542788462276501 -0.503506634490459 -0.420176277019224 -0.393300145191998 -0.359517467089828 -0.316860927149971 -0.291138277384273 -0.258948551145352 -0.228270161448426 -0.198788267906488 -0.134502454102011 -0.0628281845325262 -0.0278352883138013 -0.0324565222164250 -0.0385025725645937 -0.0281801597477086 -0.108310965522349 -0.104779734124289 -0.00725066816829971 0.0528264290657910 0.0999954329082527 0.242848320762915 0.248242046233914 0.402617247014650 0.570153973900416 0.503562464611966 0.528874444811745 0.809650656092675 0.880930496424166 0.822061525709889 0.708437571384144 0.874873907502404 0.762706776783845 0.659407064993733 0.812851963361185 1.40014960248787 0.479753772559257 0.184474477738576 -0.0376486812789224 -0.164114944204283 -0.236094198441408 -0.245926406996334 -0.256212742978007 -0.297223364017769 -0.408092737639297 -0.485489966028456 -0.550883219820513 -0.630771955947184
# FDY_7_3:
 -0.502899165648859 -0.554844979679481 -0.558168081827882 -0.592422603606096 -0.602073648070323 -0.619700753751014 -0.592277962791029 -0.534347735410660 -0.456647956871496 -0.373603724325490 -0.358168071317545 -0.302680310378571 -0.319235536974027 -0.306139161085807 -0.313021887420624 -0.256528933209685 -0.216500306539974 -0.135513216041236 -0.0896255527968189 -0.0348092065783004 -0.0118534769200559 -0.0328445786795594 -0.0779697749369951 0.0472209964920872 0.0545625545992009 0.0751003787649073 0.150715494098394 0.192069266929456 0.178486522148479 0.375036478029385 0.407641117936579 0.794735238153863 0.742145678919819 0.877112988668447 1.11683761922144 1.05398049532112 1.01289267371601 1.40419859496124 1.49668429374132 1.21105405184607 0.945521700422274 0.838502759364749 1.00279843729217 0.0719141191675340 -0.281315881317825 -0.484553163146161 -0.565741292663116 -0.515997191705142 -0.422160738488287 -0.419100188036843 -0.493194221269795 -0.604406247892201 -0.725627562112607 -0.806988138427872 -0.888250209873170
# FDY_7_4:
 -0.544915462945844 -0.572779144204691 -0.566015545127891 -0.595314472205672 -0.601504398849471 -0.631285126059980 -0.586744478959047 -0.517025233879939 -0.439087089547216 -0.346428559725469 -0.327087533829542 -0.251352784267913 -0.286949710119752 -0.308366382651527 -0.324192104676810 -0.271887512005007 -0.233401997063728 -0.0904286878740501 -0.0675029192868519 0.0281090588303388 0.0576001888147604 0.0121351171417941 -0.000518276887081491 0.140227930449476 0.132098770106389 0.159600042150348 0.196823653122836 0.388546506181923 0.276323129112529 0.694206535435564 0.526571470645578 1.07956268740179 1.08519345709281 1.29330524434449 1.18881689128393 1.03582564203654 0.985529085413628 1.61032380366341 1.44870634124883 1.12670825688958 0.796233107302783 0.556042869434389 0.603527615963474 -0.179054268900069 -0.487638955875582 -0.652035206533183 -0.721647038127771 -0.649564053134047 -0.538475437640246 -0.516245965357507 -0.607770388135314 -0.728608429943276 -0.846950753462010 -0.924191108182696 -1.00704837860800
