# Number of parameters = 1827 Objective function value = 8415.13368682915  Maximum gradient component = 0.00306065885212813
# lnR0:
 13.4255742566944 11.2992651288332
# selpar:
 -1.24286384386172 -2.41907213790868 -1.85060701101876
 -1.16400320085146 -2.71656134262016 -1.66763467928299
 -0.525083525106932 -2.69231030042919 -1.59100423625988
 -0.717905459345266 -2.46860249440415 -1.46326224501342
 -1.27615787950626 -2.71366770928456 -1.62681115505516
 -0.489085563276288 -2.31123218684532 -1.57384518819442
 -0.862887499715945 -3.17157308860856 -1.76114176382198
 -2.44092160314942 -2.07224851945563 -1.53961810605492
 -0.680259768449126 -2.39856709938868 -1.43663485121179
 -0.493899479536010 -2.02874528493603 -0.442434028550204
 -2.41456275081935 -3.71293694038936 -0.817535033988524
 -1.26932773785804 -2.58719232345101 -1.54807682126867
 -1.17622016275049 -2.04506971713946 -1.67663506871992
 -3.64084407027867 -0.760498269359392
 0.330596486462362 -2.30872268526676 -1.30497712955286
 -1.91432818507670 -4.99999973099846 -1.08824424403533
 -1.08793417029334 -2.44668074528716 -1.69008508067828
 -2.27394028988018 -3.53251772645841 -1.23734085005832
# movest_p1_a1:
 3.22480896044516 -0.209806366097849 1.27235450797108 -3.15759479430692 0.925387258795663
 -3.90560027734652 -0.585046103199938 3.33473482606119 -3.05050087496638 -0.196168587771063
 -1.37188684551842 3.70639773093504 0.786248863974986 -5.19921616428581 2.39620881697090
 -2.86810634973198 -1.16334565612918 -1.17483272990556 0.714880663066067 0.131151943606817
# movest_p2_a1:
 1.01000201459171 -0.000938832383378774 -0.0609591817813770 -0.0205969126393697 -0.0292074025291713
 1.51878610438861 -0.0253350503920160 -3.11410336432948 -0.126705424291284 3.00364771884048
 -1.17478648198773 0.982945018569584 1.29577877870776 -2.36200983370941 0.381269692894548
 -0.261405791140414 -1.04140339817317 0.204530804373189 -2.44697431909004 2.68477019455666
# movest_p1_a2:
 -2.87425633795917 -4.58786751399545 -0.401136499804111 0.614281757554606 -1.43462288393341
 2.93685896796236 -4.63033584992631 -3.20735407216717 3.74534192884371 3.02999785296027
 1.20877835977385 -2.93003850581952 -0.208754039558501 -1.23081275698552 1.84988514744961
 0.682951367076479 -3.69765927195665 0.493108923436456 -5.95998887208858 -0.123078828932428
# movest_p2_a2:
 3.98881177251569 -3.53894019313631 -3.40509270303016 -4.39320332079914 -4.22450316401003
 2.89036009596264 -3.68756934465077 0.883404365039960 -4.75880469627142 -3.97873212367421
 2.24878080394040 1.87852505689322 -1.98845508281088 -2.16171653376379 0.0916184408975944
 5.66032014506568 1.44451199071780 -0.333605638733732 0.899411966518267 -2.00889327356168
# movest_p1_a3:
 1.20384180268929 -1.18585101709895 1.32088122607962 -3.15140082894780 0.889521880196844
 -7.11319144103429 -3.95045549068256 1.42206820711077 -7.75108930362600 -6.16557411596429
 -3.65765256285351 0.458937786538677 2.65020774320039 1.56464968487755 -1.41965496384784
 -1.39257888761220 0.584580065788209 2.23373756539724 7.99999997401147 -3.82484886748525
# movest_p2_a3:
 -5.53742311641285 -3.50580599791651 -2.79408878413317 -4.14961617516445 -3.96544594688486
 -5.04210163611319 -3.48638375148775 -7.99999977548979 -3.42693154003760 -4.00374500061244
 0.865028073283961 1.09586907448256 0.127358246213335 2.43771544378169 -1.45471044464310
 -1.66656789497335 0.315827852168523 -2.82763388662202 -0.538355218910999 -2.80841272359907
# lnqE:
 -3.29365794762640 -1.58039740109876 -0.516089193412217 -2.02265288110744 -0.0397670762350000 -0.723413843017555 -1.30557648873282 0.572185749389433 -2.85087684230828 -2.06866678623431 -2.79472578050783 -1.85257076510833 -1.78558318547075 -0.714986054404108 -2.19711516179416 -2.63511392649248 -2.73818815912031 -1.33669068631325
# Fmod:
 2.81409701670797 0.718503187297004 3.98124495910273e-008 -1.54986024202855 -0.406945374270395 -1.61534216854258 0.893064750343340 3.00089692115727 0.511023136760439 3.97378497091998e-008 0.0389680863057269 -2.23361487466016 -2.41555364934325 1.37163274611884 2.84948172495867 -0.407228315223956 -2.36336318633767 -0.422787325680985 -2.41233921826980 -2.17963897320532 1.20221989812449 2.43565613736682 0.0382467152803152 1.61919655374105 -1.21880444981671 0.158905860329429 -1.36224237453255 0.935827337870273
# visc:
 1.06249825308841 0.774300809662592 0.889428044611752 1.49907170064258
 0.514099239329561 -0.506289859653332 0.585969687049827 -2.99999952564447
# lnRD1:
 -0.510008613100150 -0.565462158361693 -0.0790331657421098 -0.324198570884057 -0.237215197814994 -0.410763329021477 -0.516966509581924 -0.511410080285698 -0.419956395698642 -0.441044468409662 -0.0448737162291338 0.186827801255845 0.198135513817248 0.208814909767274 0.538194410932059 0.332266191574164 0.610765954047783 0.644052614694657 0.568677103971017 0.894976786389713 0.132386523866961 0.0114406210139949 0.158338420482815 0.362189401108559 0.665163703482463 -0.133668936781222 -0.633960449339369 -0.683668365154421
# lnRD2:
 -0.274843633865143 0.551581522553182 0.126774724033921 0.189185245533083 -0.339009795611022 -0.570850481355155 -0.149352700068335 -0.535597796086161 -0.390773707992751 -0.0766870224846628 -0.529082999706990 -0.718445880179055 -0.463218404754970 0.758139861060960 0.127725003906383 -0.527673232661123 0.227345420686549 0.172186099545567 0.407592652654075 0.405805275013725 1.07746209978733 1.50141921411357 0.573955377189669 0.0733232698625394 -0.346092123230995 -0.280040391957666 -0.469561291838593 -0.521266304147924
# lnRD3:
 0.00000000000000
# lnRD4:
 0.00000000000000
# FDY_1_1:
 -0.0511653958258328 -0.0511653971773934 -0.0511654052895222 -0.0511654011397057 -0.0511654033077830 -0.0511654007509420 -0.0511653982613042 -0.179970367133090 -0.207965978954400 -0.259456361499042 -0.233262810407377 -0.341185772323172 -0.371033881825059 -0.261954440638887 -0.0674673499297934 0.179178259642827 0.173713542338741 0.198951003744774 0.226455312980005 0.263027063749556 0.278436437145631 0.222549276019674 0.0670975653012541 0.0542543848820251 0.0768858889247673 0.183773675241817 0.225844937399408 0.219601091409891 0.162062421960540 0.257596912445343 0.312510378269978 0.407142166646430 0.473462521802121 0.432331778627977 0.459728840162218 0.0298093478176708 -0.184649040191348 -0.120783117892903 -0.0752380956629378 0.0996493084291340 0.266588600735030 0.215591821403334 0.237618512461393 0.273112955545192 0.292424600323838 0.195256835950440 0.115242521339369 0.0391252358144260 -0.00928270759649417 -0.276019397031606 -0.449873686232759 -0.736699481206527 -0.919930170026687 -0.829744348823022 -0.756348389387219
# FDY_1_2:
 -0.0545617645780711 -0.0851076897121161 -0.0545617650819889 -0.170932846443169 -0.182722116893685 -0.175363084004541 -0.0545617655482204 -0.131016351643207 -0.162117929310842 -0.203643498500556 -0.150036066889410 -0.240333095630735 -0.254471864048199 -0.114435198947718 0.0522250965531366 0.182121692233610 0.253300204966405 0.200394761819966 0.216344444375693 0.246451511103273 0.277264765675376 0.233990652000375 0.0910579154908127 0.0878417319199536 0.100467416882057 0.187933363770902 0.252008297047019 0.246981689367936 0.185405240401055 0.264697393242470 0.313830765674163 0.374376350771854 0.374508720294180 0.339593256639412 0.403793367437673 0.0342230307568677 -0.165381894293664 -0.0946280053730119 -0.0464241993402043 0.114495509384428 0.250411787165052 0.207870599874384 0.217166262489385 0.255133178695723 0.262458419121432 0.143694217519862 0.0513071307754101 -0.0344619352024753 -0.0969304907580075 -0.328130558669515 -0.476781814686287 -0.725230706870414 -0.893749624878849 -0.795557039258175 -0.730207466886805
# FDY_1_3:
 -0.0518087444983521 -0.0518087446687225 -0.0518087447503763 -0.0518087452856832 -0.0518087452306872 -0.0518087444352150 -0.0518087439951049 -0.0518087448349566 -0.144642419641671 -0.187800692822471 -0.0337222418598015 -0.119203294297336 -0.153384036379182 -0.0191325355216367 0.156659456798004 0.227250308596434 0.344013677974052 0.241574860288290 0.243043446019222 0.269436366789141 0.305708476220985 0.351754615285862 0.183295443168912 0.116317181438600 0.131988633010417 0.212476285701523 -0.0518087450404624 -0.0518087453697866 0.235702343010010 0.307145456557485 0.358087466148769 -0.0518087454387394 0.319535639203576 -0.0518087456399829 -0.0518087445126109 0.106295581485436 -0.109406553218331 -0.0314520472761765 0.00438793965194424 0.145214791118931 0.276963936495966 0.215727730919469 0.211751764769202 0.251021760142240 0.257098236081228 -0.0518087437691203 0.000948038856210041 -0.0518087366294963 -0.156591395567426 -0.348834887715688 -0.465831556414134 -0.678730782498361 -0.838253953411404 -0.736597209457810 -0.672684665551186
# FDY_1_4:
 -0.0442846526073402 -0.0442846536182649 -0.0442846520874867 -0.0442846520932403 -0.0442846489016466 -0.0442846512450344 -0.0442846550100209 -0.0442846513962938 -0.134045517932530 -0.112627437186968 -0.0442846540688946 -0.202358847261716 -0.0764531967584887 0.0498159489657623 0.180690521039962 0.246395718356100 0.398601232270289 0.258799597218491 0.265139111420835 0.238919598083791 0.198477106132919 0.216708308205739 0.170287003565298 0.115448071151473 0.161386056824563 0.284431488877643 0.258105205933503 0.307972803181382 0.297415935191258 0.310858250948053 -0.0442846517617632 0.182344702113755 0.137457443098562 0.276157556792104 0.317609444262441 -0.0518722245317369 0.00465194275446355 0.104133894849343 0.134716856354186 0.208758499416229 0.101646749401388 0.147429469559584 0.0688029317564289 -0.00517917104111844 -0.0868703878629360 -0.234591412684954 -0.309199524613887 -0.291303455313532 -0.432513656677333 -0.467137477434123 -0.611114928069880 -0.693060934527632 -0.605138941675964 -0.478472461216646 -0.408375350146115
# FDY_2_1:
 0.474767917094850 0.378029239588921 0.436684429275406 0.421206338697891 0.398806225262393 0.422742134249725 0.389579349756308 0.381023504089280 0.317814819317432 0.323546111370277 0.305772107734121 0.250683776973757 0.274661759204691 0.301150272949828 0.325997734772647 0.328087828625837 0.383429229189695 0.253837349187875 0.182338394881580 0.151074382543044 0.135272952835762 0.101754142975661 0.0780949735678031 0.0542523245263619 -0.0482570381838177 -0.111131801792543 -0.158024609063048 -0.179965540062439 -0.262965529179899 -0.241173088524329 -0.297342031837593 -0.320006027486007 -0.371145732027547 -0.317084969744913 -0.217780669213388 -0.221543523568540 -0.288630466883723 -0.294712483626695 -0.317719896135942 -0.419970497139161 -0.453008966770118 -0.462853614184110 -0.463919020862274 -0.387944271122146 -0.243171108381806 -0.246484334439468 -0.203419694064931 -0.117066489381558 -0.00286976973891870 0.0272478076636708 0.00863692218327264 -0.0400213884664543 -0.103151745026046 -0.104127518274479 -0.211000203336198
# FDY_2_2:
 0.285546351383048 0.228406060205527 0.247509682474343 0.220739496961925 0.180701926175433 0.163350892417391 0.173016670905773 0.220552458916461 0.251112089362653 -0.0697290214981859 0.238247650588947 0.193034709691563 0.284908507411005 0.304088340135954 0.307439433224548 0.290410715146190 0.345224413599334 0.249449930778662 0.229356032788123 0.208565643339540 0.216601445664475 0.124801324656510 0.108743203603459 0.0910667789799124 0.0488788960016635 -0.0814258770447241 -0.115891959366179 -0.110232541223039 -0.245388818658195 -0.218674723327466 -0.311442094036413 -0.284253041412479 -0.229274782869384 -0.178206408712180 -0.144136211078237 -0.0909290038900526 -0.149966442747394 -0.223438149880810 -0.295477818402709 -0.402562319658873 -0.481246586901135 -0.460880324133053 -0.442014343387893 -0.489685642577233 -0.423608293838685 -0.320247001900387 -0.213301740387615 -0.0452077685749550 0.135533636422040 0.176830263242114 0.211596991011073 0.154816785355515 0.134868804722205 0.0380963372197815 -0.0362745568778926
# FDY_2_3:
 0.210568585110235 0.139751615668696 0.181609716980392 0.120157694517323 0.0831077608106473 0.0837471485346527 0.181983351256656 0.259640756403129 0.308493559581353 0.0831435820841583 0.173326977107293 0.127411360264623 0.175735036100695 0.193817305588511 0.201209877195207 0.239499770152981 0.295038805224121 0.273676603471553 0.260670524109756 0.251830920870131 0.224334420603995 0.148429485593747 0.112680523233995 0.134419150180816 0.0832940243718320 -0.00485704444748787 -0.126676097766375 -0.163685368688168 -0.249494451625430 -0.195938480098799 -0.231466326523484 -0.196310603950984 -0.153484534616696 -0.154627956444334 -0.104937246807849 -0.0803441783165334 -0.0951897862544682 -0.193201158635036 -0.301778563580430 -0.450304155451391 -0.430509502773092 -0.405172413026294 -0.530403559768283 -0.518578551619669 -0.413871644302295 -0.279883238901576 -0.0749555618547034 0.162093971352967 0.213512732061490 0.251470242956501 0.220852006292433 0.132384287549062 0.0395594037630439 -0.0898684476122434 -0.121912325926373
# FDY_2_4:
 0.476031063155665 0.502090486180999 0.473637910204065 0.418688829912611 0.398096785971020 0.412955051818181 0.518964495310312 0.574237825139572 0.528098154235749 0.342147171974135 0.352288238106955 0.283936522006274 0.328930068817972 0.317003981383925 0.276642433118455 0.241426370710176 0.293721493756384 0.211236118619076 0.197854534976423 0.183922091211450 0.190358752824217 0.0359087055438336 0.0436758015049911 0.0686001576068062 0.0505389823066919 -0.0618585449557876 -0.147771901632255 -0.293681222065825 -0.362385906612453 -0.379050732337226 -0.360418923470818 -0.282811573248121 -0.289520015164937 -0.299286398109411 -0.253915458386859 -0.235826082246690 -0.251662528911703 -0.334639378849599 -0.466649526533128 -0.537849017472446 -0.495047239116718 -0.443980691972598 -0.395583866114643 -0.445626263355061 -0.440741921455186 -0.371408532951572 -0.137513547651024 0.0720607913121313 0.125591854111493 0.0985011813533502 0.0429315806924584 -0.0406958573502636 -0.144903065410042 -0.287178797204760 -0.300070441286247
# FDY_3_1:
 0.00000000000000 0.00000000000000 0.00000000000000 0.00000000000000 0.00000000000000 0.00000000000000 0.00000000000000 0.00000000000000 0.00000000000000 0.00000000000000 0.00000000000000 0.00000000000000 0.00000000000000 0.00000000000000 0.00000000000000 0.00000000000000 0.00000000000000 0.00000000000000 0.00000000000000 0.00000000000000 0.00000000000000 0.00000000000000 0.00000000000000 0.00000000000000 0.00000000000000 0.00000000000000 0.00000000000000 0.00000000000000 0.00000000000000 0.00000000000000 0.00000000000000 0.00000000000000 0.00000000000000 0.00000000000000 0.00000000000000 0.00000000000000 0.00000000000000 0.00000000000000 0.00000000000000 0.00000000000000 0.00000000000000 0.00000000000000 0.00000000000000 0.00000000000000 0.00000000000000 0.00000000000000 0.00000000000000 0.00000000000000 0.00000000000000 0.00000000000000 0.00000000000000 0.00000000000000 0.00000000000000 0.00000000000000 0.00000000000000
# FDY_3_2:
 0.00000000000000 0.00000000000000 0.00000000000000 0.00000000000000 0.00000000000000 0.00000000000000 0.00000000000000 0.00000000000000 0.00000000000000 0.00000000000000 0.00000000000000 0.00000000000000 0.00000000000000 0.00000000000000 0.00000000000000 0.00000000000000 0.00000000000000 0.00000000000000 0.00000000000000 0.00000000000000 0.00000000000000 0.00000000000000 0.00000000000000 0.00000000000000 0.00000000000000 0.00000000000000 0.00000000000000 0.00000000000000 0.00000000000000 0.00000000000000 0.00000000000000 0.00000000000000 0.00000000000000 0.00000000000000 0.00000000000000 0.00000000000000 0.00000000000000 0.00000000000000 0.00000000000000 0.00000000000000 0.00000000000000 0.00000000000000 0.00000000000000 0.00000000000000 0.00000000000000 0.00000000000000 0.00000000000000 0.00000000000000 0.00000000000000 0.00000000000000 0.00000000000000 0.00000000000000 0.00000000000000 0.00000000000000 0.00000000000000
# FDY_3_3:
 -0.241807406578809 -0.323537128099017 -0.369483573639406 -0.434138587074514 -0.470056706249135 -0.498510512503647 -0.496091433945308 -0.529350674574695 -0.559488696726408 -0.612491343967697 -0.547867619578997 -0.571305692739836 -0.559680586050625 -0.471576970881436 -0.385711170538327 -0.372444305249021 -0.309731394238208 -0.240972079044049 -0.167291781406262 -0.110696310916867 -0.0695519098040407 -0.0314604896897519 -0.0163875600187424 0.00121788359558293 0.00819295173025212 0.114743617381309 0.185332682639838 0.234732904432284 0.281651655818852 0.350465766195866 0.361715927142393 0.430677932507018 0.466055712686178 0.474007788304394 0.547834346580400 0.489834354264278 0.449855250387020 0.356170621136059 0.363128436454798 0.333115087002322 0.278399750024782 0.271325259632142 0.406338325416087 0.407031790570654 0.397981926173017 0.379255256114222 0.365234429842451 0.305183959133060 0.288443136568283 0.207845618989591 0.0970217337917019 -0.00741334848648469 -0.108617420768744 -0.133783747362180 -0.213345654382624
# FDY_3_4:
 -0.131449150907525 -0.217473895007334 -0.272202182540027 -0.318910665056058 -0.348225665527400 -0.351602225985972 -0.359100045852550 -0.381426160076594 -0.401092576428514 -0.406426207294898 -0.425466184450331 -0.417279850115483 -0.399666144810054 -0.363225271145562 -0.290829864266656 -0.246193382849205 -0.174479054276868 -0.182223709229771 -0.145202017009393 -0.123746955830388 -0.109770862059987 -0.0940518901056028 -0.0686887167150497 -0.0256392197561482 0.00904774531114340 0.0361898343288793 0.106380207317012 0.120941226566773 0.196318004075997 0.212494777063175 0.328371462518296 0.340384279168196 0.380411964987961 0.388693333080851 0.398338753060680 0.383016140930361 0.347301334733294 -0.0294399287531649 -0.0294399287607277 0.297327145486095 0.291139707568493 0.348588953958474 0.378055244127330 0.442663593449078 0.409975834924776 0.420566408476491 0.336762660554861 0.350410391130913 0.274752201825996 0.200318756467592 0.0466651727223716 -0.105560684532161 -0.171686844675371 -0.212224984067593 -0.242390865748702
# FDY_4_1:
 -0.265062709500784 -0.330448006053498 -0.361294803880452 -0.408126615291890 -0.432802349084249 -0.436367585266291 -0.415916941248585 -0.382794228980400 -0.356159049125697 -0.322103704488364 -0.263206094328085 -0.205520590192189 -0.185508920693289 -0.181534793448302 -0.169401009128782 -0.118923350737370 -0.0734053323242246 -0.0444298800073899 -0.0449438548875272 -0.0279966957513278 -0.0463218850648633 -0.0358496748916608 -0.0320203216069646 -0.0208418621734190 -0.0181224293588563 0.00573939804275866 0.0386686564703040 0.0751806291105390 0.0945128501189482 0.141937211702146 0.140682864441652 0.178524004332278 0.172492365523802 0.236841593153031 0.307284360653063 0.350717654788697 0.341479815344340 0.255431655116737 0.186070894344464 0.153920362899431 0.111217483585312 0.0377360201069840 0.0203342904168406 0.0122236249799232 0.0580439503208614 0.109458460237154 0.167722202428601 0.171218037808366 0.168760760003542 0.262633289035077 0.305039466787601 0.301736633137549 0.270113433375268 0.246648904434479 0.256731814814712
# FDY_4_2:
 -0.356112652596650 -0.417161239516675 -0.448058510373935 -0.510148201203398 -0.504936002562856 -0.505861813840600 -0.510024754523230 -0.511084570395552 -0.513085404698207 -0.465109560898307 -0.388803048312981 -0.287436398385083 -0.239723757012915 -0.246536099448008 -0.268354855969077 -0.174158118691859 -0.129630023601693 -0.100258518409479 -0.141853945193570 -0.163327505796240 -0.117385762117856 -0.0965343198699583 -0.0968907476123829 -0.189917720960116 -0.113923478656378 -0.0512421723861306 0.0130602136190240 0.119321632720664 0.191565292539087 0.247280610984201 0.242393791624186 0.245033250782564 0.276018261142740 0.347252407384405 0.453636025009931 0.464994623185873 0.482562492039112 0.392023308680621 0.301502820462591 0.310038580993497 0.297818988546466 0.171082744751311 0.153059651637751 0.200558298675966 0.250834725049987 0.216577326496779 0.217363066856848 0.146386009910153 0.0768643038960269 0.183108356721382 0.231952594080987 0.258962308640713 0.283451359908310 0.343190166660612 0.429665970031347
# FDY_4_3:
 -0.435165843510157 -0.484579290025559 -0.510755531031563 -0.567308861160345 -0.586945999098854 -0.604325614425823 -0.595298710583744 -0.571072584039763 -0.551393198998109 -0.452043359055729 -0.357800585766707 -0.285870325002268 -0.292693226129230 -0.304361184421130 -0.275978819513503 -0.224803306484915 -0.187121957322015 -0.140153945436206 -0.130314919491436 -0.109796545303987 -0.116102243493603 -0.100097410116698 -0.0949594227973466 -0.0412470101721149 -0.0414279306161615 0.0345913241634045 0.102374579660301 0.199470456849968 0.207741034910662 0.281280163501760 0.261904845266118 0.314154724171703 0.337768670595474 0.399592704510479 0.541520046751275 0.603650373281903 0.572186919393659 0.453687506627951 0.454489697505872 0.445581876820279 0.330444451918664 0.266530606921810 0.284050225121602 0.118245067948224 0.0977340234504275 0.0804995181661595 0.0187511901052614 -0.0155884803687564 0.0758856384199246 0.190446482709687 0.262374006281371 0.291587537195614 0.290353735364036 0.288053923672917 0.272254973079217
# FDY_4_4:
 -0.391913691557820 -0.440817610436887 -0.463945688016893 -0.522770580595394 -0.541092742072434 -0.554998165480853 -0.542492921571559 -0.516419309881658 -0.490495877437299 -0.385083111130235 -0.308006328961250 -0.233834122286098 -0.256194396560801 -0.266822322220411 -0.232482853909058 -0.181560980707106 -0.148241788475670 -0.101545054190156 -0.0848404588301083 -0.0675973843980863 -0.0687936135013597 -0.0652664803975401 -0.0646291525466157 -0.00616805513117436 -0.0179143552769284 0.0415412395478129 0.0957619778539712 0.179583420131979 0.166584755517447 0.244121965711961 0.218826508469590 0.277571276919368 0.302919728360101 0.367225049390049 0.476322751809828 0.556167948647649 0.487196660595825 0.384467449753766 0.378667645047477 0.351862096160743 0.228283077574195 0.175766423108673 0.196964498283115 0.0393414117388936 0.0399522396526152 0.0526254100947737 0.000728158098105441 -0.00293396564917659 0.112157130147778 0.220993854831763 0.287267436947733 0.297097085389845 0.275337270146384 0.264644859630875 0.236881681660255
# FDY_5_1:
 0.00739900692244913 0.00739900582064159 0.00739900735469536 0.00739900726783773 0.00739900791025452 0.00739901223016783 0.00739900651212757 0.00739900552038932 0.322683738006487 0.00739900283749098 0.00739901519533639 0.00739900706586596 0.00739900486167002 0.00739900434539589 0.00739900373377225 0.00739900521322348 0.240882893751280 0.00739900787546191 0.00739900794450534 0.00739900699890264 0.00739900529048256 0.243334191154031 0.209054230355707 0.201371724701441 0.185250044157505 0.116545767392315 0.0618676254181047 -0.0273201028495663 -0.133644830910864 -0.108124321138559 -0.137494449169461 0.00739900926904671 0.00739900674191176 0.00739900668582063 0.000550523020712035 0.0263171333889408 0.0152257515071174 -0.0728917995836188 0.00739900645421923 0.00739900265560713 -0.352930690462948 0.00739900713082733 -0.284512623428903 -0.347740978475865 -0.320039539430769 -0.128796330954900 0.00739900422105713 0.00739900864668410 0.00739900425741027 0.00739900570769194 0.00739900684881825 0.00739900465190537 0.00739900472273760 0.00739900678725149 0.0462448278701538
# FDY_5_2:
 -0.144613501920607 -0.208946466599374 0.0406111837268644 -0.245175039866957 0.0406111829131304 0.0406111794229712 0.0406111817098876 0.0406111809577524 0.141682242455058 0.0406111815468713 0.0197828229241418 -0.0417691094402516 0.0406111813641375 -0.0955691261570634 -0.0817441742574567 0.0406111822056102 -0.00520254034257010 0.0512991144120732 0.0406111826665694 0.0406111842331732 0.0406111794655567 0.0406111828111729 0.0406111823242069 0.0406111825976077 0.0406111814527253 0.0406111799353835 0.0406111813919055 0.0406111845979303 -0.459400101961917 0.0406111855689909 0.0406111797348826 0.0406111836565580 0.0406111826249041 0.0406111819134990 -0.325624531841316 0.0406111819964539 -0.310389228664149 0.0406111816435895 0.0406111824137033 0.0406111862675059 0.0406111809915449 0.0406111744872758 0.0406111812939847 0.0406111827133338 0.0406111847964320 0.0406111810648480 0.0406111833769754 0.0406111821607376 0.0406111804839483 0.0406111802115466 0.0406111817839839 0.0406111804523886 0.0406111834446217 0.0406111802557805 0.0406111825994445
# FDY_5_3:
 -0.0282555521175445 -0.0714076373813957 -0.397826370874456 -0.154998944090528 -0.170936714400917 -0.169754618464996 -0.107407546018533 0.00642168260298146 0.0852934036685553 0.127165466181058 0.103788332267367 0.117033231118049 -0.0359578803786918 -0.0100952673339718 0.0288155395604848 0.0621613652595127 0.0662246510829474 0.0912715942219948 0.188852425842485 0.106799339459247 0.0438607211087249 0.0942276668731059 0.0438607258161265 0.0438607245845375 0.0438607217986726 0.0438607280810890 0.0712786978573205 0.00642018139535925 -0.110515626794127 -0.0602322682316763 -0.165183790835793 -0.146892658688087 -0.0939261197766686 -0.0333072483360637 -0.00445586830403612 0.0604919724751942 -0.00136776122273587 -0.0873755395515874 -0.104207132212114 -0.195468251919167 -0.334108911785094 -0.285515044685376 -0.246505492440568 -0.337235013369679 -0.280476616603302 -0.101477386601920 -0.0178413624521616 0.144276447111196 0.478492955662682 0.506101938094552 0.492177350935719 0.366742411284653 0.239929140194246 0.119321246083110 -0.0298580357497829
# FDY_5_4:
 -0.00288918773698301 -0.444395486712349 -0.454480590129587 -0.00288919390542832 -0.00288919402421774 -0.00288919440390336 -0.00288919475094042 -0.00288920074039824 -0.00288919618775287 -0.00288919376144927 -0.00288919432157366 -0.00288919256570088 -0.00288918662063688 -0.315733974223974 -0.00288918740974965 -0.167231379529939 -0.00288919295555436 -0.151469494016721 -0.00288919716480953 -0.0575357820000413 -0.0569877327521704 -0.0693431324442688 -0.0743563299863350 -0.0144472131797908 -0.0329542730774648 0.0302052881792170 0.140646828639059 0.218975157693191 0.00648507123376250 0.102197752564408 -0.0231904245851658 0.0624376411200504 0.0604735071761393 0.191348423691589 0.291770979943588 0.400148443769256 0.104914519866161 0.0772814784529458 0.216245724375717 0.140480527661465 -0.173450642801297 -0.213704198659536 -0.178127547104518 -0.273074105116673 -0.204167245182934 -0.147085897463053 -0.333014356618026 -0.313985239730078 0.161417847542660 0.259814786535792 0.342717882327546 0.330114988659759 0.262965962207717 0.243047665147158 0.0954932750758397
# FDY_6_1:
 0.0293698604308519 0.0293698612269760 0.0293698574675414 0.0293698577252766 0.0293698603828716 0.0293698587200169 0.158869068434498 0.225412738692804 0.0293698590930527 0.236584199777383 0.0293698600555850 0.166722006478091 0.0293698575279669 0.0293698701281997 0.0293698601042883 0.163217476591315 0.204843240439209 0.0293698598209975 0.0293698607012952 0.224607828794994 0.0293698586482237 0.0293698588172014 0.0293698589928227 0.0293698631573989 -0.100212998960520 -0.173277945572479 -0.248533683080636 -0.290817625172688 -0.317868130076878 -0.241180331443538 -0.258561309474919 0.0293698572265644 0.0293698579327693 0.0293698594031318 0.0293698616455079 -0.121460606699049 -0.210748554473919 0.0293698567601340 0.0293698580182760 -0.387672195902520 -0.451088558547597 -0.448891335133990 -0.460644311866168 -0.463686488364779 -0.218632467116384 0.0293698595356223 0.148245993787091 0.334952173763877 0.465603162797402 0.458700724065150 0.372625070526242 0.233774364006540 0.108708084988098 0.0452980714687854 0.140235703752011
# FDY_6_2:
 0.138459100806146 -0.0289136661032481 0.0537530373333477 0.0391044886394758 0.0449441111452053 0.257557164187252 0.305730993749083 0.254221527347636 0.153802809912118 0.186870811096598 0.145795470430135 0.203178652167674 0.108198468526918 0.164806625250079 0.203345726871125 0.166689755587235 0.228677192604651 0.301709764580766 0.286001527459422 0.196245489325416 0.198787623953718 0.0395414099383944 -0.0684508666033919 0.0286219611813643 -0.231492435687197 -0.334521929666608 -0.342342654493045 -0.250729590546101 -0.313362239973453 -0.277403968961926 -0.306132021240536 -0.408727258373978 -0.422845457142430 -0.289596488551194 -0.202739570038024 -0.269621947265965 -0.375807266716258 -0.411669431870768 -0.397429687372220 -0.413696248609641 -0.477106810785810 -0.537890329360630 -0.393813068919205 -0.280457650158628 0.00891340251946568 0.190158392771397 0.332227966282408 0.448226664483885 0.506208122772089 0.463239771545551 0.350441514587492 0.218790779462391 0.149866699463774 0.239977607650265 0.420655954807782
# FDY_6_3:
 -0.164081181748823 -0.180425490551753 0.0312416366179468 0.0363372888876960 0.144439232326413 0.240090476081749 0.124411016115183 0.0881083599685514 0.0596186964119316 0.270854473525428 0.199143120704026 0.0605837686816026 -0.0724385594733366 0.127943541615056 0.183295964900164 0.189245014125635 0.245669711602237 0.183395284336866 0.244745348016086 0.159055824841664 0.148371184692310 0.0728049092748599 -0.0221965967676261 -0.110524455449824 -0.244666753351704 -0.334493149625683 -0.375181108384419 -0.315553497795894 -0.350472001413408 -0.202857051646638 -0.280455391775511 -0.314835135755114 -0.319715384935167 -0.189333641147857 -0.125157805609592 -0.165483072835501 -0.244599672055029 -0.283147217156909 -0.288705541477999 -0.381203829619571 -0.421920142347236 -0.392635349250076 -0.326730831951878 -0.222563540345777 -0.00927476106064211 0.161203878736206 0.337077087668443 0.493072907388195 0.530285326700521 0.489187917524279 0.385240757177419 0.253650713842261 0.217120359795719 0.264598255102217 0.397859106872302
# FDY_6_4:
 0.0472784859169319 0.0125668557904532 -0.115981079764255 0.0100804369837855 0.128115925406805 0.232729777309826 0.199109308267552 0.182750142107784 0.162920466237531 0.164602692472199 0.177758601117711 0.0763915824237680 0.0907490779610560 0.130786133656450 0.173708598223198 0.226140581929244 0.222390636645986 0.281588991575866 0.234649304607169 0.227155100932981 0.0695792422124999 0.0945674272239483 -0.0201963627118485 -0.263343319720549 -0.516194847016826 -0.389646882661622 -0.377180709644898 -0.396186266601077 -0.355028115584424 -0.300085649364047 -0.369555477078286 -0.304803306976306 -0.235525466673497 -0.157114473724681 -0.0421309491337407 -0.205126802678301 -0.300660773838916 -0.299784642435847 -0.295559404746401 -0.342834953711106 -0.405224975574293 -0.442306708291849 -0.327976516516713 -0.218413801582422 -0.00613760537155452 0.170144771740653 0.369706792252656 0.527536044988185 0.541635683974951 0.480025346172018 0.365766878734089 0.242163495809036 0.192125602195128 0.252295143023173 0.399979963510828
# FDY_7_1:
 -0.829468322725391 -0.880433339937100 -0.897953727538817 -0.916440241987129 -0.926726870580978 -0.939487087950909 -0.943274250300869 -0.877018793200171 -0.797290791658838 -0.737097738226128 -0.682241710774701 -0.630475112746157 -0.553580360247433 -0.522013708967832 -0.554766299854529 -0.535308049746229 -0.485868395859454 -0.417567233992408 -0.300316061463090 -0.291289381112711 -0.204272398396845 -0.151800317565676 -0.190360960619846 -0.107878353870435 -0.0635239168152565 -0.0208903392269581 0.0779373268027418 0.219801178059417 0.553386960324543 0.597426894854938 1.30163558520900 1.26944603381302 1.28619773796264 1.41650735805947 1.71167570715128 1.53368663711142 1.37604867989912 1.17301778649600 1.09063769859161 0.768468837087448 0.751127748824216 0.481399937880869 1.62895576816376 0.236074482010714 -0.314465357287108 -0.422990027110164 -0.415486895848144 -0.352202899004720 -0.288971899080090 -0.215587686602804 -0.167357210670037 -0.171829828873597 -0.192124021401461 -0.220284660433965 -0.254788106624216
# FDY_7_2:
 -0.755607676537651 -0.805546176324883 -0.827657138611466 -0.862377689965893 -0.879054000311289 -0.897979393703918 -0.890774381300238 -0.849222398512028 -0.789178485205752 -0.735717277579030 -0.651577559930664 -0.572767908658615 -0.521314783277729 -0.527176255872244 -0.537594749956460 -0.482712929651142 -0.437431280045000 -0.379714618394082 -0.337588185957254 -0.303453799121774 -0.271078634856017 -0.250792728346760 -0.277424733405261 -0.201989010169329 -0.170510837618239 -0.110305369047789 -0.00415065971226426 0.123009810799034 0.315692559208430 0.428100612815073 0.651929828744138 0.691716403211454 0.649901444583825 0.774730669337942 1.07802252253154 1.26881502283322 1.37170976635723 0.998002186094157 1.12777313964028 1.23799697115071 1.13902118538869 1.08694092868063 2.49161353662672 0.287920123638369 -0.0932163107492670 -0.221921065623943 -0.228506085862877 -0.261227499081252 -0.261903637458275 -0.154137186751342 -0.0881466012834940 -0.0630629625946682 -0.0258788675569084 -0.00487657325031222 0.0106787406436519
# FDY_7_3:
 -1.00784364861291 -1.04969200428141 -1.05635667933838 -1.09289294677000 -1.11412606295555 -1.13667185281039 -1.10318857652692 -1.04604630318853 -0.986943459165745 -0.914334277064504 -0.857820326235474 -0.772229555575339 -0.760409888536172 -0.769564246147273 -0.783657303955751 -0.707339126838461 -0.649271538127575 -0.563640122481813 -0.540599744564268 -0.492856722281504 -0.450175392153905 -0.429363712853597 -0.445676381564672 -0.302367365908930 -0.291142011101229 -0.224483954455253 -0.0882427191602421 0.142500692253507 0.273890379088729 0.851126745968859 0.985403522087284 1.32460382680709 1.00282837758234 1.37116120055210 1.89683859108402 1.96702199977658 2.39112443998265 3.11082080619236 2.88649219703792 2.52661818550427 1.96943065895778 0.822155152656856 0.890324903051864 -0.287254994664005 -0.500124297470691 -0.588144030309076 -0.542050140600720 -0.501987645108773 -0.458960707519858 -0.351711255219552 -0.301559640982099 -0.298275274884614 -0.297776115751812 -0.326486985511657 -0.321074667905548
# FDY_7_4:
 -0.854655476434097 -0.877673423595176 -0.872092591720031 -0.910512578030868 -0.924148819927452 -0.954469352658539 -0.903124902654526 -0.830132961071766 -0.768611426997192 -0.693141636383127 -0.647111558036847 -0.556230308542450 -0.563839388040466 -0.587660683221337 -0.601161748183892 -0.526359385624283 -0.459576042806742 -0.308195878709371 -0.311094555377603 -0.227040467867199 -0.182508894234748 -0.181291571906098 -0.176940805384349 -0.0477703946552766 -0.0583467442354364 0.0166582013292620 0.126545502931186 0.452959130163332 0.523300719169926 1.34880109461384 1.26792278797751 1.51146942241884 1.61819451855147 1.98661784488322 1.31810630516997 1.36806906856184 1.28877354167406 1.34356137672881 1.04159594012968 1.00729196284637 0.797629554398788 0.467518706489315 0.481463693202064 -0.363122970513686 -0.514457438539648 -0.534157179626824 -0.453891808883668 -0.358579465497324 -0.310932525201771 -0.222685444635927 -0.185207030675819 -0.208499349956355 -0.229676725926422 -0.279673498052149 -0.281904337431024
