# Number of parameters = 1827 Objective function value = 29590.6605232677  Maximum gradient component = 28.7068021939384
# lnR0:
 13.5439609611225 11.6861540924096
# selpar:
 0.197173435996647 -1.38896790599220 -2.47901084777758
 0.296276577236975 -1.57244247263123 -1.96372492624457
 -0.789602554914560 -2.32421831614617 -1.03884252248038
 -0.811828733682201 -2.10714590891093 1.46089666216661
 -1.29767359053124 -1.89029872410852 1.57735224828782
 -0.199265440019681 -1.85299350120263 -0.647714388747202
 1.17347396240588 -1.95376765865318 -2.75340325113236
 -0.282031253522685 -2.19046592268461 -1.72314454859098
 -0.904430009720339 -2.36681202899268 1.92970370547887
 -1.43454401084843 -2.48606520439987 -0.0636819297638418
 0.178974614395240 -2.20972710299337 -1.21147904201637
 0.254472299029601 -1.73088935252413 -1.71969543590938
 0.129040662372294 -2.17915435336542 -1.86801335012445
 -1.36891949462093 -0.851916509893267
 1.21156753589024 -1.67527153440011 -1.69735004653882
 -0.458977331178165 -2.45220126229780 -1.18654702248329
 0.448067669416099 -1.30729626301245 -2.10996136755122
 0.901779421296782 -1.48007607464253 -2.23860518211791
# movest_p1_a1:
 2.87044476035692 -0.955256821578074 2.29438805216799 2.33716309165200 2.82752545856627
 -3.04435176047721 -2.36841050139483 5.23614751846221 -2.64510574588343 -2.79306578030756
 3.75255649024613 7.15876838154607 6.22293089257056 -0.478280788524807 5.35732952710658
 -4.11186750241269 -3.64491375961755 -7.99999982369482 -0.168368879309820 -3.32906422791567
# movest_p2_a1:
 1.10286623930490 -0.00112879144641020 -0.109555278535235 -0.0707742601679726 -0.0838495541375543
 -1.03288990249532 0.200396742250117 -4.65685906128854 -1.03426094324423 0.660662128668655
 -2.90142179935709 0.774030792669103 -0.382141282335539 -3.41051183908414 -1.19662424818675
 0.426680307946917 -0.338369053341667 0.0537062059804772 -1.67564958641488 3.72744826091945
# movest_p1_a2:
 -3.80102598137890 -4.80102589054535 -0.767400826003328 -4.31205015277602 -4.97886565555678
 -2.43168020458039 -5.72499216781700 -7.48647300985825 1.18151318845223 2.61164879981705
 -2.81702432968210 -5.62722795059562 -0.840095463672913 -7.95923347936981 0.551082033955716
 -2.39160382531399 -6.89744801070099 2.29892419497041 -2.07592639414973 -0.686746440661530
# movest_p2_a2:
 3.04858765028150 -3.36957446345864 -4.44729705706617 -4.88094746244241 -4.77623296173218
 0.0724405232820509 -4.28567687332417 -1.85324917890268 -6.97897167116730 -6.67356350695906
 0.969801671765415 -2.77845857897317 -3.24871156147533 -3.58984483446527 -1.70452148013251
 6.13767950664108 -0.503573755276936 -0.0983744150800447 1.47572288567958 -2.03468032613083
# movest_p1_a3:
 2.40375558299335 -1.89959775136152 1.81691804563458 0.337260381083288 3.12584214959573
 -0.452787637370858 2.51516460341023 6.81998642764824 -7.56708606796467 -6.87724443844410
 3.77707594906528 5.95636748308296 5.72366969299680 7.48972694212163 1.21309482398702
 3.37730822730554 0.655437096378673 -1.55088747341396 2.71927162152779 -7.79400684675191
# movest_p2_a3:
 -4.38878870632311 -3.18204972047327 -3.22596111170214 -3.94082436000597 -3.88756364136795
 -1.48151369616119 -2.67289660919730 -5.91232493367992 -1.92506762242234 -2.17419003801689
 2.39476179894471 5.79415764201283 -0.691979838822997 6.40533703694879 -1.35321387048458
 -2.06522661954709 1.58588310117598 -3.92602345658784 -2.13750765380167 -3.79573766779120
# lnqE:
 -4.15070491994203 -2.58505988604135 -1.66644269263931 -3.39269367960395 -1.53236768961761 -1.31072733029205 -1.37470484920925 -0.0150683532495872 -4.11945529368820 -2.39229000154981 -3.41639628382825 -2.73283663365686 -2.39909041468174 -1.18614730405652 -1.93299089072526 -3.15978428662319 -3.74181763575300 -2.31177761524041
# Fmod:
 1.32433836332048 0.787113470453167 5.62075550864754e-008 -2.73020010301879 2.72412783471753 -0.308903252389794 0.173503717207361 1.26802938671950 1.18551271558011 6.34458059740289e-008 -1.93424245757152 -0.174268071594944 -1.61703483332513 0.850079357722310 0.965031068512583 0.406073695006392 -2.12431258151250 -2.02260613991959 0.234364801225238 -1.32678895303194 0.363036975399923 1.28971269487314 0.542867503834347 2.13019517268117 -2.63596561088609 0.850951471076839 -0.391844688850607 0.171228344117455
# visc:
 1.44309392661854 1.37652831868618 1.65812406806946 2.04389498770135
 0.424508615089056 -0.657771790800753 0.417672470728150 -2.99999862950638
# lnRD1:
 -0.969942533416202 -0.826614751607905 -0.594815642716844 -0.666439325412090 -0.403299710817953 -0.471684714657698 -0.405345816796093 -0.286929997801293 -0.389553654409288 -0.00549854757254053 0.216890388494665 0.389141963123753 0.506818781100801 0.423227398913973 0.533672492240297 0.509492131518372 0.635662050973352 0.556551364720697 0.231927638523574 0.730186810238741 0.337164742463730 0.488763052882510 0.760553575322744 0.958673936370926 -0.0266387761266432 -0.593569937317093 -0.804314965899311 -0.834077952337183
# lnRD2:
 0.434688065683115 -0.332738549635080 0.639344476209267 -0.348098446703630 -0.234703033226892 -0.743545019828771 -0.488446252773839 -0.632667268179196 -0.395432808083642 -0.438994180937182 -0.261742257772027 -0.245341583202651 -0.214155149246440 0.0972994309700196 0.434233825579199 -0.258791169621256 0.418588624033296 0.591347609992670 0.688547412918118 0.954574970217979 0.111150834023611 0.751775967437273 0.148351100793651 -0.306297595227433 0.778264854172951 0.0510157453101007 -0.561384538594982 -0.636845064308227
# lnRD3:
 0.00000000000000
# lnRD4:
 0.00000000000000
# FDY_1_1:
 -0.0240788530945495 -0.0240788446791620 -0.0240788797710887 -0.0240789241504520 -0.0240788357953314 -0.0240788415270754 -0.0240788902650206 -0.243844513401793 -0.362616725830934 -0.403331995799131 -0.432293931613678 -0.411421581153891 -0.343624289151208 -0.325015902608203 -0.295482839281646 -0.189006399412008 -0.165416184558944 -0.203072863649083 -0.217712167647717 -0.210986550688025 -0.204302101744451 -0.183410818936060 -0.185390714139535 -0.173033591022933 -0.137302149254968 -0.0699373433624806 -0.0506196149688143 0.0153891235661327 0.0646443237484884 0.140753846916134 0.195127604113126 0.251431943770305 0.281882881799910 0.304351722698743 0.363152037120900 0.375695930225571 0.370824608463004 0.313206242227605 0.234970005316860 0.253712364833256 0.299539300025299 0.299538496812766 0.323030523115455 0.316516324846174 0.293622611413555 0.256463266509090 0.231414380348218 0.140907159923938 0.0596079323946506 0.0479101171060301 0.0309165671344052 -0.0454488047537809 -0.118346952632651 -0.152166048918839 -0.172273160616162
# FDY_1_2:
 -0.0230550610899501 0.0262565319750873 -0.0230551082305864 -0.0128849371008818 -0.0482766089714318 -0.0777953367604950 -0.0230550408359987 -0.153515381162658 -0.203388178389435 -0.248468560328629 -0.283777854829018 -0.261722062335719 -0.189679015402319 -0.145713085994004 -0.129681373374601 -0.0900141747580861 -0.00888936459830688 -0.124248806888699 -0.138012999854495 -0.142818619278869 -0.126157288491237 -0.134772463823609 -0.129380507458987 -0.114299367511207 -0.101549935156901 -0.0460505551600699 -0.0110457534357325 0.0585802278158988 0.0826442944560225 0.141628016938438 0.164469592274047 0.196382754454785 0.204213261422760 0.207764479653436 0.267685399891468 0.259373987570302 0.218351802617902 0.188408432971367 0.149335777867623 0.162349974746551 0.180943848930998 0.180295318625709 0.178488394822003 0.187771801412723 0.178514052786442 0.152533780493749 0.130419866063314 0.0670272806354257 0.0176781022723055 0.00118848956078935 -0.0202558361131631 -0.0795113126694752 -0.144852232368767 -0.171106736293371 -0.195271911592444
# FDY_1_3:
 -0.0175460973654065 -0.0175460327761721 -0.0175459750941068 -0.0175460206974554 -0.0175460320178347 -0.0175460133113708 -0.0175460393076728 -0.0175459906269103 -0.0937775940686352 -0.0921948439304819 -0.0130052147055462 -0.0870384937282054 -0.0146553142238835 0.0877173879125880 0.0804441346591133 0.0746428934847245 0.136555241964093 0.0705607273406532 0.0223071324885630 -0.0225137467760639 -0.00903614973555539 -0.00677533479386733 -0.0198221920313005 -0.0334458270305554 -0.0240036130408708 0.0184211605986270 -0.0175460474682890 -0.0175459818987987 0.128951978759211 0.135583633030078 0.0960582806635941 -0.0175459982148548 0.0584915156743799 -0.0175460600074027 -0.0175460146499649 0.0660158856909485 0.0409356924144639 0.0899590805532668 0.0292167607521502 -0.0295348997469638 -0.0325360843358203 -0.0752253920573185 -0.0820041346717540 -0.00788286028716174 0.0369429463792079 -0.0175459846654647 0.0409043954930379 -0.0175460519687699 0.0594510732165158 0.00271878247331364 0.0132658470021695 -0.00518689961121661 -0.0901606999427871 -0.106844577745195 -0.180310338017041
# FDY_1_4:
 -0.0234492295852554 -0.0234493404100989 -0.0234493556062633 -0.0234493229807423 -0.0234492482141778 -0.0234492881479799 -0.0234492559581300 -0.0234492902934193 -0.335142667153242 -0.402246868096619 -0.0234492898593371 -0.357624554067079 -0.322741279317034 -0.312074220327761 -0.250447472583913 -0.188283753031213 -0.0914239711626269 -0.182719640904809 -0.164324948890072 -0.169561139377569 -0.161095898805414 -0.160502358063853 -0.148518925561438 -0.129273296936713 -0.108624396615332 -0.0468873727633582 -0.00709562035437495 0.0635217499317756 0.101248649499321 0.196714374101365 -0.0234494067567445 0.261197859233410 0.270048938546054 0.307508911926743 0.417716516427338 0.336691199111153 0.287714876512213 0.270218227721248 0.244971457797785 0.259388962070637 0.235101216172896 0.254249845054953 0.209223028326503 0.189363314405914 0.183965304163315 0.149716619881984 0.106390757036017 0.0389093972474900 0.0226622891934204 0.0229467060948970 -0.0458495698958540 -0.117764766989544 -0.153977097421861 -0.159152406242012 -0.179644948082594
# FDY_2_1:
 0.283261700303409 0.188367235706250 0.169059233887949 0.130831824663260 0.0874138650485730 0.0475545435956990 0.0325649447662482 0.0202136137407782 -0.0211026961688638 -0.0492978998911813 0.0373303948494517 0.112010755494769 0.175964277344448 0.198661918635205 0.224790604214681 0.248714979961596 0.387119789974846 0.212730605755477 0.131366763274976 0.101789716700291 0.0906966193224985 0.0280492002819850 0.0282123485957859 -0.000636976902886666 -0.0196320664751282 -0.0154699171583319 0.0611037612466712 0.000307331079223871 -0.0470143089792545 -0.0871272474068832 -0.136975159236925 -0.174955598391140 -0.195851293634766 -0.218423379966302 -0.179944703714450 -0.128437745419075 -0.121161989494089 -0.143049394115202 -0.151046013234650 -0.193766399018483 -0.212603510931131 -0.252607955045923 -0.228640063974747 -0.170005574504206 -0.0832540073791987 0.0396777024359292 0.110563483843565 0.0685937060473094 0.0622701884846748 0.120497593801844 0.0973065769003796 -0.00681875830001921 -0.0849582834071789 -0.225927806680377 -0.348316530527380
# FDY_2_2:
 0.165272873091965 0.0803304709927099 0.0610831793219362 0.00711509365820561 -0.0485719393460149 -0.0769277104400918 -0.102188447808264 -0.111880230224586 -0.161658584005368 -0.452586750390930 -0.00867821275944515 0.0506645536719976 0.176027367709375 0.216507280438256 0.256548954257859 0.291529934638014 0.377260563216131 0.243338072369826 0.167407823821941 0.143966846477906 0.147527474769853 0.0634323931924225 0.0520490519724881 0.0161546949523157 -0.0222047832277441 -0.0310752295761752 0.0395191849118668 0.0831975402140028 0.00544777275764406 -0.00447443491772927 -0.0975488342221069 -0.123527672803472 -0.130986591877378 -0.139306920861218 -0.0796127299461051 -0.0224976450232164 -0.0366481207528640 -0.100593448543405 -0.127589291338561 -0.183833285609177 -0.225592361034173 -0.280890181880415 -0.290826098040425 -0.296437334066366 -0.146703294561592 0.0417677283899416 0.138602558463707 0.0925691609128105 0.112043744219490 0.186236439565987 0.195169530881317 0.116966706283371 0.0346606792764572 -0.0964337419325110 -0.163123799240462
# FDY_2_3:
 -0.0981966638981839 -0.158672038260383 -0.146857499780869 -0.220211486126519 -0.269449459417387 -0.308635750530768 -0.278816853162310 -0.291095197869528 -0.343280534852522 -0.434166387719007 -0.223950041837433 -0.153475729740570 -0.0690400305944061 -0.0226634043147011 0.0579054859546979 0.152873692801166 0.245994579747223 0.162490634188459 0.137947401833447 0.118395986928678 0.115291469535992 0.0323872221640580 0.0289589767051253 0.0458504003887106 0.0269738908086963 0.0941018670986929 0.118028833832439 0.180046396243714 0.131658500743521 0.136914124987272 0.0707978416248303 0.0525819605489499 0.0504264498692069 0.0418751564975895 0.103036734995951 0.163004429496180 0.145101835318597 0.103333054849668 0.0638556497391749 -0.0352191921806761 -0.0561055621395698 -0.128902756681230 -0.275862919084330 -0.219813952448310 -0.0441010760603679 0.104907006515310 0.194011769986769 0.143271640817466 0.151371828237586 0.227133099220948 0.235434898343254 0.170219469131457 0.0831046047744197 -0.0303744046409704 -0.0803959525892084
# FDY_2_4:
 0.245386232640593 0.228780067967676 0.187277648450647 0.127435530531296 0.0829906158584499 0.0613284333858705 0.0703824703781419 -0.00218215822225370 -0.106733777824405 -0.0586685754028278 0.0742960584652185 0.0976239047583822 0.143122684774483 0.164342357133983 0.207074332564052 0.243458100329382 0.248716176613722 0.130444203661882 0.112057436163577 0.0850384235110890 0.0672683183672881 -0.0568497102995250 -0.0529767559020436 -0.0236976096506798 0.0228494020524203 0.0724200576079867 0.0416931412593786 0.0185735168003249 -0.0610189928390777 -0.0803564632769692 -0.130480131586458 -0.107837468599671 -0.165819861888010 -0.149706161488442 -0.0722065066131388 -0.0188227845403309 -0.0594646061591997 -0.0751653791585281 -0.133694631168641 -0.145028298641753 -0.204106817076694 -0.223366039765191 -0.180729523767331 -0.101800055155603 0.0183987235833391 0.0460402178399952 0.0279793903778890 0.00220677952502130 0.0920799024409528 0.105919532681767 0.0351230957920776 -0.0409869271492840 -0.190808864781632 -0.273603611870902 -0.344195042688294
# FDY_3_1:
 0.00000000000000 0.00000000000000 0.00000000000000 0.00000000000000 0.00000000000000 0.00000000000000 0.00000000000000 0.00000000000000 0.00000000000000 0.00000000000000 0.00000000000000 0.00000000000000 0.00000000000000 0.00000000000000 0.00000000000000 0.00000000000000 0.00000000000000 0.00000000000000 0.00000000000000 0.00000000000000 0.00000000000000 0.00000000000000 0.00000000000000 0.00000000000000 0.00000000000000 0.00000000000000 0.00000000000000 0.00000000000000 0.00000000000000 0.00000000000000 0.00000000000000 0.00000000000000 0.00000000000000 0.00000000000000 0.00000000000000 0.00000000000000 0.00000000000000 0.00000000000000 0.00000000000000 0.00000000000000 0.00000000000000 0.00000000000000 0.00000000000000 0.00000000000000 0.00000000000000 0.00000000000000 0.00000000000000 0.00000000000000 0.00000000000000 0.00000000000000 0.00000000000000 0.00000000000000 0.00000000000000 0.00000000000000 0.00000000000000
# FDY_3_2:
 0.00000000000000 0.00000000000000 0.00000000000000 0.00000000000000 0.00000000000000 0.00000000000000 0.00000000000000 0.00000000000000 0.00000000000000 0.00000000000000 0.00000000000000 0.00000000000000 0.00000000000000 0.00000000000000 0.00000000000000 0.00000000000000 0.00000000000000 0.00000000000000 0.00000000000000 0.00000000000000 0.00000000000000 0.00000000000000 0.00000000000000 0.00000000000000 0.00000000000000 0.00000000000000 0.00000000000000 0.00000000000000 0.00000000000000 0.00000000000000 0.00000000000000 0.00000000000000 0.00000000000000 0.00000000000000 0.00000000000000 0.00000000000000 0.00000000000000 0.00000000000000 0.00000000000000 0.00000000000000 0.00000000000000 0.00000000000000 0.00000000000000 0.00000000000000 0.00000000000000 0.00000000000000 0.00000000000000 0.00000000000000 0.00000000000000 0.00000000000000 0.00000000000000 0.00000000000000 0.00000000000000 0.00000000000000 0.00000000000000
# FDY_3_3:
 -0.170688178915081 -0.251742139300841 -0.275730137884065 -0.325284401842304 -0.360606616492651 -0.389315489698941 -0.394395683199481 -0.427077433353676 -0.468576934214332 -0.540000879456858 -0.493770166862352 -0.484877389722014 -0.448907381023877 -0.386062634225399 -0.323580834217547 -0.308918791707039 -0.222158470014008 -0.185163815854507 -0.147941013318470 -0.113724132146301 -0.0962587139233000 -0.0981527566173031 -0.0872474763638567 -0.0761306260118640 -0.0749753831632439 0.0333955120120970 0.0952546473103248 0.153675983828725 0.203369365707746 0.256346698170544 0.254808607579368 0.322630693824146 0.361537487307340 0.358851453118427 0.423238416793814 0.418573366636824 0.411606744288986 0.281612538277507 0.290828644170105 0.263682544446476 0.196698903284745 0.159315362851849 0.268741571036068 0.272697442939025 0.264974762156917 0.303466167425257 0.308597842795917 0.229572325222439 0.243889157521419 0.267096615046825 0.203455161343594 0.146799807312721 0.0982108408023589 0.0667663911395297 -0.00840757482178604
# FDY_3_4:
 0.00648324854219658 -0.0618175864578768 -0.103665803818842 -0.145533158452583 -0.178536926671393 -0.197007612002072 -0.221164401610334 -0.263742637965988 -0.306438698119067 -0.330456359146915 -0.324323446454840 -0.277937910856844 -0.266481944546251 -0.272688924232964 -0.225008143436146 -0.201130112484411 -0.144918567785422 -0.203704209681349 -0.201776237001808 -0.206880544650514 -0.202360478464723 -0.213663877842157 -0.195259147660769 -0.150344470003686 -0.112314381971701 -0.0698075954314617 0.0139166962299934 0.0386381020158583 0.103142155081501 0.103594167067392 0.187119348915796 0.176324641435073 0.192806218158501 0.193486606645988 0.284618669522871 0.349727687932266 0.310661629476223 -0.0387307610692134 -0.0387308338145636 0.260506287537410 0.244039474087324 0.281443925558671 0.278414411111600 0.327920320651222 0.337314360417140 0.387027405714582 0.280095193352956 0.207720610096534 0.211869011140189 0.239640844885885 0.178638512646580 0.0838869618397113 0.0146385326791323 -0.0438187543886806 -0.0954314967200196
# FDY_4_1:
 -0.219945522224437 -0.289703044955540 -0.336763647561393 -0.403924826407958 -0.450213172791637 -0.494182465928364 -0.483009632333875 -0.480215401182184 -0.465520190439703 -0.436301992888465 -0.445052090408048 -0.434397788596014 -0.438929538976886 -0.395163714892614 -0.339591764185896 -0.247131849017449 -0.169139677343705 -0.140452675526938 -0.0765307035989833 -0.0481405460620114 -0.136092848948068 -0.0730134719232722 -0.0602869133113859 -0.0382195964551719 -0.0423421279361828 0.00284916009933080 0.0619080690627245 0.111464437783787 0.131592699275075 0.176896453724188 0.153372141112166 0.188427744183310 0.167258063847245 0.213180406324199 0.225325325887614 0.249506704746849 0.230956567112664 0.202591892617450 0.188265069459483 0.148998241811730 0.116867090809851 0.114270341356734 0.156359863235133 0.152539642598824 0.240540395573452 0.335018997117423 0.423141635371784 0.494964648891789 0.527506886352500 0.515498845801240 0.475039987585572 0.394212349753479 0.318686340428448 0.251115916843375 0.175909285128761
# FDY_4_2:
 -0.273461172617276 -0.330348400121515 -0.377914340405526 -0.453120772579042 -0.487505359933369 -0.520736195481385 -0.525517783705883 -0.524477826081321 -0.520225079401799 -0.502541549001813 -0.501093223388813 -0.473232968190008 -0.458904554884953 -0.403394946804842 -0.327268905103568 -0.235193257423912 -0.153761403094647 -0.0978057749663652 -0.0846568228085591 -0.0627161768556628 -0.0580911550147587 -0.0631019454382395 -0.0655351303326956 -0.0662850432341016 -0.0523259103085210 0.00855862367926518 0.0977325348186431 0.153625861070048 0.176294861399514 0.227074428584495 0.202074136273086 0.228603861837939 0.216598019854102 0.243893605406775 0.270687972752347 0.285009785779798 0.271702542382642 0.248852359207552 0.222340307746410 0.184562729922008 0.158238073012348 0.138391438571431 0.139856823912829 0.142399023208170 0.168345672227709 0.254492037147681 0.400305211082692 0.482957232923485 0.508557220198402 0.512929867298651 0.487985648312782 0.417081794237298 0.360896413041146 0.254102172876369 0.155065438412959
# FDY_4_3:
 -0.298782450363648 -0.357851869272845 -0.400198901124925 -0.476376295883050 -0.514257457997187 -0.557897717516119 -0.562957884564389 -0.554624915568332 -0.552749985429785 -0.517995553383242 -0.495272223040616 -0.469582333510648 -0.453335120765107 -0.401889238922396 -0.332195101716846 -0.240654998748005 -0.158770854048852 -0.0754611536595353 -0.0593760502462073 -0.0386362474588855 -0.0725424401887247 -0.0660084824132728 -0.0750223849268197 -0.0436560550673553 -0.0542231608672219 0.0238389001939112 0.0802114925840043 0.136471905333504 0.145466731969232 0.207967253526738 0.183719119619295 0.236787296832338 0.232984495786715 0.252923691644986 0.298153525929656 0.311541860750449 0.307633678085166 0.270872503709693 0.245620057960732 0.211623570078476 0.180503847231275 0.165973730785427 0.196902969619781 0.176072901983639 0.265794592312931 0.356640033786435 0.434509215183050 0.470596924416716 0.484852998631692 0.495703150770976 0.451531430753236 0.380516598578797 0.312775965286452 0.205500518593704 0.106627914745008
# FDY_4_4:
 -0.286913913907473 -0.347284449943035 -0.389046051837932 -0.482721505658981 -0.490555710079919 -0.529977023508651 -0.540884928492925 -0.541633206722781 -0.536837505404511 -0.492574513162572 -0.477827141962999 -0.447975276328561 -0.442110552438102 -0.398716563536864 -0.318688589164405 -0.223411177976281 -0.149799637188668 -0.0934551918440968 -0.0469807552806617 -0.0473453097232995 -0.0698797948460596 -0.0872805068038282 -0.0953004675285768 -0.0331600744056814 -0.0724192919882888 0.0295538379085388 0.0642790316535712 0.136347956773605 0.136131507337182 0.206692792664544 0.190312125523677 0.228104234008383 0.220676264661080 0.245975563067180 0.283828152152397 0.314124570877891 0.294696545377421 0.265639824718278 0.239553740696057 0.201464956761034 0.174227750731438 0.151366710610483 0.177607475485221 0.169175049053249 0.265195009586113 0.351230768373504 0.424579954055983 0.463332438982847 0.489884730327972 0.489467912825189 0.444597859368135 0.378353865828072 0.319543760447860 0.199310242727810 0.0875245071504417
# FDY_5_1:
 -0.0495295512963636 -0.0495295448332891 -0.0495295777502090 -0.0495295716619759 -0.0495296086077335 -0.0495296198028495 -0.0495296155653520 -0.0495297260270815 0.0594297036775828 -0.0495296059145953 -0.0495296228579327 -0.0495295161603780 -0.0495296549177293 -0.0495295851294884 -0.0495295457338701 -0.0495295866662742 0.516061713047420 -0.0495295960598552 -0.0495295620029326 -0.0495296356036208 -0.0495296151088070 0.163604221842206 0.121720685122132 0.0440786172942957 0.0218806237412121 0.0848717571579558 0.139762081680944 0.158825700208182 0.0431612711798170 -0.0317179337817437 -0.156426089271725 -0.0495296300606005 -0.0495296534323957 -0.0495295797084132 0.0313055740846020 0.113998777380850 0.317168322283798 -0.0592147812942876 -0.0495295867001449 -0.0495295642548006 -0.158427350274030 -0.0495295484706364 -0.211877013427578 -0.0794034945114575 0.121534484474331 0.401537499976435 -0.0495295507388363 -0.0495295469742912 -0.0495296229236802 -0.0495296102162468 -0.0495296420067468 -0.0495295942818579 -0.0495296265615240 -0.0495296600292628 -0.00739761253116614
# FDY_5_2:
 -0.0618349809906557 -0.128418756712319 0.00316855682751285 -0.227466133793156 0.00316851176641311 0.00316846670807471 0.00316854695127968 0.00316855443923216 0.270973293532415 0.00316849700444723 0.530134802734682 0.451854215247631 0.00316853245672035 0.253506458242676 0.210978306229120 0.00316855280018771 0.0989691317185433 0.0796296552120508 0.00316849388544262 0.00316846130254269 0.00316852372357636 0.00316853511265183 0.00316855497344128 0.00316853212444392 0.00316848836874797 0.00316851811578302 0.00316850042222885 0.00316855927602091 -0.672766548561001 0.00316852238213385 0.00316854509454447 0.00316852232135136 0.00316851039398649 0.00316846281422325 -0.449347071517209 0.00316843774273525 -0.489289690960826 0.00316849353486261 0.00316852389622137 0.00316850352064726 0.00316844503271276 0.00316852530972180 0.00316852568321948 0.00316853315617684 0.00316853120444917 0.00316849549260147 0.00316845112165367 0.00316849540435473 0.00316842622883875 0.00316846870026246 0.00316857774754477 0.00316844871170942 0.00316847443069725 0.00316850782928959 0.00316850560536188
# FDY_5_3:
 0.337849797651601 0.0212835544303295 -0.695974321164530 -0.215591772356613 -0.157036458745101 -0.213238841029819 -0.203458644510668 -0.229431671167918 -0.219324979911755 0.283525818807958 0.434681328293577 0.470395880121164 0.371434171941550 0.228369256399721 0.250571804521583 0.374035395812696 0.200554001220987 0.140018370515263 0.238235639460205 0.212685153124919 -0.00426126770375041 0.0231565978734939 -0.00426098532272962 -0.00426111511072953 -0.00426120854086516 -0.00426122336041963 -0.0710781835595916 -0.0667308672387384 -0.219833375659526 -0.144596790072243 -0.252846412077728 -0.125577309665712 -0.231912102168801 0.00660378012598166 -0.000453132834369605 0.136907795983901 0.0321054608510093 -0.0139230531324542 -0.0782970183373975 -0.137857216727336 -0.308371597733513 -0.303679936814171 -0.185524271589238 -0.101852448203558 0.243665882462880 0.218812874721542 -0.0325503709083952 0.0615696471720061 0.344875505569594 0.336636406436001 0.134983882396052 0.0163705860339397 -0.248508355701725 -0.238962817872634 -0.401410842705924
# FDY_5_4:
 -0.0154717902871314 0.00901418936103598 -0.0196010848954796 -0.0154718291678878 -0.0154718361751643 -0.0154718640102701 -0.0154717782406316 -0.0154718978523370 -0.0154718404168238 -0.0154718556174459 -0.0154719177558771 -0.0154718103169012 -0.0154719031720577 0.400682225356727 -0.0154719196599958 0.454032516242944 -0.0154716836816842 0.253416907950454 -0.0154718775703165 0.236933177317379 0.139989404710852 0.106652250241457 -0.0346051211524648 -0.0312906075381079 0.0536300273365803 0.135942048445948 -0.0844776584697609 -0.0824227913157268 -0.248217672609935 -0.187677906609792 -0.237961606456680 -0.106491350963811 -0.265550291424180 -0.0699265691883920 0.0410967370400474 0.148880953826568 -0.0708485593440845 -0.0601396088697486 -0.0884790161917442 -0.152229740947963 -0.297463290277957 -0.358192060098946 -0.199047739875993 -0.112345077637668 0.261480661027085 0.304810709611523 -0.0611109513867357 0.0371067401032158 0.393110933935290 0.371835163719558 0.182677365256334 0.113168744343420 -0.148970160421466 -0.157992006863964 -0.352814079361296
# FDY_6_1:
 0.00561643671332603 0.00561637377487247 0.00561642716295221 0.00561639478876266 0.00561646841956367 0.00561641468403475 0.0740878631509789 0.234756682508398 0.00561634530965296 0.862779572346240 0.00561643865542851 0.730210575611353 0.00561642384443785 0.00561648503353609 0.00561641218033617 0.507240273438846 0.431538629901627 0.00561644587662193 0.00561640176971625 0.328946574780060 0.00561641496614775 0.00561642722345670 0.00561640451192893 0.00561645498242249 -0.00486240266971969 -0.0853584637341969 -0.205624337394954 -0.242464299750191 -0.315447355694314 -0.279216187339454 -0.348789014568073 0.00561642225807925 0.00561654001711200 0.00561644867833990 0.00561642504593098 -0.136282862190270 -0.201681536980389 0.00561644814717901 0.00561644018969189 -0.310865507890818 -0.340141801095428 -0.307955313629954 -0.171771820166718 -0.109458401012231 0.0254411289293464 0.00561633591434176 -0.0260239263454911 0.0952017851714049 0.163340849966524 0.104027363409564 -0.0189029293631335 -0.115101660397838 -0.172437407452699 -0.205116880906828 -0.0948634207795160
# FDY_6_2:
 0.187836045351511 0.0236233273284494 0.0994948639613779 0.0526691881868153 -0.0293876910877176 0.0809576997639478 0.191972179149542 0.422693938732012 0.532076916394170 0.792411632038825 0.660166485632486 0.715286824704685 0.559503779784058 0.537430365587540 0.467181606122286 0.324788973351543 0.294692519299365 0.353604490334243 0.332562775788022 0.191674860669241 0.146994830805282 -0.0160383254619428 -0.110674952071653 0.0313257971022968 -0.161118539383267 -0.309049310819510 -0.346529631812121 -0.284159374899909 -0.406677930358760 -0.414135536023586 -0.436555243783561 -0.505772898159483 -0.498324984823895 -0.393333490826214 -0.260066736336051 -0.274700130710130 -0.327152644822242 -0.349304032987561 -0.322622902124050 -0.335533535761961 -0.410087942227376 -0.343217038240419 -0.163766423418105 -0.227146206675529 -0.0532051903173603 -0.0165718702711262 0.00842862959206676 0.104349595028368 0.171033847126413 0.0896150553298404 -0.0237528987904741 -0.120947908142067 -0.175168829286836 -0.0874680588576596 0.0300940313161781
# FDY_6_3:
 -0.138527901294208 -0.138056978355631 0.0929309236096390 0.0858053268586106 0.131403528136490 0.165745141047327 0.125928896484353 0.226923383365895 0.421868619484080 0.893826588262537 0.733306861208364 0.555919491534058 0.309974045707524 0.424645749218918 0.387543462255502 0.369637729216622 0.349559104424866 0.206310649293371 0.240517767433119 0.135701966657861 0.0748766492029174 -0.0249666580487164 -0.140510407206720 -0.159861645284855 -0.252390254080113 -0.371376701064296 -0.433893962135043 -0.389534585582185 -0.475836288294421 -0.353287279094773 -0.432626715923314 -0.441128114672724 -0.429992508328775 -0.284063830820843 -0.191622749034032 -0.180282336418568 -0.222357667059866 -0.241185041817658 -0.222115866455546 -0.313146197880839 -0.341670733800425 -0.200850956613149 -0.0768492579959132 -0.0630139631759774 0.00813145601372913 0.0142807594899099 0.0461491948965463 0.154472351151008 0.182974960289314 0.114016766413888 0.0393372838907476 -0.0428584270320384 -0.0659732911965203 6.30295518031752e-005 0.136128633568147
# FDY_6_4:
 0.0640127676718971 0.0252406425938560 -0.104168239763022 0.0126850480657237 0.0707975116995354 0.122213352337345 0.252009635796345 0.483091141136848 0.735554812358263 0.710490899502460 0.609687877404579 0.549939301807008 0.426422812586818 0.366835531921180 0.309625923879564 0.268495910914079 0.292391133251806 0.230024063063685 0.164050606011365 0.119230385021320 -0.0725235597108127 -0.100195366411787 -0.194553081268932 -0.444298324982308 -0.772625692696235 -0.544397326804506 -0.426262104593419 -0.480697056679915 -0.496466962725850 -0.450391650228146 -0.571511318863439 -0.420334571981451 -0.268938325375737 -0.177671127727731 -0.0496757678848883 -0.199478471579713 -0.256316668431368 -0.217244154738685 -0.173898918593854 -0.223325709186761 -0.243450456093888 -0.162092780720179 0.0473564674804563 0.0236489446398811 0.0308541815153531 0.0349821112887594 0.111986814502556 0.187006940556402 0.162387683575086 0.175302329699104 0.0662859226190151 -0.0306103187373705 -0.0238648003681736 0.0924216211414754 0.359960382106407
# FDY_7_1:
 -0.676277343869690 -0.725468131599230 -0.755718554314848 -0.796887912413440 -0.815946387634460 -0.838414179657219 -0.837244905958815 -0.787354571492875 -0.708833039094819 -0.592009679726331 -0.476444467378838 -0.395542963399025 -0.318179765739243 -0.273370113181648 -0.272778174619833 -0.271586979216412 -0.241137586540598 -0.215356676655257 -0.162657129070875 -0.170317738800825 -0.149341222599556 -0.124612028958981 -0.137142340659638 -0.155554465530467 -0.160736365731279 -0.154825661717400 -0.154717884991530 -0.127048746663394 -0.0657956302472348 -0.00155587566984167 0.272333421632368 0.484298764998006 0.677924315368492 0.738845046042892 0.915962409442996 1.11634642470265 1.16290098675177 1.11437151004127 1.25374504761203 1.22829519174470 1.30881652121506 1.12086536441491 1.25245663266480 1.22496449485562 0.543319213738442 0.279311222630005 0.0482286254412299 -0.0837878488150862 -0.184439613147213 -0.239292986507731 -0.335123411043887 -0.464687485635890 -0.578940239756511 -0.640724259079388 -0.653132826177916
# FDY_7_2:
 -0.555379055096668 -0.590995477073192 -0.614665436380722 -0.656699899802468 -0.676585837673033 -0.695354730317470 -0.677171300875822 -0.630786673545347 -0.550124218225146 -0.419295777938465 -0.315393978727796 -0.242446408235982 -0.188658571731708 -0.177489197641716 -0.159353214806569 -0.155947153847418 -0.144967080259994 -0.0957832369241136 -0.0631301448240680 -0.0538487686821596 -0.0427301839127892 -0.0601186546474826 -0.108764006772678 -0.118603757478744 -0.147968933810919 -0.144487973747202 -0.133116053272590 -0.124108970780426 -0.0778061744624341 0.0179147005196607 0.209958043110091 0.366635464236829 0.436534103994032 0.507759439963638 0.713181981491718 0.874657801705582 0.876065584691073 0.811155933108602 0.845724891429773 0.984747284764011 0.834732128509125 0.793870812372349 1.18312602589762 0.601833366335932 0.380295554615306 0.197437533343760 0.0512640409812088 -0.0597321891980571 -0.0922900605333497 -0.141977786431412 -0.212041579812009 -0.320267248011959 -0.384759001414829 -0.433370781571728 -0.420675172601846
# FDY_7_3:
 -0.736224505638902 -0.735930816682102 -0.754204273301472 -0.800858849427907 -0.825949980572839 -0.846526314412419 -0.814435065520781 -0.738302589600851 -0.609349528679890 -0.473798797073452 -0.380386061105469 -0.291256509569178 -0.276625021890255 -0.265302572749295 -0.280103067274331 -0.259425883178258 -0.222850522356151 -0.168171014335125 -0.164860403008289 -0.147455748220492 -0.136478127718734 -0.152739438273078 -0.222563556384734 -0.186258305750746 -0.239685403602613 -0.267422983398280 -0.240145078287281 -0.230009097882236 -0.180960387788747 0.0170039736278552 0.250543575427029 0.500593408213975 0.565254355630074 0.719699580534301 1.04910070003959 1.23828691749667 1.28661919553501 1.29709575241173 1.42410358965263 1.62038161026583 1.43835589465375 1.40714226884309 1.95391225225257 0.641474493744416 0.260938706592513 -0.0635182698155509 -0.172326265939647 -0.258679179065578 -0.305982593186485 -0.367996208593884 -0.440488401996529 -0.587277242700718 -0.630417012445153 -0.655351869069220 -0.540189328424355
# FDY_7_4:
 -0.703128602318191 -0.734639435556647 -0.750917723928250 -0.798589501730674 -0.820104512552772 -0.852183532182883 -0.818686989513509 -0.747168491073981 -0.616885405124529 -0.454370418146630 -0.367499599926925 -0.267617268037350 -0.300346345608062 -0.280477050028233 -0.296556642906173 -0.266222432518780 -0.225046461470738 -0.146680836774698 -0.151838104235983 -0.122245487143406 -0.117638131091437 -0.125433323113996 -0.217611218538975 -0.142849041804417 -0.191483152616389 -0.206835168685117 -0.190904753655578 -0.136473330241018 -0.105919031246074 0.202037072244316 0.381053101020147 0.655966052642749 0.681247049558509 0.852342445434466 1.09646717751755 1.21997921132567 1.23725289577666 1.39114107773987 1.41782320821849 1.54096029068054 1.29774376423708 1.15328681544389 1.51073558829792 0.514279887765031 0.195763648777399 -0.0677710608021061 -0.225194162783322 -0.287209868056534 -0.325091460704824 -0.380916377700306 -0.454165261104869 -0.580215493418158 -0.641721642105403 -0.663667355110812 -0.565774613122526
