# Number of parameters = 356 Objective function value = 87837.9  Maximum gradient component = 0.00871913
# lnmuRT:
14.4084350080
# lnPrat:
-0.675714934254
# lnHR1:
 -0.0279104729970 0.0311951596137
# lnHR2:
 -0.133303752951 0.00856484291401
# selpar:
 0.716536018387 -0.295100179961
 0.162758755271 -1.23635119556 -1.61615338693
 2.19629711001 0.0820333457174 0.0159064837821
 1.28838237530 -0.343341596091 -2.99999999355
 -1.29310126255 -1.48453266045 1.08907259164
 -0.743319730942 -1.96714750557 0.455906671649
 2.54379516936 -0.694835898078 0.00846532723784
 1.47910966460 -0.630241830943 0.114565261496
 0.836847095310 -0.684565395291 -1.21356422199
 0.0788077122057 -1.27828974704 -0.0827205137456
 -0.528784251389 0.0848816270053
 -0.976575704868 -1.46359215472 0.372699217525
 2.51936076118 -0.247694234696 0.0553560426142
# lnRD1:
 -1.17667293441 -1.03713143163 -0.575049483623 0.750432761551 0.0820715908945 1.21997589872 0.107161182580 0.101424114011 -0.553224627042 0.474920148886 1.66923605321 -0.317998991748 0.343853267620 0.869329214207 -0.474396767097 -0.742296277433 -0.741633718701
# lnRD2:
 0.446030268372 0.216060480182 -0.107563906329 -0.0887056274315 0.151936032356 0.396554963123 0.734918830913 0.523183848444 0.0807898031701 -0.187442313762 -0.296744168083 -0.456347969009 -0.688796217930 -0.595096714275 -0.391648242061 0.0367961109548 0.226074821365
# movest:
 0.0724250567703 0.100213622760 0.174071145799 0.238641795458 0.0101188327296 -0.0370241775805 0.0903645751496 0.219160030066 0.196495206926 -0.0449944112932 0.222508509109 0.677604572834 0.426496061111 0.651936219423 0.0254628342206 0.638944433209 0.0552777191929 0.118989705637 0.649883308608 0.332964545215 0.00383256103214 0.150620961472 0.565079827971 0.579300512954 -1.74183116497 -0.836759105776 0.253271596100 -1.21866085213 -1.20827551117 -0.460874009796 -0.0802213756228 1.09536082259 0.0223335448605 -1.77829253972 -1.50907056915 -1.43569523948 -1.78885287843 -1.46090636908 -1.56611685129 -1.79648823062 0.561454164673 1.98893644559 -0.608337020787 -0.898274784705 0.690848638681 0.550423950320 0.987386798571 3.62945973736 -1.00732926104 1.50852478415 -0.735525784410 -0.690710361097 0.908977462662 -0.526237478392 2.56035092615 -0.682362111611 3.93162483221 0.714660313223 0.719460546146 2.72063852814 2.05644712205 -4.11463445978 -0.191474458082 -3.21246239327 -0.430932469368 -1.77988327094 -2.13506132170 -1.55493034489 0.468122248507 -3.98255672286 -1.23343161257 -1.23878220603 -2.69531257725 0.955712372741 -0.500037913500 3.49876046593 0.382852663137 -1.57315904024 -3.89982487701 -1.89825181186 0.209124912317 -3.60684439605 -0.595707359761 -0.454142386827 -3.38772820981 -0.483463597750 -1.57549504262 -2.99760881406 -0.0300499378472 1.21622904192 4.52094011676 0.441432001991 1.80798287159 -4.62599044291 -0.121798609080 -0.350273479206 -2.86239043807 1.84833381307 0.785418718443 -2.90097113868 -1.51251571105 -1.15161231854 -1.59636232253 2.38042689227 2.59814394745 5.96960991799 -4.42128442968 -1.12176881321 -7.15241852971 -3.85484986343 -1.31408648159 -5.92936959780 -0.425777967640 -1.10328477908 -6.27791610624 -1.69138345340 -1.05024702240 0.231480866711 1.03183459840 0.604310176884 1.80044521371 -0.949200177980 1.02538897354 -2.11805488579 -0.351933272655 5.29289447219 -0.721793510980 -0.0484568285642 -1.08486621273 -6.03207652894 -1.43151720229 -0.701227177688 1.46805656778 0.608806845381 0.953754712883 1.72006151889 2.39833792083 2.68958323967 -2.97934473014 0.0124364882484 2.22759615456 0.727357882983 2.51737470324 -0.424825380429 -2.80362139137 -0.644637573846 0.0789830305086 3.31348566801 2.52860739265 3.20061394936 4.03669930970 -2.46540943355 3.08981707461 -1.15056510844 -1.58766890153 0.459606692263 3.49901988951 2.02385058507 3.37051604536 -4.51920003531 0.171177833210 -0.261395208723 0.589461410068 2.77447318157 2.90924724731 3.48574911576 4.23355518139 1.77074146742 -2.08787026571 -0.280157868056 3.01206176835 -1.11317979374 -0.121510560432 -0.719013067658 -4.07668812973 1.73759128809 2.28329553312 2.31812279521 2.89501166345 2.52676705293 2.89339565847 3.33817805495 2.97582485903 -1.39528125277 3.52220410346 4.69385467992 0.0404673802006 4.39320954030 -0.113226376545 -1.48819135722 1.62068349984 2.58502120613 3.76546837029 4.59818537422 4.36253855506 4.70210796572 -1.66564420060 1.87001452265 -0.559328668386 -0.620252173303 3.00502780644 3.22796458974 3.67096330033 3.61504575426
# lnqE:
 -5.24810984051 -4.44199620264 -4.49009650111 -5.41602534864 -7.20305595348 -5.29522290701 -2.13348490509 -1.49131046355 -3.96980936385 -4.29169647317 -1.51765325604 -5.70774715097 -4.02801896179
# lnqI:
 -2.29999999975 -0.554222766181 -0.125192666253 -0.135115098386 -0.793364650755
# lnqCPUE:
 0.0884054722472 -0.280329606443 0.0441077199094 -0.351308773436 0.173856690254 -0.218336043520 -1.00328485282 -0.312264110290 -0.258798142448 0.151549832527 0.0383936004974 -0.0613871438588 -0.355532675846 1.12973905960 1.10947434601 -0.516192000342 -1.53203937153
# Fmod:
 0.0752226782646 0.0372177319389 0.181509048139 -7.51506412655e-011 0.0881779571285 0.107866667550 0.0205668610946 0.0393838971639 0.202566940428 0.0181178355099 -0.345470401868 -0.0321890389791 -0.304869523096 -0.0258914546966 -0.0313011887330 -0.0980854637248 -0.0202058646537 -0.280913113512 -0.172049976790 0.308046096719 -0.0129021060406 -0.00338986852168 -0.00927378013688 -0.0395428959654 -0.00733297911202 -0.0111155081088 0.00705679801558 -0.00672979505346 0.00640761325226 -0.0251891408039 -0.0351807794868 0.0208890431136 -0.00123876752454 -0.0353029603050 0.0162810337410 0.0922006719653 0.0804143184300 0.125973088555 0.119366317022 -0.0490899908435
