# Number of parameters = 1827 Objective function value = 7931.82866599852  Maximum gradient component = 0.00150131933650578
# lnR0:
 12.8152076004559 14.1611773449904 11.7350188059070 11.1737447641530
# selpar:
 1.33270918776930 2.19914010220234 -4.26603824291674
 2.34420839710804 3.03599492583259 -4.13425841405290
 0.739836658180582 -0.530148937511457 -1.99811781506140
 0.197212721844880 0.134701280983194 -1.88906137890359
 2.49896389360581 0.313264165454939 -4.44480996834108
 -0.838509784499867 -1.32919987820798 -0.832081896341789
 1.53557460096609 0.599642385639410 -3.32471321076054
 1.23907526845425 0.698766461448489 -2.14890766873261
 2.19697138642377 1.27637512209522 0.394189881251576
 -3.25077226380021 -0.0140949602767719 -0.609068673529413
 -0.988326310023437 -1.73955594520615 1.57487571799832
 -0.0865739731275044 0.114692642883685 0.749766507786454
 2.09576998391861 0.515980036772853 -3.50404441539261
 0.145371420191001 -1.25765096586286
 2.17629925851157 -1.79675627175680 -2.37295267563950
 -1.93932066452462 -3.05095680916726 0.239786184708455
 2.33867281145724 2.84352138337604 -4.13835877099828
 -1.14850776320888 -2.02103036440147 0.249408929840802
# movest_p1_a1:
 1.86469188848990 -0.705788579588415 1.09858295597698 -2.52174914964224 1.53373772996950
 1.44479587229490 -0.460926794231907 2.05585811505872 3.56873697577362 4.87747960261952
 1.00524962052094 0.499564731773530 0.667656811740837 -6.86244097344493 0.702511837695337
 -0.862888500692176 -0.273543350928717 -2.74323719923703 -1.60821425599353 -0.596973624551658
# movest_p2_a1:
 0.686647918013621 -0.0180082019906527 -0.171564579780997 -0.0763490600030492 -0.0964724410150462
 -1.33738058480428 -0.549051225119815 -4.33289819910130 -1.06253084710235 0.546124458279927
 -2.05517434062484 -3.10303400720345 0.00714037702691606 -3.54658374198309 -0.415914870385957
 0.876641115272822 -0.430067731810334 1.66441145297626 -2.25926949738143 0.0985368707615706
# movest_p1_a2:
 -3.85813107751601 -2.92737522507817 -0.815629078008131 -1.01773134037167 -2.67686269430677
 -6.68918530734320 -6.83530640255537 -3.36790320583600 -5.09828713288390 -4.85936146564107
 -0.833954625703424 -2.82465226742226 1.34458736673364 1.83753526511680 4.55082718817447
 -2.93115117633029 -4.69079506493024 1.52452659089455 -1.80598298653229 0.177854066415042
# movest_p2_a2:
 2.63066940483696 -3.67959339343922 -3.99637760684084 -4.78543945145308 -4.55845944625412
 0.0924955871345929 -4.36311055556391 -1.51104672785228 -6.22117890349803 -5.91034047335317
 2.25960411526928 -1.47908761627837 -1.74274268217181 -2.77477623239678 -0.417160100576774
 5.62174334987559 0.604976646498177 0.126403426031493 2.78360733387918 -3.11559434234321
# movest_p1_a3:
 3.97991543697956 -0.354644454360225 2.64185167161551 -0.684725494857611 2.76256352349282
 7.70758267984612 5.49479619879250 6.25914556948766 3.86658538178650 4.04365723368178
 1.62105823598138 0.764554242731645 0.447227749440682 -2.19547413673906 -4.75507733277543
 5.34087512455056 1.86596546364335 0.983163917146616 3.69447955096532 -4.47913870369511
# movest_p2_a3:
 -3.88240654457493 -3.46158222566287 -2.42439261547524 -3.68672440914790 -3.69346825894854
 -1.47782312775993 -2.92332323347580 -4.80673547775249 -2.26549300802318 -2.49356246912154
 0.0818332887540052 2.40645731247372 -2.10315546704122 0.731125770863086 -3.35862703050832
 -1.47585660472524 0.551252915630217 -2.50002273288962 -2.85646031135001 -2.57081169167327
# lnqE:
 -4.62885053959645 -3.05641888982618 -2.18450434749175 -3.42002898376825 -1.48415196481371 -1.37225063853928 -2.45267478063097 -0.651049818989161 -4.21766228066440 -1.68707126007778 -3.86261475657323 -3.27610735282273 -2.95385729283486 -1.34408938924306 -1.48186669165822 -3.53877800974371 -4.14489156607223 -2.73325808711473
# Fmod:
 1.26955806241342 0.584243672511466 3.44102240257271e-007 -2.32975530040684 0.858728292859541 -0.873307724620270 0.982445087454583 1.14164824886262 0.935148201634467 3.39484822697855e-007 -1.65751356099211 0.887934892716414 -0.659556176148351 0.578440003505376 0.874533245592369 -0.240750744913510 -1.71337346080591 -1.62864860807479 -1.09016342703882 -1.33003254816483 0.919863747354910 1.22798872267619 0.286276639991618 2.22568260255213 -2.23358571362627 0.534802468665836 -0.526165645430481 0.975558337844183
# visc:
 0.809722706136490 0.621746405207632 1.05478223436830 1.61708034851173
 0.427020862541773 -0.447755929779455 -0.590052928509280 -2.99999724838423
# lnRD1:
 -0.667572084628367 -0.219466607620420 -0.0786062208429467 0.0253894652386824 0.367791921006533 0.133972439957235 0.181362433567129 0.376596466519050 -0.485377884571987 1.09328981279085 -0.130312320207326 -0.597067421208430
# lnRD2:
 0.614173418307899 0.627227588942484 -0.275727821516766 -0.744077628799363 -0.427838730210735 -0.929021168585863 -0.760406545455885 -0.536289177272014 0.586430719940057 0.545127396774704 -0.159518496277770 1.12782364620593 0.264791593924353 0.210962716780209 -0.0809402857169005 -0.0627172270403424
# lnRD3:
 0.303963114451639 -0.448516854113401 0.565498583398770 -0.219446269395017 -0.201498574341991
# lnRD4:
 0.0432848486895427 0.115497075154863 -0.179743461498994 -0.270140015344876 -0.500659404076601 -0.175838241252558 -0.326961481144567 -1.14725926221149 -0.492416758306164 0.119373956648829 -0.161385383980909 0.374793921255927 0.448097099351038 0.337808361527604 0.408973103510353 -0.0963915404078809 0.160987259277703 -0.000964198513895152 -0.0554833173985997 0.383576277689895 0.895692306324323 0.0813909240446181 0.0377679306618416
# FDY_1_1:
 -0.0230828673003043 -0.0230828773167755 -0.0230828742409763 -0.0230828674077783 -0.0230828749347778 -0.0230828649106043 -0.0230828562537770 -0.297412795566514 -0.330476383286580 -0.360332258385957 -0.407902645819624 -0.393584218254320 -0.345021946404605 -0.330671451134580 -0.297461365702907 -0.233030130907037 -0.253695632329793 -0.288383445410565 -0.290025158842767 -0.292042153815584 -0.293341589851299 -0.271666223678401 -0.269082765530389 -0.248388093365511 -0.216738350637032 -0.140795582291776 -0.108389136817069 -0.0339730441295558 0.0271831688682036 0.118828374003150 0.190247706298164 0.275106786309266 0.318525444108798 0.394718991475444 0.505472396320024 0.562774185458068 0.580461315207919 0.518232978412705 0.414423927208408 0.368199130966877 0.349837927311715 0.294222889067246 0.271922730383872 0.248894978883072 0.205458511322336 0.169806438977931 0.154564883775887 0.108864920954696 0.0735786215082859 0.0600381905178897 0.0278008896165278 -0.0267710081915331 -0.0754903541724714 -0.119353035008668 -0.153556535056953
# FDY_1_2:
 -0.0207572427956374 0.0148191077980267 -0.0207572376485556 -0.0381580568532093 -0.0696913663835010 -0.0964456001048698 -0.0207572360148091 -0.144715527809949 -0.187135029240204 -0.213955193200048 -0.225693256629188 -0.210434290498868 -0.159843826905753 -0.129515079892873 -0.117962431865138 -0.113240997755914 -0.0985559528640224 -0.182326581104119 -0.183803424267083 -0.192642616235583 -0.183634876573137 -0.184322250485947 -0.172787332962597 -0.155006567427295 -0.139508355540688 -0.0770104585541817 -0.0240602092450856 0.0567452601219936 0.103471493924117 0.172855246453503 0.211729307135540 0.267830178652114 0.275380739160863 0.309028886939183 0.377625045743021 0.364296509893752 0.306948658628980 0.255732718927370 0.181984976345328 0.145058752562045 0.134228244104299 0.112801419721580 0.107600104401688 0.133494876716791 0.128814303467314 0.109498375417922 0.101458825097746 0.0707744133166185 0.0468663818236240 0.0267434028662682 -0.0172102098737489 -0.0769434455047388 -0.137727298888572 -0.186687248014354 -0.234498028080018
# FDY_1_3:
 -0.0159005919551848 -0.0159006072168044 -0.0159005988746108 -0.0159005898229163 -0.0159006032393487 -0.0159006016268634 -0.0159006103589496 -0.0159006043232274 -0.0672503266817561 -0.0595324173233955 -0.0497324673214720 -0.0412730584980478 0.000750249371937173 0.0186963777026701 0.0189830362879658 0.0103866620585478 0.0247451538392072 -0.0565639385548648 -0.0652913010707731 -0.0774910505966810 -0.0706078914621708 -0.0697773149353449 -0.0725622444345488 -0.0814234616523619 -0.0591511098413370 0.0157209790169695 -0.0159005963466312 -0.0159005879945939 0.183811388398685 0.191569666985055 0.190808656021798 -0.0159005872373676 0.188516100828903 -0.0159006068019327 -0.0159006036728837 0.148104448764393 0.0946569441612420 0.0655164827663588 0.0173833623024720 0.00219296375901106 0.0140169028179507 0.0182959359839650 0.0551988751676545 0.141963469170739 0.141663410556386 -0.0159006009075206 0.119323768679600 -0.0159006031084063 0.0903082005047649 0.0645027470494764 -0.0138517047371211 -0.114821218757274 -0.183732849789809 -0.249818799208398 -0.245725633843156
# FDY_1_4:
 -0.0223271009384694 -0.0223270565455383 -0.0223270610705542 -0.0223270764267754 -0.0223270733743779 -0.0223270597032444 -0.0223270289383578 -0.0223270097107018 -0.285757459780001 -0.319651337271953 -0.0223270563146661 -0.288960874714453 -0.259597551661951 -0.251666334687589 -0.216365269060395 -0.196579163036346 -0.165890807461407 -0.252664239162613 -0.239179438021391 -0.249149921532965 -0.244253888422393 -0.245306490708509 -0.222623341336836 -0.199313176529142 -0.170720022285174 -0.104782191377289 -0.0504455355089984 0.0283458845027291 0.0818175087090167 0.191114293173799 -0.0223270659281450 0.316366768431212 0.365942946646990 0.441766397377047 0.565006781144615 0.514359118888062 0.449863079389295 0.398770337585710 0.308815447742981 0.259442857329251 0.188074506621197 0.161168074423759 0.115904942745713 0.0988038296930322 0.0943072162192453 0.0714749712958808 0.0652090308063999 0.0384013822803770 0.0295873563413908 0.0173859260557525 -0.0339031105120067 -0.0840251425770374 -0.130357763176715 -0.157002548481297 -0.210462461146164
# FDY_2_1:
 0.417082316425776 0.331492811318612 0.310534469543255 0.276082856462850 0.236809620343115 0.200543759009869 0.176229393644688 0.153601116599519 0.113959809497165 0.0885099510722188 0.0827865234866610 0.0842609023651824 0.101185761736984 0.112208792716904 0.130297276065028 0.144963428137328 0.222867814775192 0.100271186578379 0.0829571658830147 0.0819422648885191 0.0847439952752363 0.0526394776927258 0.0605736029949926 0.0781168730085898 0.0727423305661630 0.0715728202323949 0.138048951422858 0.0715748091148181 0.0343316632925322 0.119164711516497 0.141402325610442 0.219353093076205 0.0374972918648296 -0.0779954132601507 -0.158216947929879 -0.250671541480539 -0.266924729500231 -0.283981074372551 -0.301152088689971 -0.314803477339859 -0.327541897734021 -0.310463505290432 -0.260138915950928 -0.205651000496893 -0.117479247502930 -0.0500707719159139 -0.0603828766372955 0.0510024842855040 -0.0131837255284874 -0.104044313508035 -0.167966590684412 -0.228925481248088 -0.263382510708632 -0.318423030294702 -0.599952510430095
# FDY_2_2:
 0.276201800593878 0.164425188998924 0.171929274596129 0.126398543229898 0.0717827010004893 0.0130296779015209 0.00353902457962436 0.0132423344067004 -0.0109342080611123 -0.361089704096060 -0.0250913388219162 0.0182845544007051 0.0260727803845374 0.0567921964857304 0.0956177800940974 0.140885427110748 0.187527061536448 0.136405124538137 0.118310807487645 0.121969585800583 0.139917901926782 0.113433923546821 0.104491518860538 0.128332788665863 0.109710094920366 0.0974050189082741 0.231966905627269 0.268400892943801 0.197248789275820 0.328439860480076 0.328418229270040 0.376507762087897 0.180531437564968 0.00613094840936396 -0.0954181225469021 -0.200769714289078 -0.249473125439613 -0.331953918930283 -0.361869499445304 -0.391775364954013 -0.418095073631124 -0.391938281563174 -0.363709935761410 -0.368985446716783 -0.171459030283057 -0.0371246850826134 0.0578890342265560 0.125590923313210 0.0921262354036630 0.0374629922687715 -0.0149379472852528 -0.0739191681458868 -0.124422899331164 -0.206781979859565 -0.466669676601566
# FDY_2_3:
 0.0177072424758452 -0.0455950590373659 -0.0484843877065499 -0.0920067840663387 -0.127087033195171 -0.176001446728251 -0.133710691111909 -0.130579816024415 -0.173075282437726 -0.230841011278403 -0.108513408213019 -0.0888954042557028 -0.0206311665518665 0.0178922309049730 0.0561248394782046 0.0980775229942335 0.143377238303488 0.136488019076317 0.142315472033125 0.141189600462814 0.151056829227072 0.122240013168744 0.111870687730700 0.143160143123094 0.156605090148259 0.220105915088084 0.177649510076536 0.267092645992604 0.302188562845368 0.416500499074294 0.426967476770172 0.228849514872483 0.108682609667717 0.00435996427570980 -0.0507365532760355 -0.0297676636661085 -0.0880054863390881 -0.131049809182911 -0.148778513170489 -0.235123511486988 -0.229035705537009 -0.228685376468056 -0.320478629252564 -0.222734370515812 -0.0308263984358714 0.0612694775924039 0.127738082233367 0.0959281944331270 0.0659473711452801 0.0587520190685547 0.00538295906183691 -0.0370119129771506 -0.0791274207660707 -0.297566042040813 -0.501170847602723
# FDY_2_4:
 0.349327881769606 0.306594482628897 0.300599679807318 0.233525370366514 0.198256172805774 0.190031832388298 0.200988389766422 0.140021737845612 0.0556552690734002 0.0321631103709365 0.112637274199371 0.101118215446200 0.130477615085270 0.141947025266872 0.160552363873009 0.158265059014373 0.148392248430345 0.0812705516733829 0.0927728516895318 0.0850125408840693 0.0616683458409679 -0.00128127097108395 0.0562707733170957 0.0865882235814709 0.129380032180800 0.193179658004349 0.172379357683413 0.144530618655043 0.238859137903832 0.309390972322717 0.354727591539742 0.102332217300713 -0.0781313502584130 -0.195355802809962 -0.265270160192205 -0.216216252721548 -0.246037662729383 -0.242411643275696 -0.286322260341366 -0.308709753327519 -0.308590976580681 -0.276176829004329 -0.213544091359423 -0.114182413981723 -0.0523023715912472 -0.0193984631299587 0.0462194930171419 -0.0446770653720159 -0.0920642033317081 -0.134337404670588 -0.199412816390418 -0.215793277237031 -0.272380231188892 -0.580410968423251 -0.752128824844049
# FDY_3_1:
 0.00000000000000 0.00000000000000 0.00000000000000 0.00000000000000 0.00000000000000 0.00000000000000 0.00000000000000 0.00000000000000 0.00000000000000 0.00000000000000 0.00000000000000 0.00000000000000 0.00000000000000 0.00000000000000 0.00000000000000 0.00000000000000 0.00000000000000 0.00000000000000 0.00000000000000 0.00000000000000 0.00000000000000 0.00000000000000 0.00000000000000 0.00000000000000 0.00000000000000 0.00000000000000 0.00000000000000 0.00000000000000 0.00000000000000 0.00000000000000 0.00000000000000 0.00000000000000 0.00000000000000 0.00000000000000 0.00000000000000 0.00000000000000 0.00000000000000 0.00000000000000 0.00000000000000 0.00000000000000 0.00000000000000 0.00000000000000 0.00000000000000 0.00000000000000 0.00000000000000 0.00000000000000 0.00000000000000 0.00000000000000 0.00000000000000 0.00000000000000 0.00000000000000 0.00000000000000 0.00000000000000 0.00000000000000 0.00000000000000
# FDY_3_2:
 0.00000000000000 0.00000000000000 0.00000000000000 0.00000000000000 0.00000000000000 0.00000000000000 0.00000000000000 0.00000000000000 0.00000000000000 0.00000000000000 0.00000000000000 0.00000000000000 0.00000000000000 0.00000000000000 0.00000000000000 0.00000000000000 0.00000000000000 0.00000000000000 0.00000000000000 0.00000000000000 0.00000000000000 0.00000000000000 0.00000000000000 0.00000000000000 0.00000000000000 0.00000000000000 0.00000000000000 0.00000000000000 0.00000000000000 0.00000000000000 0.00000000000000 0.00000000000000 0.00000000000000 0.00000000000000 0.00000000000000 0.00000000000000 0.00000000000000 0.00000000000000 0.00000000000000 0.00000000000000 0.00000000000000 0.00000000000000 0.00000000000000 0.00000000000000 0.00000000000000 0.00000000000000 0.00000000000000 0.00000000000000 0.00000000000000 0.00000000000000 0.00000000000000 0.00000000000000 0.00000000000000 0.00000000000000 0.00000000000000
# FDY_3_3:
 0.00285908904285291 -0.0767888175325259 -0.103548414527718 -0.154281566138041 -0.180521862014338 -0.202148631520872 -0.201136336291503 -0.229813054795935 -0.260480654533485 -0.314147030314650 -0.265512167253133 -0.263866789241189 -0.234483417388763 -0.177446462955966 -0.125088869646987 -0.136534467485940 -0.0983249613608309 -0.0739465148881032 -0.0385511181549109 -0.0186814483592254 -0.0143121293787011 -0.0225585628185324 -0.0137893356960818 -0.00640094419177574 0.00409047131870098 0.104970477488735 0.121166394934279 0.170360510498582 0.254192787152504 0.320444292800468 0.340973681149161 0.261965706235892 0.243886469182104 0.201241783072643 0.206430840733828 0.247745184339935 0.235754678016876 0.138175657580985 0.113548636003126 0.0447072029772560 -0.0186430848334666 -0.0456953373594705 0.0558045335803453 0.0786876267614217 0.0915298193051298 0.135199679583749 0.196480601521466 0.0995119878710379 0.0956444914662641 0.0896799272539431 0.0210776723828346 -0.00110036678545912 -0.0373098353844822 -0.206636314658528 -0.354381706743507
# FDY_3_4:
 0.0438038946850013 -0.0188722126503080 -0.0572270837918793 -0.0922345196109804 -0.114315515238422 -0.118423725329242 -0.127009446872333 -0.154803667974838 -0.180769537491106 -0.193662162155670 -0.197804232511718 -0.152615882146029 -0.136355786466289 -0.126940625981519 -0.0742160313915834 -0.0656105155557451 -0.0232189477939357 -0.0709038536942925 -0.0716374237079779 -0.0889939286418659 -0.0959349628525059 -0.114964316546554 -0.101248447093079 -0.0614018581430437 -0.0176633926765417 0.0184237217397874 0.0570466470561471 0.0879574229418596 0.211724860456100 0.232152413694392 0.353734136396065 0.198302726160604 0.176894787212848 0.144134850674417 0.174983449494440 0.276587521611131 0.222373937189732 -0.0404669546348124 -0.0404669501054408 0.116454774323916 0.0862043685283381 0.115590827644665 0.101761653052900 0.148787417984915 0.154582841301903 0.182663297625910 0.132841462418095 0.0713719014355663 0.0456708167810414 0.0396871567181929 -0.0167390056103604 -0.0603523226814539 -0.106176268604600 -0.287054593386736 -0.385652715787106
# FDY_4_1:
 0.205608027970327 0.143451819934736 0.104272649882113 0.0476150987366528 0.0162957237539956 -0.0147290705739798 -0.0165490447258085 -0.00900644156724551 0.00497746488987860 0.0323638601212977 0.0243634570448890 0.0324566766653402 0.0212879315902732 0.0516367296516413 0.0937481901470345 0.143496956957152 0.184527959186345 0.221773160145650 0.223971430186483 0.225507784668968 0.198745925343626 0.181765403496911 0.169158336523292 0.179235533446180 0.161015914793593 0.184961082434169 0.215177168146280 0.193652240356691 0.126890556505438 0.130872028807248 0.0976579882239255 0.139533360213821 0.0831475742646244 0.0110841915434683 -0.0638239427009595 -0.152752372915337 -0.239167782444239 -0.292364593508483 -0.321565584392342 -0.347281941927507 -0.373676852917320 -0.369469093424036 -0.316799112384240 -0.300942893903275 -0.197540596508723 -0.0849887334336874 0.00821384115057788 0.0748202314272459 0.0840338949513944 0.0450449114437104 -0.0251017392142219 -0.115641258790551 -0.188314434694003 -0.254063385777569 -0.378586228801447
# FDY_4_2:
 0.136867285443464 0.0790616787777789 0.0414387586373539 -0.0147787777870286 -0.0471893458359694 -0.0770534940762098 -0.0805170652573255 -0.0698545046851964 -0.0536907437090648 -0.0267780180337687 -0.0157285525811111 -0.00282342609947620 -0.00292014929467247 0.0333040321029230 0.0807463003162094 0.137013105150283 0.184421299925648 0.214972255234744 0.217930334873751 0.223246214350893 0.204469709876338 0.184411481802185 0.170219501570543 0.190233091470100 0.177816629942148 0.220813280432299 0.271532456143567 0.205775987609958 0.167464477902945 0.242669020523259 0.264142769904643 0.364537392792116 0.177244649819712 0.0289429954250264 -0.106212400812513 -0.236106163620769 -0.299701228498433 -0.348845228439323 -0.366904798373591 -0.390852115664557 -0.418842855059334 -0.409804380409059 -0.342089715766546 -0.326188832293480 -0.192788070598258 -0.0355872006166440 0.0716269102069488 0.155820324470354 0.127256456979103 0.0718651653086659 0.0178389752386951 -0.0683186559779137 -0.120121332164554 -0.180526729639457 -0.429458756937401
# FDY_4_3:
 0.120117720755266 0.0655347617989051 0.0311975497494161 -0.0320156412635548 -0.0637974774948795 -0.0967965351832494 -0.102624908293045 -0.0909035583605890 -0.0747639167963181 -0.0382494120649472 -0.0200243275582521 -0.00856838563962835 -0.00575945540642685 0.0280003971747671 0.0733122782745805 0.135021763079553 0.180862315862164 0.224257956077764 0.228319558740034 0.233286251001219 0.211379244136237 0.193656741089324 0.181525918020224 0.201587079727218 0.192630681714572 0.259972954665175 0.297112863740397 0.255792722021343 0.233886100712794 0.307236344313363 0.324188154373702 0.333677566869964 0.139707001572914 -0.0163192317382903 -0.143813170522182 -0.250393983960122 -0.306510573788911 -0.353696144440242 -0.373972109789434 -0.401130667018627 -0.422941651052697 -0.403410381711756 -0.325885502724418 -0.305851870381881 -0.169691731086091 -0.0340381345472045 0.0900949744078623 0.154197620735546 0.135494048900802 0.0901073698011714 0.0246142632937365 -0.0605684637091690 -0.117586351304357 -0.238467431822509 -0.488991184951235
# FDY_4_4:
 0.131919375528016 0.0777472075201625 0.0437854781903378 -0.0193367616716581 -0.0497578120900161 -0.0825718484117698 -0.0878459004780553 -0.0764763741174947 -0.0608650841109543 -0.0240064309275033 -0.00621734240934026 0.00620152520420279 0.00871703054503047 0.0425864229289071 0.0879296599674727 0.141306980485441 0.187686630394717 0.232903530966856 0.236004368841321 0.240532333208359 0.218529178676508 0.203772038149450 0.187160840958410 0.204824638072842 0.194508166053928 0.262274156661708 0.293232035252978 0.248251665139741 0.222908163828220 0.283322910398053 0.290842272747393 0.291459679456248 0.109561137228405 -0.0346306638514314 -0.152236235887476 -0.246676326630982 -0.303562606621742 -0.350156489327675 -0.367976482519634 -0.392629037564220 -0.413426700325310 -0.397031462178488 -0.319950691996498 -0.300760739408417 -0.172485854635367 -0.0443875228254996 0.0767749913353502 0.134684950521982 0.124124607896640 0.0809679822169552 0.0135952512876535 -0.0711665678624279 -0.133864429923141 -0.266830682094658 -0.503265161793530
# FDY_5_1:
 -0.0156132296988168 -0.0156132403114333 -0.0156132289466380 -0.0156132474390856 -0.0156132276912129 -0.0156132355649031 -0.0156132394258475 -0.0156132497162498 0.807081329810154 -0.0156132188753236 -0.0156132361430361 -0.0156132413921191 -0.0156132282937221 -0.0156132435512098 -0.0156132267659308 -0.0156132567621817 0.421702172638809 -0.0156132408618535 -0.0156132496756405 -0.0156132125390232 -0.0156132194142054 0.310400845365714 0.392177197782920 0.124286966810537 -0.105758927590776 -0.140758960032394 -0.154843090594850 0.222167990472492 -0.211880756694465 -0.611741527087994 -0.947838459058794 -0.0156132620447019 -0.0156132368316933 -0.0156132405161940 -0.500075454650585 -0.0263178328120984 0.0898911486503288 0.150767989702870 -0.0156132258747655 -0.0156132109813314 0.460325891787677 -0.0156132399019493 0.626528831197074 0.683220333628639 0.175102727264532 -0.301595426863105 -0.0156132497208026 -0.0156132200469943 -0.0156132430588925 -0.0156132344228300 -0.0156132337698181 -0.0156132334970834 -0.0156132373679044 -0.0156132400601410 -0.947606208563151
# FDY_5_2:
 0.426927968231020 0.362825834841903 -0.0161442617179220 0.351391690872860 -0.0161442732322493 -0.0161442770146343 -0.0161442729152744 -0.0161442785646531 0.346314901069944 -0.0161442612556180 0.285351109979080 0.235448017388124 -0.0161442580654419 0.160353554169285 0.166475423722624 -0.0161442661839540 0.0953441683445921 0.110619863813493 -0.0161442379333050 -0.0161442683152127 -0.0161442736508016 -0.0161442761928988 -0.0161442598082265 -0.0161442808113111 -0.0161442790607212 -0.0161442650531421 -0.0161442738466893 -0.0161442591582717 -1.14675957232538 -0.0161442674654720 -0.0161442599261872 -0.0161442405220671 -0.0161442631826117 -0.0161442687301750 -0.452346216117221 -0.0161442538389827 -0.263887693220273 -0.0161442470759544 -0.0161442517883919 -0.0161442533616019 -0.0161442590666819 -0.0161442682885283 -0.0161442596145085 -0.0161442537451324 -0.0161442336192431 -0.0161442664847303 -0.0161442825066323 -0.0161442659852045 -0.0161442572915552 -0.0161442686296190 -0.0161442673851238 -0.0161442691927028 -0.0161442395880036 -0.0161442522350257 -0.0161442784655848
# FDY_5_3:
 0.630480880066872 0.534194579642227 0.431095727027798 0.462148552449191 0.425715238117032 0.438723753364315 0.465688450446068 0.500644110484092 0.544430026997092 0.564171149083259 0.547656287582476 0.534663288149428 0.455344948093064 0.392713209121929 0.346983220836555 0.347064906120457 0.345037429701821 0.361376548282964 0.370671192962624 0.271728737637461 0.0198211456254610 0.324300842178550 0.0198211375099990 0.0198211419763960 0.0198211397566960 0.0198211644245655 0.161725380348606 0.0267852158999095 -0.317445781840132 -0.556406223061911 -0.849251385413312 -0.897729052380648 -0.791307795545680 -0.546283492087169 -0.250475927994493 -0.0455060787518698 0.00869077690390500 0.0288454566762046 0.110075858525909 0.166308206481941 0.199366047328047 0.276497613450360 0.366133970898080 0.126628974960112 -0.0766838904498831 -0.587678349104810 -0.447973132223934 -0.375931707348259 -0.365782514677157 -0.463667892832548 -0.704459982941364 -0.839260830220580 -1.00069523179067 -0.951833685785430 -0.796623354661618
# FDY_5_4:
 -0.00972365953622870 0.428203188037612 0.478606593935698 -0.00972367885064455 -0.00972367036101155 -0.00972367406810574 -0.00972366998832567 -0.00972366657742211 -0.00972367128736477 -0.00972367588126514 -0.00972367279779122 -0.00972365170994686 -0.00972369379205532 0.410359169214497 -0.00972366891153368 0.403369834197705 -0.00972366529475569 0.463512212648300 -0.00972368832527896 0.424108323507703 0.409717294200284 0.433252974281030 0.327940183597707 0.232611824483202 0.203975999072434 0.248299249561309 0.309062204785951 0.199829262541492 0.0104860019076091 -0.173477576871533 -0.356481254352453 -0.448885203650387 -0.439343989604670 -0.285759863891809 -0.126768671179838 0.126648932086107 0.118402040141524 0.175572228851201 0.204519741876126 0.187695897027792 0.233371490693970 0.219146711476837 0.328863862472466 0.228443030398290 0.100472450026122 -0.234957544977269 -0.326592494947250 -0.374683591154089 -0.333722117207460 -0.399352422042362 -0.551300822608921 -0.564262138771169 -0.638016823514225 -0.778869595622574 -0.737865183245228
# FDY_6_1:
 0.0158782962476708 0.0158783406773210 0.0158783312206126 0.0158783517221127 0.0158783205248724 0.0158783248468134 0.883553422398951 0.912650068584930 0.0158783339149285 0.976405850474385 0.0158783298326180 0.845287755932403 0.0158783230373870 0.0158783393667480 0.0158783500038845 0.647915933618742 0.603438725224536 0.0158783259306282 0.0158783295439441 0.560743041875667 0.0158783136180337 0.0158783045081440 0.0158783310089295 0.0158783136048851 0.168465343735568 -0.0605962846728313 -0.315238103077117 -0.501735361326125 -0.566754873827341 -0.593588672675858 -0.651095257313656 0.0158783504540089 0.0158783574312925 0.0158783205810985 0.0158783194515061 0.150353746362658 0.247565159023939 0.0158783416851130 0.0158783210984074 0.397490639540819 0.329387163049464 0.205831420722948 0.0891966344648854 -0.0740688194809146 -0.128586637072678 0.0158783349671855 -0.286499639803409 -0.407180986793110 -0.462119161927984 -0.531862919910342 -0.536829712383509 -0.521055142273629 -0.587200161270068 -0.655983487107182 -0.518969589372286
# FDY_6_2:
 0.939260645009512 0.839308145736356 0.912840896875723 0.932579057382290 0.974621485383624 1.13748515473656 0.989679262410692 0.945562423334014 0.875825566456214 0.813326831943554 0.696340285616209 0.626003858389753 0.518440363046193 0.537069760205155 0.578682654847173 0.495611716502098 0.420967957069378 0.450351466283876 0.460847683622156 0.375667906040441 0.216392944559822 -0.104376272200699 -0.371297948741791 0.0509539565247827 -0.0342089982158847 -0.519128835282635 -0.935072872159124 -1.25408037668538 -1.23749368563209 -1.03780908204531 -0.796687720941375 -0.314374347677187 -0.253149991485789 -0.0553275786360770 0.00139421880448059 0.0143551241903097 0.120458656359168 0.298865204202832 0.252508023845138 0.172858900330416 -0.116853528679428 -0.424389224978421 -0.592873704909089 -0.893032106015843 -0.695752202722101 -0.546313772741040 -0.631170088487260 -0.746162476900900 -0.876253748968916 -1.01191968301554 -0.794321507466821 -0.426610939817634 -0.389947845147497 -0.331532948259089 -0.258118661895012
# FDY_6_3:
 0.516580293988393 0.528351812612761 0.784963364624181 0.781151631069988 0.808420843290737 0.827963870650743 0.768571076176473 0.804325260729578 0.828157125559346 0.931238622895779 0.839310659246275 0.719725658245800 0.506192699358160 0.535130055302995 0.476287966531145 0.463297557907496 0.493533262824901 0.424246865156348 0.394425202988352 0.275047894739368 0.222029453971076 0.102289025523082 0.00350765000407683 -0.0514811113498087 -0.292644678611911 -0.535068447393622 -0.649051691260640 -0.744858182421618 -0.919943869678048 -0.932746881161172 -1.01863203755309 -0.884324882443534 -0.769035109857856 -0.427780406955403 -0.0159290343390482 0.143763714064596 0.276732235230954 0.306311412889914 0.400104149787106 0.350197265871633 0.219811670701017 0.0678898588354861 -0.0379631588302679 -0.277204510059566 -0.383895084507116 -0.552612922814533 -0.693775778726376 -0.689384088268051 -0.690884894998034 -0.718279841362334 -0.731058418143556 -0.814501678875006 -0.875614854930584 -0.685993489731054 -0.406893106505528
# FDY_6_4:
 0.758088396504416 0.748218859726408 0.618078835063267 0.757414744691447 0.792597864685132 0.821920792496413 0.857587499963112 0.918760105628942 0.957485681611924 0.882205368571685 0.829106471738422 0.745747497906972 0.611847885411803 0.536509869678632 0.468056415263978 0.429344174346485 0.434693274015743 0.466262573669349 0.368937535082425 0.310766250897560 0.112369388744087 0.0965699278449247 0.00302509112374560 -0.189128066420581 -0.569942519504650 -0.645764594835464 -0.660599014716482 -0.746905137843425 -0.916149947848984 -0.956176955718134 -1.15951925184894 -0.910587869699071 -0.692410037920942 -0.396098635623649 0.0578814030093669 0.150718026696783 0.283864152016275 0.339150189382135 0.434633605379517 0.400638428600403 0.263423326534973 0.0901706238482417 -0.0231900121335279 -0.278936577834669 -0.391630518051564 -0.541146411685859 -0.711026470110222 -0.710309379807276 -0.714229819225047 -0.728645489533320 -0.757754970719240 -0.853957263338647 -0.895115628794066 -0.701872342483469 -0.394977344437338
# FDY_7_1:
 0.201477104724853 0.152582976285607 0.151893097535972 0.155769645682015 0.149427899583164 0.146457865295927 0.118538866990530 0.193642450247887 0.256284742224441 0.303897721535548 0.506243949720697 0.487386874063867 0.573892630129814 0.496745700391447 0.356879423855878 0.305878132795723 0.278562921157882 0.261051183835959 0.401925970056252 0.363914009110756 0.397221092008943 0.384141443962134 0.339399617695358 0.374569962441797 0.156505246637995 0.138615113404875 0.165660881849370 -0.0976899311670456 0.0819085454046702 0.0682497163536438 -0.0381276195301589 -0.384237240602351 -0.881028659220591 -0.831703794798182 -0.689081022391607 -0.518160945679753 -0.0600476536432257 0.0561140697567977 0.342873569769200 0.330164921831404 0.279226454283843 0.310480429452966 0.684612563994239 0.350044853148533 0.131546062999250 -0.0796707860000305 -0.302752440284932 -0.451236968023747 -0.641228361962738 -0.637718051812148 -0.660834101608680 -0.858901058887487 -0.959583595148341 -1.05149993722036 -1.31028554223786
# FDY_7_2:
 0.625315631273326 0.583085414761090 0.589947401176389 0.573568222247160 0.568065179238771 0.549599157080668 0.632248099901636 0.709667677763371 0.781876968390739 0.903192342841957 0.846668512156191 0.799043548430155 0.710379049824577 0.574025219018569 0.459487391244519 0.402581148740303 0.398612428133392 0.440908137300243 0.361574477987873 0.271050731298872 0.241132427500123 0.265648681127181 0.302053998597902 -0.0751544280845124 -0.296258597281562 -0.359993936730160 -0.411101570376112 -0.196788201933866 -0.469573916446766 -0.718828960999951 -0.962246268687646 -1.12296358384647 -1.03239863964750 -0.827910019804561 -0.490409227776682 -0.0258981670469443 0.111677548543054 0.189812173219365 0.310579104478158 0.301947977757584 0.318569804595459 0.408727813604312 0.477111161018158 0.314635899959772 -0.0522327044789377 -0.452619207236128 -0.632624287846187 -0.703383619318241 -0.641177245150984 -0.580010670779102 -0.776235638610063 -0.973083999948630 -1.07831208706163 -1.16661349769969 -0.976974852418540
# FDY_7_3:
 0.285479730628517 0.241979863142129 0.260985372178544 0.240126703428698 0.236256361607361 0.199371093055120 0.239042491708269 0.276318921576726 0.332532485404170 0.699097786534768 0.623121499780308 0.679655034159783 0.545190522700471 0.448999387973111 0.352716511337290 0.339949516153315 0.237689239961027 0.326711689956403 0.341670687297395 0.332449245840564 0.299471133062236 0.311722247584031 0.221390499105612 0.106797433586193 0.171009955890732 0.174925549409428 -0.329203083563302 -0.179530959031388 0.0667926510932680 -0.0595902536877639 -0.330493915062400 -1.04078383584983 -1.07408772435730 -0.991510452185194 -0.818682372647808 -0.114849279022409 0.0742752876659634 0.462227020576404 0.593251384489161 0.506587027381942 0.576500112213736 0.722953947212659 0.847528674306692 0.437104857808059 0.169637820521430 -0.151511377236255 -0.336962802533894 -0.713018989438993 -0.720585955699931 -0.677784424315293 -0.828105871992043 -0.828316810103637 -0.907415880003985 -1.44964216151297 -1.42944359808713
# FDY_7_4:
 0.169231078698020 0.167830143387284 0.208910993823220 0.188409403664792 0.194067179501457 0.130744278457930 0.192170379725785 0.239896717565705 0.281947814362809 0.692447009675060 0.633897305137593 0.780374060412220 0.603922757554540 0.421982185307397 0.310466418371574 0.299232294759162 0.203297953448472 0.398937209241360 0.380787922570999 0.432622528620206 0.407677176119720 0.396446968179809 0.372692791247331 0.218302803925326 0.226175619585856 0.234172367235587 -0.306967595438104 -0.0478588590106296 0.150127577693872 0.134029092217499 -0.296935006270963 -1.03276811353485 -1.06967134372636 -0.960522225131657 -0.792403970303024 -0.0506231092592346 0.167470535499322 0.801783623364192 0.844650501626262 0.693315873749317 0.722302436376878 0.705670133181058 0.754099932308992 0.262659753748928 -0.0247920808152095 -0.333675516952997 -0.525735555295512 -0.854545945992903 -0.854772871494524 -0.810386099811990 -0.957286690255095 -0.984007043982627 -1.06406489203329 -1.54491765257588 -1.51081824846068
