# Number of parameters = 356 Objective function value = 10002.3  Maximum gradient component = 0.00866261
# lnmuRT:
14.5059793148
# lnPrat:
0.00618366365959
# lnHR1:
 -0.226024224500 0.136184351338
# lnHR2:
 -0.445517072790 0.277837140631
# selpar:
 2.81948844892 0.384512376300
 0.375510368158 -1.20884073477 0.423360630766
 2.90204668470 -0.338526233781 0.00814140081649
 2.28971639830 -0.409134540518 -0.0195136708331
 -1.29158937818 -1.54661110726 1.19125648659
 0.156141066362 -1.06407049739 -2.34570253780
 1.79790829556 -0.947913502845 -2.99999999883
 1.47036936863 -0.741318389406 0.0893353212380
 1.43207102516 -0.853957960699 -1.97992968567
 0.415406106349 -1.12261025764 0.169518778620
 -0.0195703260808 0.397101983217
 -0.0869614322185 -1.12114953379 -1.55907788680
 2.99999984554 -0.505971643444 -0.00787884661330
# lnRD1:
 -3.35407426246 0.0663208243964 0.170507541775 0.438680578172 0.391386421317 0.456138449601 0.480860904005 0.560974555724 0.553058783591 0.296692967259 0.683061609941 -0.0126429264927 -0.0826324080225 0.144642118983 -0.249405671201 -0.808914253276 0.265344766693
# lnRD2:
 0.0712100008301 -0.259768968898 -0.217453850248 -0.0547595843107 0.424942762520 0.552497294672 0.400682275313 -0.0202068180268 -0.130580990723 -0.369554044044 -0.608219904065 -0.904208719842 -1.07295262191 -0.973512435534 0.0339732192217 0.868310172780 2.25960221226
# movest:
 0.121648514493 0.0918287575312 0.197428552041 0.427006324648 -0.0182972126487 -0.0217444141974 0.0489311459393 0.117720367769 0.438416680137 0.0493488285497 0.220533688502 0.806626990667 0.400563957351 0.640342860548 0.0570980420055 1.34570164350 0.0567307125499 0.0965955209761 0.0955489653488 0.121121895976 0.141805222076 0.480338186923 0.265038488598 0.546795482328 -2.32977013571 -0.223133421401 0.894394621131 -0.750659960601 -0.504784698033 0.492517891726 0.0783323740845 -0.436439902020 -0.0173158629666 -1.81886757898 -1.35422805721 0.0762054216738 -1.59955642136 -1.43426391850 -1.15865164109 -3.17143460800 1.54081399813 1.76669590901 -0.705211689168 -0.981857742088 1.47293769101 0.339312015807 1.61402807196 1.81364126074 -1.43368618676 -0.352468694183 -0.292694138696 -0.261470339440 1.02246091282 2.72425161856 -1.67713231294 2.10500794105 4.40673296405 1.35770959781 1.18483657357 3.56273727707 2.44375914399 -3.63376086889 0.166490396028 -3.96331222403 -2.81719787086 -3.20572603747 -2.76654164853 -1.73048913578 -0.341530250150 -3.50103986992 -1.03230027994 -0.00904476075781 -2.60800268955 2.09662992199 0.629240996441 4.16569312602 -1.83802414704 -1.15206384212 -3.25527213537 -1.52405059992 0.841965189310 -2.73992815235 -0.197073982575 0.549903749096 -4.64947789398 -0.438647084926 -1.85516833287 -3.35000425596 -1.26091421602 0.580520287831 4.07215903956 1.70341226808 0.467653093252 -3.55331178117 -0.0751949785820 1.86970055656 -2.68996053578 2.29333437795 1.77070085210 -2.94415177812 -0.526810830677 -0.891352940493 -1.35586922828 3.16688970651 3.24732962633 6.36419729251 -3.35231088779 -0.653238864083 -6.67609786120 -3.04863585527 -1.62035803325 -5.35717454077 -0.218674293677 -1.15961199482 -5.28298064594 -1.11798281943 -0.519070201242 -0.0289074591684 2.12150658121 1.77911261882 2.80597024215 0.182263180167 1.29822777532 -1.77952095456 -0.427321770239 4.65160556114 -0.568005309076 -0.259828756184 -0.765834858958 -5.94570525509 -1.86140870371 0.0363990597582 2.72226393935 0.605028793320 0.751245271453 0.519664154516 2.29957003760 -1.00262062190 -3.32833618843 0.530580848320 1.02291735595 0.121689250609 2.94045982578 0.889002916509 -2.84075560488 -1.04089512927 0.935376363918 3.72638890661 2.64496061192 3.20722963002 3.99929184581 -0.715992532111 2.90792902205 -1.10010162333 -1.49458078770 0.193602046295 0.0234208488489 1.28923515553 3.40950779286 -4.01424352220 0.377916356854 -0.0268932923986 0.364046866680 3.31946111123 3.56102521946 3.91094541480 0.735070079611 2.22154625329 -1.48394233299 -0.369137728599 3.62284343383 -0.678545036219 -0.308570152665 -0.409189745278 -4.71041214812 1.40051261962 2.59102378178 2.28280585813 2.51881778208 1.28171732330 0.994345562115 3.87739723588 0.468553804901 -1.10736773528 0.0713789803147 0.000883080306942 0.0433219150029 5.10769070439 0.0524058613429 -1.50112208934 2.03361861421 3.07590590347 4.14746339097 4.81947489823 4.32350464887 4.63502736791 -0.0956224390699 1.80308609024 -0.531783327351 -0.388336991759 2.75874115873 0.0360437840343 2.79991101239 3.53748282933
# lnqE:
 -4.56918407712 -4.36064018280 -4.06880723035 -5.05326082249 -6.89525647977 -4.42092233998 -1.76823487438 -1.22888778254 -3.46955896629 -3.94029694673 -1.00499010403 -4.98292877019 -3.58782236002
# lnqI:
 -2.29999999976 -0.691749539230 -0.0941055153540 -0.133076846053 -0.567097000915
# lnqCPUE:
 0.0807825751105 -0.160279505957 0.216115728017 -0.198843066676 0.270758054812 -0.349007653013 -1.07689682967 -0.319789425037 -0.327926528914 0.127386945642 0.0177577984478 0.445075478206 0.223690682398 1.29917637480 1.27900487537 -0.217108698373 -2.02459914277
# Fmod:
 0.209663207241 0.0499499148427 0.400389381160 -4.10692369002e-011 0.0161406726893 -0.0841086792012 -0.00151164321451 0.0104385323337 0.0419039162987 -0.0358331511085 0.0780819966375 0.0209568003784 0.0730624449182 -0.0230592056096 -0.0224157522487 -0.0561810623704 -0.0180616198645 -0.152480599351 -0.0955448926586 -0.120230532592 0.00960753362742 0.0517739888296 0.239922974256 -0.0535909696604 -0.00857890484829 -0.0200641802370 -0.196324055495 -0.0649378217292 -0.133992332930 -0.166584237970 -0.0165725754909 0.0577952787486 0.0812936478484 -0.0475113529455 0.00590774679992 0.0287568462549 -0.0163614637551 0.00651464793173 0.0265142244121 -0.0747287218864
