# Number of parameters = 345 Objective function value = 89591.5825354501  Maximum gradient component = 0.0170232280205380
# lnmuRT:
13.9863998254
# lnPrat:
0.0486221447312
# lnHR1:
 -0.144255731832 0.0701571645895
# lnHR2:
 -0.657708516355 0.236729586749
# selpar:
 0.154237934530 -0.381902593421
 0.141565951023 -1.24233495574 -1.55293733236
 1.22067536748 1.50380718036 0.0518474764104
 0.628375211913 -0.202222451777 -1.87158137637
 -1.34647437251 -1.77094796834 0.00983957808526
 0.0803728766526 -1.35283704735 -2.26452055375
 -1.29003758346 -1.77543334746 0.983259404175
 0.533913081111 -0.810140873367 -1.41598658745
 0.553595472289 -0.961282779794 -1.90519191657
 0.490043479968 -1.21729176525 -1.42635234645
 -0.506288837563 0.149517989815
 -0.654486260361 -1.45042862734 -1.00802676577
 0.708455882994 -0.594155102109 -2.02915589270
# lnRD1:
 -4.36438158013 0.105011944954 0.287655150172 0.650932524994 0.713827879407 0.752093242994 1.18335509810 0.677483371505 -0.101728486764 -0.00520540525238 1.24133462485 -1.06781999137 1.06760453626 1.48008988522 -0.851366142677 -1.23105725510 -0.537829397156
# lnRD2:
 0.425976089752 -0.113875090602 -0.252251346853 -0.137914806220 0.248045774303 0.486153693391 0.495218526510 0.0290651697577 -0.154821721417 -0.389986859816 -0.517078499610 -0.696841699659 -0.972023414407 -0.863195781391 0.0447691650744 0.944327732133 1.42443306905
# movest:
 0.0659988488489 0.0221458215552 0.257790355809 0.377567699780 0.0185558233639 -0.000575362972727 0.0740417478163 0.111298029842 0.161437651699 -0.0136014582856 0.285077513506 0.683789701303 0.0245669604297 0.117734498690 -0.0187269154551 -0.0124061455075 0.0525725536574 0.0672074993926 0.0588777724662 0.0595321958820 0.0324065503068 -0.0217990452588 -0.0323294116821 0.0488763443674 1.28968680624 -0.221142870655 0.346400214648 -0.632726995092 -0.530153483882 -0.672572735454 -0.102440278646 0.0769582464531 0.384011646897 -0.855192440799 -0.737673622232 -0.745570814164 -0.815073326096 -0.772728654514 -0.784819502850 1.10661291383 2.11785479692 0.102375852761 -0.718340807849 -0.0203148188695 -0.250480999101 1.04660606385 1.98914391263 -0.423185171421 -0.434594173934 -0.345481377709 -0.431307232555 -0.253020686428 4.45484920589 -0.634328307995 -0.432549251648 -0.702055391929 0.687064892419 1.57474845652 0.951009663526 -3.20034392039 0.446569474559 -0.857885741792 -0.0231558052866 0.256035363363 -0.630019176370 -1.01538376019 -1.40533861018 -0.502009941961 0.0331270889003 -1.35335049142 2.86363445900 0.340139824648 0.611477215366 -0.479246909956 0.401647781931 -0.873840920112 -0.668191592720 -0.516707310388 -0.821964168704 -0.229097453272 -2.49635628300 -0.266285998560 -0.469257562107 -2.06379422361 2.57714636935 0.130229589827 -0.278421287929 2.04326587982 1.97614693308 -1.15400502660 -0.556247850475 -0.506086761016 -0.954613687039 -0.414988398067 -2.68930815320 -0.636174463270 -0.0303933302059 -1.54791826168 4.10426422605 1.99383373690 1.83170978289 -2.14573397787 1.99647717301 -2.83020807026 -1.67121605175 -1.81279890186 -2.52036867174 -1.46610320112 -3.09706925532 -0.278970585740 -0.270577030763 -0.111041363822 2.09429897837 0.839437904622 1.05319633168 -0.147515343380 1.74887141671 -0.848986508120 -0.155579276502 0.0316546227660 -0.147172178592 0.000155318545366 -3.87652503219 0.0934543936143 0.282501557554 1.15428793031 1.23403758526 0.671677357815 -0.551754768724 2.09184597691 1.13112105166 -1.35648017752 -0.202304675918 -0.103893099955 -0.184669235096 -0.0695103496954 -1.93158422718 -0.615539947304 0.186549124518 2.85515320491 2.22258314338 2.14451979536 1.04317282636 -1.33635642656 2.41437015274 0.0743856319376 -0.466689282195 0.194032684559 0.742922469959 1.39091228423 -2.52413111269 0.0867976618020 0.0378157215476 -0.0533205118066 1.94399993357 1.91223665003 1.22254325978 -0.0893444994401 2.20632312411 -0.643015746485 -0.356674301264 -0.337013219604 -0.358322844082 -0.337108551086 -3.28286874514 0.502716940242 1.17626248792 0.820450211402 1.37156852904 0.830748604135 -0.548768492882 1.88287908160 1.99699437411 -0.618723466315 -0.0238280805360 0.0654623039263 0.0216494469597 0.0269087088546 -1.20893907349 -0.479057586595 0.404643090035 2.43960383237 3.04110557523 2.61034820199 0.974927823584 -2.14657467820 1.40639173262 -0.558919767495 -0.584440470978 1.56635484527 -0.0203704687069 0.139998689540
# lnqE:
 -5.73181110990 -4.86148913530 -5.22594535441 -6.10001482357 -7.56839360284 -4.73144334205 -3.58302355913 -2.19821350290 -4.37864053726 -4.64540273054 -2.10998889752 -5.52135094412 -4.53771778867
# lnqI:
 -2.29999999972 -0.607048894860 -0.135581236885 -0.133178171630 -0.473806591586
# lnqCPUE:
 -1.33029603967 -1.59775484787 0.277910176992 -0.286072938545 0.329684740539 -0.499451525569 -1.11708696146 -0.280854890652 -0.260020315287 -0.285867021141 0.128829856850 0.0296184822881 1.65183509175 1.40540740121 -0.280386873027 -0.331694447980 -0.871578326058 0.637318952813
# Fmod:
 0.261522643872 0.443910044147 0.616079230274 -3.68706185583e-009 0.342161730609 0.658883564278 0.0568549242987 0.590068974295 1.96657237732 1.55019324699 0.737274664212 0.204069582809 -1.06861957822 -2.13105088429 -0.489661734376 -0.296885509609 -1.61257344576 -2.04931759140 0.283406430812 3.00565135973 -1.31154524215 0.507256246360 -0.274733614716 -1.98162251868 -0.434567914314 -0.177268350095 0.129500435047 -1.15679452838 0.370447257090 2.41321142894 -1.38845133119 -0.0853213177663 -1.47054950359 -1.88103538487 -0.0680466727044 0.681287561926 -0.185976783186 -0.0293998801615 1.09791052615 2.17715955999
