# Number of parameters = 1827 Objective function value = 8402.12619655495  Maximum gradient component = 0.00501789274605936
# lnR0:
 12.6710194797493 14.2566013768854 11.6926868679448 11.3381907397299
# selpar:
 1.32307407152758 1.47861229748212 -4.24856083944582
 2.32308488500247 1.99927727609357 -4.12672333301018
 0.748566610549865 0.0494874984502456 -1.87329046018571
 0.788091022070040 0.673229261668977 -1.89415663435513
 2.22648857994661 -0.219436354675952 -4.09322478666122
 2.86992477097634 -0.353916488267068 0.184001203914620
 3.64555597807537 -2.18876846079548 -0.0198863361228083
 -2.97251251018110 0.742955406064395 0.0777352126220840
 -1.64315669672896 0.215449529554768 1.43681672400010
 0.344878142064258 -1.91904239711134 -0.740425847375694
 1.85229230106709 0.0550695459914099 0.310466026002906
 -2.94036170809120 -2.51372307290552 1.98026972783149
 -0.360130188698831 0.539397508471561 -0.366202867211613
 -0.218756777455241 -1.64436748570454
 3.24532758317588 -1.73669640046988 -3.16196857409273
 -1.95501057472636 -3.07618031401413 0.148118787446164
 2.35593787240755 1.89222090797283 -4.16697117279958
 0.899901677872310 -0.265351773679223 -1.55393277128959
# movest_p1_a1:
 3.31154697258729 -0.103025379743743 1.83905791239441 -0.950640087406851 1.35248493625658
 -1.33618470465485 -1.08831801998211 3.07880085376989 0.746217121754277 -1.61701656159375
 2.72601290484975 1.81706005771523 2.23417403674160 -2.88825582698813 3.76102125532831
 -1.11739165251744 -3.88027630429881 -2.02771621061915 5.33846373016677 -0.424492014968614
# movest_p2_a1:
 -4.60183073906604 -5.36839762566567 -1.92360692712440 -1.68722340975386 -1.78696491782135
 -3.41028744994014 -0.955992398454067 -5.41824260507911 -0.768168506281858 1.45923116746701
 -1.50568734858424 -3.52564942123448 -0.115285527647409 -2.96046464370583 0.0336726535913900
 -2.89958586789254 -3.86148453843144 -1.76865806516635 -3.62908894166840 0.0924307578511137
# movest_p1_a2:
 -4.75098317637090 -5.22970574034945 -1.57620636107096 -2.60950471262049 -2.26430814412252
 -3.75335299706052 -5.10359253971173 -4.86538657265727 -2.37101022705684 1.85417835084199
 -3.11769847615141 -1.27250475848209 -1.19040783534523 -2.70865534343706 0.730252818413151
 -2.88558510342970 -4.47205616264894 1.89292845137436 -6.26525128027528 0.451450105936111
# movest_p2_a2:
 0.730600954111376 1.72336407433218 -5.76188521682316 -5.91043563663741 -5.81480094173083
 2.83285539422923 -4.12124576695260 1.34776826311282 -4.96392485493663 -4.23977335057915
 1.59833189408020 0.0387603171052593 -2.33381947818751 -2.84421448942784 -1.69001562003790
 5.56990043761168 1.44531632982198 -0.650465246845375 0.104164828673957 -3.23316170337881
# movest_p1_a3:
 3.87304026651805 -0.528000549228548 3.26742902502158 0.989750564976537 2.28901899983074
 2.06427010368861 -2.11790373500892 4.71698907650253 -0.600422806823985 -5.21379091922913
 4.34943115310348 -0.799599558133536 4.15993290481081 4.16461604986304 -0.433145567817103
 5.07706455654210 -0.102527436836269 -0.0777070427177735 7.99999978580468 -6.04210504865274
# movest_p2_a3:
 -1.91584900960512 -7.97984646004820 -2.47407862921218 -2.93020796428222 -2.77721648162124
 -4.45165576874081 -3.13162571656821 -7.99999985654351 -3.28907763324618 -3.80244767968183
 0.955812934573029 1.48691536148183 -1.95587477704778 1.42765197049994 -1.90653140970246
 -1.41788437928437 -0.214107991275474 -3.30501035604176 0.208657110347911 -2.27955480790488
# lnqE:
 -4.03477100282739 -2.46575116449911 -1.66283064798973 -2.89113262513159 -0.806901223252872 -0.761524857480099 0.999999960750785 -0.0182211835035169 -3.66622258978596 -1.87975136799870 -3.25975146060788 -2.70709528919475 -2.35663848683322 -0.771896101956075 -1.51693948377274 -2.95246177351826 -3.55784088399480 -2.18169393367353
# Fmod:
 1.72839896639572 1.12478378630820 -0.0655887435550890 -2.16720792792213 1.55958536965749 -1.49379667397614 0.802541616660838 1.79538217001707 1.37579020553312 -0.0655887343756922 -1.29487054892019 0.456789306965114 -2.07689883756960 0.620572468277443 1.07257939859984 0.239752481593908 -2.04773265617736 -1.40347381860552 -1.45635858334432 -1.72728661904061 0.669987465382145 1.33086676224038 0.568482277559417 2.32757396733226 -2.02335063412717 0.213675182130185 -0.873562809428504 0.808955162389195
# visc:
 0.845819470889807 0.696973906710053 1.01286827821871 1.68821662208733
 0.404411061913564 -0.432277543156810 -0.165987134572438 -2.99999868921764
# lnRD1:
 -0.676336236891077 -0.327985121655881 -0.215210783544501 -0.144227797207902 0.506908208729176 -0.0740718543202957 0.0771846200868288 1.50041412436247 -0.480813819018161 0.141722403197602 0.217745224108834 -0.525328967847095
# lnRD2:
 0.425833691645783 -0.289969399184714 -0.144384192476338 -0.0826548983212209 -0.0688620960693071 -0.187132757890959 -0.0280162345102061 -0.216484364679317 0.332976647645882 0.284703959371362 -0.0458784279766370 0.157896736594757 0.486017966605233 -0.270011827917835 -0.364780549558961 0.0107457467224788
# lnRD3:
 0.341773934378392 -0.422439394300956 0.675430372414248 -0.421762010158349 -0.173002902333335
# lnRD4:
 0.0832356901180725 0.206805056695470 -0.283224370968848 -0.595199304934992 0.0756141736076822 0.148578675588611 -0.141942451404934 -0.794246686208564 -0.123928489112304 0.189541616923698 -0.486834773821179 0.373363865083882 0.655589050457807 -0.204471299577673 0.350304095050121 -0.694143720865605 0.232316803761679 -0.0275541063889061 -0.160029532469573 0.826842897698075 0.420226701038001 -0.0695943180815421 0.0187504278110241
# FDY_1_1:
 -0.0326180252460637 -0.0326179981775874 -0.0326178532335768 -0.0326180025973595 -0.0326180093699713 -0.0326179713685684 -0.0326179909744870 -0.763963120673731 -0.831542180722453 -0.828213927479130 -0.809390695418626 -0.771860578751488 -0.671494694947359 -0.599817710637897 -0.513174890196386 -0.292154831717102 -0.186995462728945 -0.0861002757437661 -0.0827040138282915 -0.112635646769333 -0.122982440881824 -0.113084746469238 -0.155638290959299 -0.126757162323803 -0.110576987609047 0.0305018448533061 0.167581704485938 0.310144326085783 0.339772306664682 0.325695966097096 0.252474246203580 0.337108523833545 0.397473708002232 0.459242308896806 0.584192197709842 0.472639229513916 0.263837192746916 0.219650898953268 0.189558178688912 0.283303218259515 0.446805208468426 0.368416794906215 0.331420727251856 0.420172458163419 0.490679999289316 0.419140415200272 0.321389578052426 0.332542420119625 0.313157060825700 0.264208677112000 0.147443036823059 -0.0901253227403340 -0.309368338114508 -0.346570669300760 -0.335074388226716
# FDY_1_2:
 -0.0338359198078490 -0.677282279031497 -0.0338358616070501 -0.687935860679091 -0.711442730926358 -0.726751365542906 -0.0338358743259356 -0.726075504285416 -0.777558712017137 -0.769755413726991 -0.763723703085664 -0.697873245640699 -0.556815622237712 -0.470984035135803 -0.410174534919813 -0.219075406993372 -0.0231212869250476 -0.0650121268584819 -0.0694495466457982 -0.0941101075308245 -0.0619976892832345 -0.0779442614487348 -0.0937739623495461 -0.0456432526225573 -0.0320234961555072 0.109812285899771 0.255095313306854 0.347066366535133 0.326240398156732 0.325735495323953 0.283499294653663 0.401045419694951 0.434850327421837 0.493867691900145 0.626483200508729 0.539543524299157 0.350904685583958 0.308655923944484 0.281195902968961 0.376813682886216 0.523047402562013 0.477603623162819 0.446024273685223 0.495523575040341 0.496292305826879 0.451871199047371 0.393254744728319 0.376133269561183 0.300548106626361 0.247406952487315 0.153409604083095 -0.0683876737747232 -0.271816915619072 -0.306924818218412 -0.314763362500228
# FDY_1_3:
 -0.0206939779259579 -0.0206939807348239 -0.0206939801196564 -0.0206938082217543 -0.0206939036261889 -0.0206939925588359 -0.0206940246706966 -0.0206939851863049 -0.397035686551607 -0.300550056139036 -0.222773918413500 -0.202117094587210 -0.118279575957884 -0.0757512401400587 -0.0272747000546041 0.0958840625473331 0.276051987105512 0.200186692503353 0.150370005400165 0.0813147391355248 0.00434506484793901 -0.0748187902321178 -0.115498590580622 -0.112017830332562 -0.0770360454438362 0.107020357353474 -0.0206940577900332 -0.0206940624561381 0.299086267249971 0.151999590123275 0.0805729231964258 -0.0206941239028578 0.204705277546169 -0.0206939798569128 -0.0206940875014195 0.0632850277677927 -0.108815950409759 -0.120440565219602 -0.0484889697379008 0.118106054782467 0.192033593708459 0.122258119626178 0.196827141168455 0.416157816703689 0.398832980056419 -0.0206941322664343 0.201634880984103 -0.0206940210868941 0.235391277763633 0.121571658424791 -0.0709359973548803 -0.326614224786672 -0.417927315027476 -0.331548158798331 -0.259300690322566
# FDY_1_4:
 -0.0253901181439108 -0.0253901669988842 -0.0253901595790594 -0.0253901584477004 -0.0253901490132765 -0.0253901534941482 -0.0253901759991230 -0.0253901668535107 -0.560674619553663 -0.465522788714664 -0.0253901182385098 -0.419865952954954 -0.352372740736089 -0.319805705812167 -0.202817452718936 -0.0666518936908543 0.143536316956908 0.0740665048727852 0.0234474074318533 -0.0144294880809989 -0.0829324707782092 -0.151638189415554 -0.125769165045673 -0.148001872302391 -0.0887981379300034 0.135953682674685 0.252533632539967 0.369704892384249 0.244637751597196 0.150506608157643 -0.0253901518170568 0.243760053294504 0.298871253877505 0.390907187064152 0.312478529839978 0.00818853759434613 -0.0329825204779505 0.000812467225985391 0.0831562853545750 0.248991562077842 0.148107562337683 0.101667480799051 0.219899459236213 0.373080060895171 0.293095895251479 0.138983738335138 0.185252448149294 0.267081452113718 0.184848299975078 0.0687805505746632 -0.179456885861261 -0.423472726703898 -0.413991542384273 -0.316100491446120 -0.343163457418823
# FDY_2_1:
 0.0496611372469513 -0.0252349069810227 -0.0125048641389378 -0.0265949658964863 -0.0595517966521093 -0.0819053257931352 -0.0845495550810440 -0.0727268692340945 -0.0984222219626482 -0.123582185187890 -0.130347501494531 -0.0851398359538488 0.00359388272369036 0.0614153568899323 0.140100814816228 0.214140994990469 0.352741351101317 0.156424328584413 0.0736536371930517 0.190345846598669 0.338148522968906 0.260592709830205 0.278174888152013 -0.0298017869299245 -0.164187515736629 -0.0538339989004324 -0.00633463919989704 -0.0638580550132530 0.0238561584481565 0.205871269367527 0.213349757388752 0.352642571435876 -0.113876556332954 -0.197951316559638 0.0352924036975273 0.110633965228800 0.0580004005032413 0.0612051680038735 0.0380433290756950 0.0449755612192660 0.0246466071798282 0.00863514154945503 0.0567899341990510 0.100472181609146 0.101796666384953 0.135326940811602 0.116236607529908 0.0952622736482358 -0.0643114694630646 -0.191529390963719 -0.269542374765014 -0.348785189214313 -0.426595896832794 -0.507961731382177 -0.662900458707185
# FDY_2_2:
 0.0417564623563558 -0.0908075474518637 -0.0881327005132575 -0.122467164680771 -0.178973117445283 -0.228733052266658 -0.247580102399892 -0.242641511625845 -0.260188597763080 -0.632309152230435 -0.238337307125621 -0.180236530127535 -0.0533930991661395 0.0165893991325050 0.101348285209666 0.165888017374332 0.305656025531496 0.170795755949117 0.135066158380976 0.190502597523186 0.273112246759412 0.212051619689206 0.207813665074764 -0.0829448583278736 -0.256873748266401 -0.156513186769973 0.00986694296123104 0.221086074978583 0.227174004823427 0.394370451315452 0.399260706801670 0.529500583170985 0.124571690074522 -0.0236612066955835 0.114491122194412 0.184925906804084 0.126920961017417 0.0659786189250018 0.0209874828647005 -0.0222884510106929 -0.0458651833796710 -0.0187668196468151 0.00259412610436139 -0.00759972571181188 0.0795589382580224 0.183314059390643 0.231005858047987 0.181653892906863 0.0816898344088704 -0.0202603496536544 -0.111752726006995 -0.187937780039173 -0.327687173648077 -0.505315115126522 -0.668265280949623
# FDY_2_3:
 -0.317196439560150 -0.375587920365554 -0.356100236661661 -0.398962614294723 -0.434627701273858 -0.471292423198860 -0.424348264192915 -0.424819487764250 -0.464867148769427 -0.521703492730471 -0.357677350972273 -0.301895568116288 -0.170598551069839 -0.0862388731539613 0.00837886057995189 0.111696800392069 0.231010456934666 0.180419315828174 0.218739826923989 0.247189261736591 0.288105318429679 0.237554046180897 0.0155462579072731 -0.119702403998127 -0.0731763821144814 0.0702210449021960 0.158397973918652 0.351720804040401 0.414216800868279 0.572471916145610 0.665256081516845 0.325096144095052 0.115481127123593 0.186054076430603 0.325426152766549 0.354500989659474 0.300956024152236 0.258714543818543 0.249654310179528 0.124337577615648 0.110821887903969 0.117124431811857 -0.000674178437324390 0.0393227415296079 0.198122627771716 0.228516919829379 0.244239507515279 0.128336057105583 0.0332764460963714 -0.0149443029785770 -0.0763231756341448 -0.203399195187873 -0.357552252479800 -0.518006812860702 -0.641211555895003
# FDY_2_4:
 0.0523976259090156 0.0460294292584796 0.0369017336294387 -0.0195915704324176 -0.0555569986838075 -0.0586755571634156 -0.0372705738732387 -0.100530162101948 -0.195244710488841 -0.185078564691410 -0.0800670929919673 -0.0501985471388761 0.0447250214305409 0.101155906809162 0.155141935132381 0.197483547080612 0.240645970868516 0.157188484194510 0.241054843268906 0.251222424418607 0.222500769155607 0.0807507460443574 -0.227059988041958 -0.299922614390033 0.00215890555487640 0.136606260776616 0.252467366622395 0.323326716625894 0.402564459955528 0.483304151128636 0.674097343068604 -0.103555669354585 -0.276114174028257 -0.00735801229291834 0.109594401829469 0.0812499074262417 0.0608326569598588 0.0675654767625872 0.0264020087210180 0.00318283485816849 -0.0354524713217389 0.0216250156718581 0.113027074358907 0.111718313257222 0.135852732153696 0.132329546896122 0.156823580114118 -0.0550956229657601 -0.161944958940926 -0.209558747955873 -0.274348957658546 -0.426963265601841 -0.604365655911445 -0.786853679078503 -0.871119594833642
# FDY_3_1:
 0.00000000000000 0.00000000000000 0.00000000000000 0.00000000000000 0.00000000000000 0.00000000000000 0.00000000000000 0.00000000000000 0.00000000000000 0.00000000000000 0.00000000000000 0.00000000000000 0.00000000000000 0.00000000000000 0.00000000000000 0.00000000000000 0.00000000000000 0.00000000000000 0.00000000000000 0.00000000000000 0.00000000000000 0.00000000000000 0.00000000000000 0.00000000000000 0.00000000000000 0.00000000000000 0.00000000000000 0.00000000000000 0.00000000000000 0.00000000000000 0.00000000000000 0.00000000000000 0.00000000000000 0.00000000000000 0.00000000000000 0.00000000000000 0.00000000000000 0.00000000000000 0.00000000000000 0.00000000000000 0.00000000000000 0.00000000000000 0.00000000000000 0.00000000000000 0.00000000000000 0.00000000000000 0.00000000000000 0.00000000000000 0.00000000000000 0.00000000000000 0.00000000000000 0.00000000000000 0.00000000000000 0.00000000000000 0.00000000000000
# FDY_3_2:
 0.00000000000000 0.00000000000000 0.00000000000000 0.00000000000000 0.00000000000000 0.00000000000000 0.00000000000000 0.00000000000000 0.00000000000000 0.00000000000000 0.00000000000000 0.00000000000000 0.00000000000000 0.00000000000000 0.00000000000000 0.00000000000000 0.00000000000000 0.00000000000000 0.00000000000000 0.00000000000000 0.00000000000000 0.00000000000000 0.00000000000000 0.00000000000000 0.00000000000000 0.00000000000000 0.00000000000000 0.00000000000000 0.00000000000000 0.00000000000000 0.00000000000000 0.00000000000000 0.00000000000000 0.00000000000000 0.00000000000000 0.00000000000000 0.00000000000000 0.00000000000000 0.00000000000000 0.00000000000000 0.00000000000000 0.00000000000000 0.00000000000000 0.00000000000000 0.00000000000000 0.00000000000000 0.00000000000000 0.00000000000000 0.00000000000000 0.00000000000000 0.00000000000000 0.00000000000000 0.00000000000000 0.00000000000000 0.00000000000000
# FDY_3_3:
 -0.0940602956787018 -0.157480199706825 -0.137542587248641 -0.160061849562625 -0.184021511682049 -0.204740994673058 -0.183044248350177 -0.170243984918943 -0.200250080097537 -0.270892858943303 -0.181209246093157 -0.153241394849664 -0.0838982829938493 0.0227589415299399 0.137295386868749 0.183051664920950 0.317829997118793 0.334733656903805 0.196584687232691 0.119066326230676 0.180589952191934 0.192097194839728 0.300627950588681 0.397627808563626 0.315600413608339 0.311511447039381 0.293209671308015 0.0336475880583329 -0.102768704812497 -0.0727651766400221 -0.127519973484665 -0.00313432223690311 0.134766608258659 0.167638783901272 0.242688436860130 0.257101249427643 0.251351882134127 0.177422719227463 0.225601681823735 0.136087221463855 0.0951669257255121 0.108617845604328 0.247672628953896 0.145947267318131 0.0773342166876967 0.0360229996702977 -0.0335040998619060 -0.115400049593741 -0.157650347500944 -0.238490640815048 -0.361071866801120 -0.475194771521255 -0.562063165765157 -0.570947521719913 -0.638454978508684
# FDY_3_4:
 -0.168165956381023 -0.199605283937164 -0.206748226581708 -0.225166583910801 -0.237974442368233 -0.204714764210485 -0.173288485726807 -0.177378451005537 -0.198239371981223 -0.205841450455918 -0.187817196120504 -0.0751730099161399 -0.0284831854659867 0.00675505398808109 0.166810604344985 0.242507992919069 0.460537571330073 0.448331520659909 0.155700624022532 -0.0579428706621986 0.000614527786005148 0.000186905787574432 0.157793420412122 0.430891151085668 0.467501475330942 0.412966337080288 0.628850880306817 0.0270304360719646 -0.186603122150338 -0.235061955777941 -0.185532895825056 -0.116606566002197 0.0664330426844714 0.115604135728416 0.235871968962257 0.322907154358606 0.257697834235159 -0.0435120659968794 -0.0435120161376560 0.254461765841882 0.267558772742645 0.399490951723916 0.425876051717569 0.406410530551177 0.254996909899745 0.200454504300018 -0.0255815883079814 -0.0893899653216104 -0.151302322041487 -0.247118138388178 -0.385826628354504 -0.595130944041186 -0.734572139598028 -0.716052045526274 -0.711900451678847
# FDY_4_1:
 -0.0695837179387105 -0.126050643900207 -0.154712125274034 -0.194374765594312 -0.216752187123384 -0.237750430258954 -0.231309385039596 -0.220583954611058 -0.196820000635673 -0.165555617692340 -0.150259476834438 -0.112665082814083 -0.0933546270761432 -0.0342354652986452 0.0331513970236385 0.0879162542239115 0.125006381655029 0.140370719357338 0.126836545697520 0.143418417781402 0.152054420102833 0.149952858906449 0.140832382717374 0.0312674910712247 -0.109471168507647 -0.0962378354734273 -0.0316843631251156 0.0223956021344613 0.0810959781997904 0.190488736738308 0.227530264597511 0.348699555929348 0.215157274840858 0.115805087574865 0.124805949932681 0.151047953642551 0.129547022164634 0.0932903292703408 0.0667725396554144 0.0404203062447270 0.00711067056448872 -0.00672445450661258 0.0332595898608212 0.0518507338823952 0.102472942253443 0.155033442710929 0.182779119198713 0.203677640321748 0.146966319553135 0.0550109388361747 -0.0527952564247439 -0.170692719349803 -0.287467385315292 -0.396217571075153 -0.520726632774686
# FDY_4_2:
 -0.146461653224263 -0.198073572576777 -0.224915161324050 -0.268456097007940 -0.292053006600324 -0.312876397642987 -0.310665090290087 -0.295334973739881 -0.273808604659822 -0.243300229278692 -0.210190378161305 -0.170231739124750 -0.139589938497560 -0.0709678839484535 0.00138036416178097 0.0621029095563009 0.110042799757518 0.123563598586115 0.111072592213506 0.162832682594316 0.200011314310978 0.191412216093677 0.186456259804052 -0.00658681712438095 -0.196362491023154 -0.153967902621854 -0.0577768202152659 0.0268536560216646 0.149374959046976 0.318499098425798 0.390707150829339 0.584145176444899 0.319583991310904 0.127963802001430 0.149851343699336 0.181426941140731 0.155623123663902 0.115939020180571 0.0797626248603312 0.0528055038545504 0.0186593977041270 0.00399053588279416 0.0454722118778489 0.0652359486573123 0.117941591513800 0.184574472466165 0.213378446607385 0.245425875070348 0.176056064599720 0.0679754445122250 -0.0345835892022874 -0.147698126975938 -0.262395022602446 -0.384359270506194 -0.539466351101991
# FDY_4_3:
 -0.171153828988116 -0.216642937779049 -0.235216642016510 -0.286329955853149 -0.308227784842626 -0.335358898851434 -0.336318735676227 -0.317658725784170 -0.295541883026962 -0.237992276891957 -0.191873123846668 -0.150033704877196 -0.118742165019445 -0.0595988477598308 0.000882570660739646 0.0746290731774380 0.118836766222386 0.160114307724501 0.166070158087863 0.199261628765684 0.207743796881670 0.194213418650377 0.0718804746608333 -0.0868873229170266 -0.170190298546080 -0.0862699370821309 0.0191154948539232 0.117399900915710 0.216153099832914 0.379145985234734 0.481540764617799 0.448671835554505 0.215258195703797 0.133448948649969 0.182827609585052 0.198856178838939 0.176591112110859 0.131697242212151 0.112313699614530 0.0817286218023090 0.0420850814850001 0.0482519243875561 0.121101173140732 0.0834744137039197 0.138665922341118 0.176872060742505 0.215037009057341 0.195982350608619 0.121154492913288 0.0336829345842069 -0.0667613918741916 -0.198225624069948 -0.326337966091985 -0.464825172007029 -0.604501023521238
# FDY_4_4:
 -0.149671683514464 -0.193991233871612 -0.212354379812906 -0.264369149720174 -0.282112684827812 -0.307907370582211 -0.308703491192217 -0.290074729776522 -0.266422213179300 -0.209174128207723 -0.163431290878780 -0.124046281155748 -0.0922857618734617 -0.0341787782718247 0.0276516364994393 0.0872353447697563 0.129017436674206 0.173182395077251 0.173109832622384 0.197376065461496 0.202851537368492 0.192993210232362 0.0518849901663819 -0.0899724999860575 -0.152049101618785 -0.0671581640795590 0.0321912283072388 0.117618822986348 0.202193011734646 0.353931874628554 0.455332070016537 0.381694753269702 0.173543649548936 0.126398324622959 0.174764811300495 0.190684938983621 0.164678459746613 0.125559510430215 0.110029427226628 0.0803255612762531 0.0392201578257144 0.0447264740872598 0.119073534284530 0.0747931995618111 0.119070709057620 0.156333038951777 0.197450712825309 0.167702694750534 0.0983564195917584 0.00914064583922945 -0.0849086127116029 -0.217912609260846 -0.341860705362167 -0.481672284916554 -0.615859324925729
# FDY_5_1:
 -0.0295486351323535 -0.0295485991648694 -0.0295486528404880 -0.0295486769716207 -0.0295486155853113 -0.0295486474192957 -0.0295486190021444 -0.0295486521213335 0.406286748412944 -0.0295486375149143 -0.0295486915102896 -0.0295486663367206 -0.0295486361595336 -0.0295486094012945 -0.0295486338537177 -0.0295486546312556 0.486251572272120 -0.0295486865936004 -0.0295486409468935 -0.0295486307049786 -0.0295486744554130 -0.0516009992388500 -0.0680050911799479 -0.0621766036951210 0.115502624093251 0.360077427428851 0.412366556946508 0.583948161922514 0.125548544777107 -0.134397260175418 -0.297188828222180 -0.0295486527707056 -0.0295486412201824 -0.0295487048140619 -0.0563418283826569 -0.0118183305802817 0.0412174154019502 -0.0584031353426942 -0.0295486396135441 -0.0295486100142317 -0.0951999950329143 -0.0295486258638147 -0.0481429912435094 0.0123242749749272 0.0285542882918821 0.00952074178720206 -0.0295486715641436 -0.0295486376539533 -0.0295487115178479 -0.0295486507746383 -0.0295486118258670 -0.0295486041583089 -0.0295486580993205 -0.0295486393457760 -0.723217973633260
# FDY_5_2:
 0.264972101154473 0.204428019430614 -0.00949786034720738 0.189319232049893 -0.00949783197320378 -0.00949793220130960 -0.00949779007385579 -0.00949784509365607 0.214016377690220 -0.00949772212610170 0.211518527449844 0.198178784347163 -0.00949785847382770 0.223665293198460 0.288193489473087 -0.00949787404567907 -0.00709217654451247 -0.115480258347313 -0.00949787619988921 -0.00949785208953816 -0.00949784844114546 -0.00949787898455859 -0.00949779426006184 -0.00949784086498443 -0.00949782141643144 -0.00949778268219962 -0.00949783060507329 -0.00949777845955783 -0.644091865264186 -0.00949783481450076 -0.00949777420913204 -0.00949781593512714 -0.00949784822962577 -0.00949783523889905 -0.338819957718276 -0.00949784767019505 -0.289898785709707 -0.00949782941667013 -0.00949782862039420 -0.00949787125212879 -0.00949779613963123 -0.00949738938640369 -0.00949780172081830 -0.00949784836919502 -0.00949782498758015 -0.00949784103915355 -0.00949794484164194 -0.00949782855940565 -0.00949783537991070 -0.00949788005912570 -0.00949784199310691 -0.00949783945818087 -0.00949785640492266 -0.00949788680789613 -0.00949786233783104
# FDY_5_3:
 -0.000642504325224829 -0.0272360550559020 -0.117254158308894 -0.0739799219502105 -0.106573701065417 -0.117941359081983 -0.129647600814344 -0.120455132448824 -0.102237781858489 -0.000707613275019108 0.0238997709481680 0.104126737257144 0.104325937891526 0.152392145590650 0.176474376104774 0.233953419950359 0.174704717512850 0.177342585176489 0.221315922576441 0.209692123377722 0.0252866356390168 0.209032254756979 0.0252866782951026 0.0252865658450888 0.0252866953301453 0.0252866348839692 0.169208205522478 0.196041641486846 0.227081498175546 0.385608348966721 0.532824796755976 -0.142877794846154 -0.305858037479701 -0.00494608734986956 0.127869978872966 0.146328560232568 0.125805737070065 0.0761451303625135 0.131539717061293 0.105173316928258 0.0182533410344105 0.101151957435443 0.243058982250150 0.0336381590868221 0.0979020659014050 -0.0771078101414574 0.0907956397876170 -0.0463438228379133 -0.166886497464106 -0.204924282762356 -0.270374165639075 -0.448749899157849 -0.633750427983478 -0.767194294484675 -0.856431329736558
# FDY_5_4:
 -0.00507765774324051 -0.125286051579952 -0.0788554708862812 -0.00507750595124998 -0.00507765964649140 -0.00507757370643810 -0.00507753149581466 -0.00507758726721549 -0.00507759515794889 -0.00507761557088779 -0.00507761446847896 -0.00507755440227273 -0.00507768796793437 0.123693309212671 -0.00507758054896731 0.229053512593025 -0.00507765136790914 0.142909146688924 -0.00507750047926800 0.339023713558881 0.272049035283743 0.242263919851962 -0.403210523483492 -0.486886074297302 -0.0292321165224287 0.125046035141117 0.204270087898872 0.312206255967446 0.389969081437186 0.520769279061473 1.05754851343940 -0.199899544217820 -0.380612019301694 0.0957844281153866 0.212747318210419 0.208450292690348 0.119857940781617 0.112876144826795 0.142884375645018 0.0858567671714130 0.0141385904523979 0.0232230293167166 0.190408139636384 0.0399872199393705 0.0927887542198789 0.00434664933118947 0.0565123900484543 -0.162053392855700 -0.238276944468356 -0.252300355418177 -0.297124242033003 -0.437300143994185 -0.582032928753698 -0.760711114614865 -0.853796692319016
# FDY_6_1:
 0.0259673858624539 0.0259674986879273 0.0259673675448203 0.0259673050670515 0.0259673434676445 0.0259674171125196 0.973140867144607 1.05929249351668 0.0259673640751513 1.21609851662614 0.0259675000931908 1.04339631859351 0.0259673226838218 0.0259673795369129 0.0259673309989855 0.713426201562362 0.521481110996692 0.0259674707712868 0.0259673960543368 0.228330452854531 0.0259673191045889 0.0259673604927653 0.0259673907438878 0.0259674020267753 0.496222113512310 0.211082695632061 -0.0278826273390639 -0.211487427583495 -0.351436909083617 -0.409612675906847 -0.545250990035164 0.0259674005232580 0.0259674062836742 0.0259673847794722 0.0259673620014838 -0.156782716651597 -0.150844855085413 0.0259673792989788 0.0259673223175557 -0.174625347510443 -0.208935217596574 -0.210446936275358 -0.202939525265802 -0.240394594228539 -0.191147172725134 0.0259673214611163 -0.218672171158111 -0.273639847247271 -0.304965022338676 -0.363025466300424 -0.444950574396299 -0.551793776412609 -0.608205012053679 -0.623927850293525 -0.614721185940912
# FDY_6_2:
 0.894677817696475 0.756601288532323 0.844167992738213 0.821992568587300 0.770263570892018 0.889912879274511 0.986945233179291 1.10128886563650 1.14073355385840 1.18605888109579 1.01690684794973 0.989083670455710 0.846359527490179 0.782616953508302 0.731897550456258 0.494417980885309 0.289020861187771 0.257351148652249 0.169324846177619 0.00964899628578656 -0.0713913542693164 -0.131892004928204 -0.0775162397079621 0.216910860932672 0.299471172980999 -0.0675095857887237 -0.281000754572933 -0.385468827543288 -0.610254591575641 -0.680574697053530 -0.773999736498056 -0.905141189363980 -0.785311787904092 -0.510395495707027 -0.401736689407373 -0.383682113215992 -0.387844118533672 -0.388042067943939 -0.365673218610543 -0.363637894459435 -0.417609359051602 -0.430940389014914 -0.379451407231771 -0.436423131840524 -0.372450552511940 -0.371011308790963 -0.407634152067262 -0.457572526011518 -0.489913476843606 -0.547743019733844 -0.620020994400350 -0.714718001050168 -0.761898206572985 -0.772880232219754 -0.744313944028507
# FDY_6_3:
 0.594976939272634 0.608954228835062 0.886419695656773 0.883274205642199 0.923422645954675 0.957861608968890 0.938734322981512 1.00428123424212 1.01971896845610 1.15921972711144 1.03603254362501 0.895289190610736 0.686035033193257 0.725818715807788 0.587956262293973 0.495888024323980 0.356946739935350 0.158515730919127 0.0763884549505031 0.0367456380826438 -0.0468043225436250 -0.121022477813979 0.0888012995265987 0.225297165492719 0.0389655488697608 -0.230330450662318 -0.437150788852750 -0.530566971391863 -0.648885751888092 -0.666236479427284 -0.775573501431258 -0.722922699252170 -0.577532787869327 -0.392146742182319 -0.317258977259029 -0.276356630478704 -0.271790790555774 -0.276434754642468 -0.262150768590980 -0.318441661441550 -0.357990975917268 -0.355322741129396 -0.328681654632860 -0.383229646668408 -0.374558495756996 -0.406634246520584 -0.454762894151837 -0.485889315235104 -0.515367741931661 -0.549371649552743 -0.611494676250056 -0.666750401088944 -0.701756821540195 -0.674171186662158 -0.647954921431153
# FDY_6_4:
 0.868602561944319 0.859043505988067 0.769389635568565 0.868697890154007 0.923186031226642 0.975577278440726 1.08003804116538 1.18278975178483 1.21571454025999 1.13391789474393 1.01948644169461 0.918653599039468 0.781885786216983 0.723678213904110 0.573126624474131 0.365716569401719 0.278078716608302 0.145297182979052 0.00257244350662692 -0.0210076960275004 -0.142070141291453 -0.124046421617416 0.190030829765131 0.217683338183212 -0.240886060988468 -0.309078389412536 -0.456240146414995 -0.569055446171541 -0.674208576288722 -0.726515647067171 -0.940305992341628 -0.674447701430870 -0.438286297232317 -0.370074983330546 -0.295084255407652 -0.285191339355542 -0.286218041712558 -0.272839947172073 -0.265223432671178 -0.302842843561395 -0.338665948858184 -0.375467308511846 -0.337799921019917 -0.394619734060860 -0.394299624433986 -0.425198528728439 -0.499927111347629 -0.510076055081003 -0.540411662341130 -0.559065885669469 -0.637455980076570 -0.688996432843510 -0.692099442636881 -0.667817983374591 -0.637641898570236
# FDY_7_1:
 -0.309462479279726 -0.366647463213821 -0.352427701862293 -0.341885031753083 -0.334321000972111 -0.333877946142828 -0.338537653878903 -0.262465019397116 -0.178544527549865 -0.113110726386448 0.00264295500332795 0.0673044561058209 0.254441148126486 0.191807269172764 0.0557886477036906 -0.0210010597014987 -0.0196275982966439 0.100047497688044 0.365654959933170 0.0160000895325567 -0.166197524892793 -0.0762533349915476 -0.0741498669054781 0.144139136253086 0.210433149338518 0.205006291885792 0.419544041608153 0.749615611484563 0.353819058049095 -0.0374764745831254 0.574488736721831 0.784561748928002 0.861333693923835 0.702747084911675 0.967836371563874 1.01284743867528 0.778220049762450 0.637944426304176 0.976171875987276 0.917029445476576 0.615220047320809 0.388694912858997 0.906989223411990 0.437111359244934 -0.234924314150796 -0.516795815231269 -0.704880782700766 -0.753894414851285 -0.862297059420441 -0.911335237838938 -1.01169552650303 -1.15378304019141 -1.31094789293757 -1.43986655200615 -1.47103468133783
# FDY_7_2:
 0.101312383767931 0.0668973237400232 0.0683500936035113 0.0507657343129191 0.0403352046921173 0.0216362334832478 0.0262488966066767 0.0693057069073157 0.0670247169185858 0.152459187802692 0.187607762235414 0.215484030061790 0.274123724841389 0.256625985421910 0.122637130287112 0.0537967391769296 0.179709931946660 0.255620597602135 0.271298161136493 0.237823599750399 0.227880398519708 0.238106535037907 0.256542374560576 -0.124387598772733 -0.239873872918873 -0.0894339577054426 -0.0320547680297150 -0.0443219844837905 -0.0490243838419033 0.00992585460307360 0.185407003044356 0.316894632843862 0.206234555235893 0.207937613238306 0.381887865695406 0.416782458511523 0.353682228015638 0.309756167351209 0.410131095920075 0.242485651246344 0.116667898776583 0.112221746706556 0.365684855807057 0.0195427416117937 -0.182509313109538 -0.305143464474997 -0.391864554218541 -0.478929454341297 -0.514896700045064 -0.540687483099320 -0.615409225715987 -0.712812755105720 -0.829529173336379 -0.930675336598885 -1.01528079522294
# FDY_7_3:
 -0.159825297578303 -0.196545424121672 -0.172865921339650 -0.192927000050003 -0.198880986461190 -0.212007944508368 -0.183250494579154 -0.117929988952970 -0.0407501030069661 0.0869426974091119 0.138172416154801 0.254795869803397 0.168256830323404 0.109773922002853 0.00893452516023933 0.0384981903040820 0.159486975924432 0.315967253082046 0.0775671367821001 -0.123888538503165 -0.0926698496232494 -0.0418064763766330 0.0542286769591782 0.179678280729284 0.0961183923810558 0.242898100031916 0.500222595933596 0.128637676800909 -0.171601783891114 0.0779017958175392 0.317151319511708 0.649963330087032 0.435427030001993 0.545558471943704 0.842195830841787 0.806349714363459 0.713474039609462 0.954609569479076 1.19771548290492 0.840033317812173 0.597430515449634 0.494739639810566 0.890524979475138 -0.0654740472245039 -0.360990859509326 -0.756311003725556 -0.707522620229544 -0.745211952912244 -0.782788590132585 -0.833759862615616 -0.909874180631757 -1.09378335239959 -1.20984092358038 -1.27032119740676 -1.28242617753030
# FDY_7_4:
 -0.409006041874581 -0.417654113989511 -0.376590950401388 -0.393312584157188 -0.395273746250051 -0.436471713688349 -0.382604511746566 -0.313031959980840 -0.243100194651080 -0.0673353304586129 -0.00124432563137989 0.221626932241338 0.0940796302036566 -0.0390973803051682 -0.160568069169159 -0.118146145273705 0.00379507214947283 0.304835239340250 -0.00543554450425932 -0.179683185985884 -0.124068952086158 -0.0741506978653601 0.104308647100377 0.272125760743136 0.170274759806663 0.416852677925176 0.768598943582578 0.423767609707012 -0.0750601463590814 0.576540963473461 0.802908784921815 1.29022530187968 0.875255912505328 1.17977295104392 1.25312802330267 1.06573891393645 0.907821149544444 1.70040664466871 1.75765479610043 1.11451980085848 0.687520469554101 0.390908149774785 0.732946741479985 -0.320130404350893 -0.626929827129054 -0.856534153781971 -0.968068304256471 -0.979828343119521 -1.03615226587781 -1.09201343844342 -1.17214058227995 -1.33205826929445 -1.45644165931062 -1.52538075849207 -1.53810027512936
