# Number of parameters = 1827 Objective function value = 8543.90563103142  Maximum gradient component = 0.00242640962206804
# lnR0:
 13.3330876866631 11.6871088937822
# selpar:
 -1.46142641011030 -2.59899171432764 -1.17396790033134
 -1.33985209853866 -2.77006830767268 -1.01342047339124
 -0.506743475949042 -2.67954357614189 -1.45370781209216
 -0.860770994030489 -2.47718911216940 -0.711454618346712
 -1.64028967357872 -2.95241916985778 -0.908710005543547
 -0.751823357158543 -2.42571381800351 -0.716041436025573
 -0.546677252338791 -2.58002980316665 -1.33852893800530
 -2.56973725353508 -2.65559636890246 -1.01819470507629
 -0.866574735545045 -2.55606232873451 -0.758034918650421
 -0.137978559942661 -2.02505383406439 1.56055959810456
 -1.95476063855338 -3.37675801771589 -0.542022697468051
 -1.37828167588273 -2.72392005165625 -0.922071823722377
 -0.293725797792856 -2.05799320202896 -1.44535261138210
 -3.45234907031962 -0.826821622517666
 0.00726461965923075 -2.71259545240205 -1.54393862484606
 -1.76596279709543 -3.84411615759644 -0.853059247669927
 -1.29867244693153 -2.58989427698491 -1.02009931848892
 -1.92257473380562 -2.38864246858205 -0.676522051076910
# movest_p1_a1:
 2.37751997783491 -0.355292872040502 1.05972790452351 -4.20382526499871 1.16405812926473
 -3.62626571972956 -0.602105489797796 3.76973119232002 -3.70472413299813 -0.176157053537114
 -0.359266009282177 -0.357655332795369 0.648565122224454 -3.84882481787975 2.17066829808069
 -4.49300508547728 -0.497762848480232 -1.81554623316004 0.287682117941843 -0.561944083707662
# movest_p2_a1:
 0.284763598828569 1.19567718728735 -0.243367452644853 -0.126310430168728 -0.165686349744545
 1.29676128051653 -0.0163457150800275 -3.07693886759626 -0.0696199132182116 3.17654901113759
 -0.808669789022328 0.945420769903606 0.964320955433303 -2.45074656595385 0.0562698610532237
 0.482126225909550 -1.02814146313590 0.520924028121561 -2.24932169506892 3.01995156623859
# movest_p1_a2:
 -2.94237795054981 -3.86263551857154 -0.244297259615533 1.18317522332901 -1.67054997691799
 2.47945978418366 -4.71661685023436 -3.46687534835482 3.87202424012020 2.98057584230919
 1.16126173821814 -3.48601437330689 -0.0458667449756334 -2.19544411514532 1.89847967164420
 0.0375654177974205 -2.54666899892613 1.10847101202794 -5.87767962082556 0.683996462371534
# movest_p2_a2:
 1.89739440486598 2.83751660079276 -4.16997666818037 -4.79535649445618 -4.67561238362283
 3.64500794180927 -3.61269345742532 2.05634059274570 -4.35724014116460 -3.25859189042541
 2.35393815112183 -0.248826149112973 -1.88726713782541 -3.48170725400799 -1.15226974001944
 5.78727901383274 1.39047198747494 -0.226353446716786 0.997140608421988 -1.96552705249572
# movest_p1_a3:
 1.64724362957155 -1.52200185383903 0.990051300573350 -4.08295082250155 1.03217604477452
 -6.63988649361987 -4.11097637638761 1.29183976710689 -7.99999995535891 -6.62790146312923
 -2.78855766178936 1.22246680309458 2.81304609341890 1.49519722577796 -2.61719047449919
 -0.0538826115727664 -1.34696588034790 1.41049945844760 7.99999997942098 -5.03741044651567
# movest_p2_a3:
 -3.19369210961921 -7.99999993072362 -2.23642939043108 -3.66432311202137 -3.53488659843853
 -5.58623220902957 -3.55930377134408 -7.99999994637267 -3.65946713302589 -4.52033451557618
 0.199384595659659 2.09201426194049 -1.54783028406860 2.12939993043067 -1.52069567170496
 -1.70320258456333 -0.130346299417511 -2.89840910716278 -0.684192000428819 -2.92773366024421
# lnqE:
 -3.70676863826697 -2.12316934223539 -0.902949349276893 -2.56284565623351 -0.626727097885198 -1.04478686254323 -1.75986680251901 0.281761723164115 -3.33220942695197 -2.13052820687592 -3.05685733547707 -2.33746467107054 -2.44076342980149 -0.733041063866343 -1.58703358456406 -2.77527293302642 -3.22572757930986 -1.96703928419856
# Fmod:
 2.10290735859642 1.35004720570043 -1.66309251525831e-006 -1.84162871785808 -0.366309197483767 -0.789317213870024 0.423554379081128 2.17783974918950 1.21679869107601 -8.03535701976443e-007 -0.362920017581638 -2.03115846504913 -1.65070102286197 0.592749423583134 2.12481107534118 -0.196316733478090 -1.95973083095948 -1.06592816543283 -1.72559924926822 -1.50565915894364 0.372215815099391 1.97921002773188 0.422637623918744 2.23156034300396 -1.72537278658848 0.465547012062473 -0.712800362884778 0.473565684504097
# visc:
 1.02827002100683 0.793920942270014 0.946732318866522 1.55385577724302
 0.398725456806549 -0.499194552154769 -0.00325292749533324 -2.99999949476092
# lnRD1:
 -0.821302095878469 -0.580043416543549 -0.413654768981397 -0.565461782014676 -0.414539194631042 -0.424717126356555 -0.517206907681964 -0.382556049510493 -0.264157943695363 -0.180900953299875 0.258004175115744 0.519141306029009 0.511130909064399 0.474442165484115 0.809251356388021 0.482133787710413 0.879886290432919 0.761878916448415 0.342404726813283 1.14639060024417 0.0118477880376541 -0.104167065764869 0.0374051803464581 0.293891504886149 0.0652894842499836 -0.411781937647300 -0.718826346069109 -0.793782603176074
# lnRD2:
 0.278470950164131 0.469649168549650 0.0397855829860440 0.588200851117495 -0.236882254405826 -0.560379745677479 -0.520778014885763 -0.448712190635773 -0.562872046865901 -0.0885438868958555 -0.587923907165368 -0.592717328400930 -0.451738116821711 0.479952709171312 0.421646277776858 -0.761194742417088 0.259681885114049 -0.170126639212166 0.796097526831782 0.356849827553258 0.167627152350507 1.50091611621553 0.0865741193764432 0.268623285525440 -0.115396893188865 0.452717448180218 -0.437660407120788 -0.631866727219202
# lnRD3:
 0.00000000000000
# lnRD4:
 0.00000000000000
# FDY_1_1:
 -0.0382346742139970 -0.0382346749171217 -0.0382346727826868 -0.0382346801581027 -0.0382346746818485 -0.0382346699362588 -0.0382346717617195 -0.567660490357847 -0.578273240798308 -0.602262034907028 -0.660079162781748 -0.681616398426862 -0.656033378100028 -0.563669364053820 -0.409474543121161 -0.245487392613001 -0.209383653773981 -0.123548425308461 -0.121825817627271 -0.100306805244302 -0.0897554545872146 -0.0294545370447692 -0.0139493613425546 -0.0155938476352884 0.0222950786423055 0.148790075100060 0.207649879223687 0.243189422337640 0.236486196789896 0.317141158159045 0.366592351975145 0.421763133688450 0.474327828805466 0.469729027907137 0.509774098585993 0.384521027355460 0.289224475489122 0.235886911563663 0.193096663892324 0.308322757981598 0.441099456071866 0.372090845710192 0.365567360944606 0.436963925638149 0.495671829942250 0.311330912075888 0.164977641207998 0.130183039244992 0.105539397542425 0.123872733414469 0.102434265183965 -0.305503191919340 -0.576813743950943 -0.550488102726218 -0.509699829701908
# FDY_1_2:
 -0.0395970837992716 -0.425572178009861 -0.0395970809667854 -0.486811017319531 -0.515173593409175 -0.531644847466646 -0.0395970803319190 -0.513863237479433 -0.553346337653870 -0.540091935502556 -0.589071115428431 -0.604583785657478 -0.551567837244564 -0.430957435401763 -0.294607336068662 -0.176081300729139 -0.0725061649643615 -0.0990338725037536 -0.0900323928228741 -0.0651476223411076 -0.0165772855863531 0.00551797454475044 0.0325941502747091 0.0496287474501913 0.0597545065403353 0.177063623396707 0.256161531701598 0.285805266777706 0.251562458215700 0.331684906489959 0.380623058032121 0.461390029127864 0.502172414101316 0.496311479046899 0.566754286700528 0.409010560171664 0.280884890291127 0.237537371145082 0.203932014722572 0.347229684225059 0.477328381050842 0.420937644638281 0.400768514008262 0.487980512040436 0.552525060698855 0.335775752430932 0.177511306244654 0.145780062027224 0.131932406054329 0.144405202852512 0.121738121132034 -0.326679532249874 -0.622017477695735 -0.575638294037125 -0.532506071463981
# FDY_1_3:
 -0.0386329315558244 -0.0386329360124248 -0.0386329272848373 -0.0386329268735591 -0.0386329398237467 -0.0386329193451093 -0.0386329275669130 -0.0386329326019947 -0.520496296287908 -0.535860497402238 -0.543768178529777 -0.554914282133912 -0.511123345805259 -0.401056744321146 -0.258113320729104 -0.174057950090735 -0.0442919529339047 -0.0972647558741723 -0.0867602074979300 -0.0592377731516757 -0.0104698527746027 0.0519953010881416 0.0701504819966957 0.0528774524757381 0.0651253254238683 0.178999521437974 -0.0386329399727911 -0.0386329421027264 0.259769290444569 0.339204837565858 0.401842826240975 -0.0386329340686632 0.504956192680702 -0.0386329409531882 -0.0386329353915623 0.444978287460713 0.293026999081054 0.262872771216746 0.220227518008650 0.355401005086288 0.495563069337490 0.425459172680201 0.400634092070716 0.493920872264408 0.558503366433098 -0.0386329531111943 0.175105772228326 -0.0386329451383888 0.127227300436583 0.138407180348949 0.116856374721143 -0.326181544006986 -0.621282934773219 -0.575231495225088 -0.533499847388306
# FDY_1_4:
 -0.0359856594334771 -0.0359856612249232 -0.0359856646146668 -0.0359856587564374 -0.0359856715238689 -0.0359856582797369 -0.0359856648213131 -0.0359856653090189 -0.515467306444111 -0.554450308661852 -0.0359856647336880 -0.579668287035155 -0.473405480464449 -0.369373185933105 -0.269824109737944 -0.171401742808375 0.0175942525582042 -0.0709594554855209 -0.0428118432189877 -0.0417081278407941 -0.00779587367088410 0.0529713513707832 0.0463177394951086 0.0379737295656539 0.0948863344059549 0.215113454223507 0.218050886947941 0.275334583972091 0.293161289249674 0.389960855401347 -0.0359856622902462 0.385998123890767 0.356107212565686 0.415999403648940 0.522548784280616 0.265048845617972 0.226207288949561 0.254155061061167 0.283163194816313 0.365200201784217 0.255682023827145 0.261176159661040 0.256270459027393 0.288407312951421 0.188698052344064 0.0414696943786719 -0.0128948655094441 -0.0296771664320705 -0.0432822104798805 -0.0404134752568182 -0.343982368353866 -0.557532695623469 -0.542045425810838 -0.477221934648788 -0.503723801591512
# FDY_2_1:
 0.154221446826587 0.0644999672297817 0.0800572229712873 0.0570541344884155 0.0244238133926778 0.00165524627884445 -0.0233271137386261 -0.0231208629937369 -0.0491608292963454 -0.0427703590213446 -0.0533922694636976 -0.0398967252472206 0.0137146247369624 0.0513150193390595 0.0966173466955725 0.164064555867375 0.296194035638808 0.197548460155473 0.157726961604541 0.145332159544563 0.155804925109583 0.0978959520054033 0.101784000033847 0.0919408509340643 0.0402747087638225 0.0161405246986167 -0.00512362517585657 -0.0100081477973730 -0.0840499767982936 -0.0827065218046478 -0.128835859457455 -0.123522635351612 -0.150957599362700 -0.110132278448093 -0.0344437603836147 -0.0373519977221312 -0.0963653967566657 -0.0995084789753755 -0.129283288144152 -0.177431085763668 -0.203812816040169 -0.233693411847331 -0.220467806213871 -0.122501067926452 -0.0364389507039661 -0.0741195236840765 -0.0634183181119047 -0.0376004570206496 0.0537500923981154 0.115799295671247 0.0919950417184113 0.0833669018629775 0.0798566074024297 0.0648865303815805 -0.00447926249901481
# FDY_2_2:
 0.378848080066680 0.216502381165806 0.235729748731843 0.175277999084049 0.0966864576222578 0.0530787763553601 0.0760712059869912 0.0971836169546613 0.100218283093613 -0.0625813272250553 0.204734519247243 0.215710038466665 0.343573571674337 0.358715773479151 0.382809537237200 0.387929917583359 0.469089159003613 0.327713199675746 0.302784080274652 0.279384888058456 0.293701646448055 0.174966495890300 0.142985568664597 0.102221462894671 0.0228620716243903 -0.106841945245664 -0.134670908808746 -0.155673814693191 -0.289132938521288 -0.272522812912277 -0.368578213847683 -0.331802270810424 -0.269832201110844 -0.228262457376773 -0.205987677150153 -0.192970542082220 -0.246335710008552 -0.295375281510031 -0.380860234017723 -0.459824646635374 -0.542824723083741 -0.463909644139060 -0.360480830178274 -0.436995927410230 -0.422213478460660 -0.381878253678338 -0.272380244887558 -0.0698362007130614 0.188132835696420 0.225336443869697 0.232455941242505 0.237872352219189 0.220759153872568 0.195200385759823 0.213236692563023
# FDY_2_3:
 0.150911350080160 0.0748657140793741 0.116463712687362 0.0500171816144082 0.00229023381989966 -0.0264787226525379 0.0741450573929220 0.127143174146053 0.182187637156033 0.0687422373076510 0.213689468626754 0.214082824020311 0.271157925146201 0.291154874102017 0.337181417875806 0.379208841204448 0.434456901871167 0.385237592016007 0.362040144468953 0.337283409081363 0.292258604628354 0.195208435415916 0.143874652614380 0.125633517428179 0.0577416731211969 -0.0609180098789911 -0.191583398008436 -0.234903883375282 -0.329517328417035 -0.289971356029577 -0.322141878770868 -0.280824015299584 -0.227786959940416 -0.225241779573644 -0.204430690505446 -0.187723209000910 -0.193539130912961 -0.296336242396459 -0.406611798827195 -0.551419978125523 -0.497021592938940 -0.378903274600751 -0.447435833342030 -0.528339888910193 -0.497111376228263 -0.411883329417592 -0.156406439618629 0.190336359684820 0.283660047129656 0.328352355940624 0.323206767989403 0.254749731207684 0.212686656485702 0.206581912472173 0.259979705956286
# FDY_2_4:
 0.363524943762239 0.364924993186677 0.356743435989446 0.274661130500221 0.224284507151905 0.217413769559971 0.301664461637253 0.317400573773041 0.311805650911299 0.238527762921863 0.312588809732300 0.319166637644045 0.366791107312446 0.375400445796474 0.392398396576319 0.391478758632767 0.414585848462193 0.293212454462921 0.286347731344092 0.260246333998175 0.219694909401579 0.136330588875922 0.114767652167876 0.109668011202253 0.0593070323655943 -0.0619990660087443 -0.135415333983537 -0.293236025219447 -0.379160803644131 -0.393097092349142 -0.379107601698145 -0.317387822032222 -0.305396206374131 -0.313719407785022 -0.307749049449765 -0.301683986461690 -0.276877585627865 -0.331936366568887 -0.506993821574846 -0.591495218368751 -0.540138192750644 -0.388770342189710 -0.293136150046455 -0.343546039957780 -0.508470973855857 -0.487361272372890 -0.244060556590038 0.0856685192008239 0.161179820299477 0.166531462729458 0.135915140719372 0.0669267878772982 0.0151101073778223 -0.00982390714388868 0.0562950364804654
# FDY_3_1:
 0.00000000000000 0.00000000000000 0.00000000000000 0.00000000000000 0.00000000000000 0.00000000000000 0.00000000000000 0.00000000000000 0.00000000000000 0.00000000000000 0.00000000000000 0.00000000000000 0.00000000000000 0.00000000000000 0.00000000000000 0.00000000000000 0.00000000000000 0.00000000000000 0.00000000000000 0.00000000000000 0.00000000000000 0.00000000000000 0.00000000000000 0.00000000000000 0.00000000000000 0.00000000000000 0.00000000000000 0.00000000000000 0.00000000000000 0.00000000000000 0.00000000000000 0.00000000000000 0.00000000000000 0.00000000000000 0.00000000000000 0.00000000000000 0.00000000000000 0.00000000000000 0.00000000000000 0.00000000000000 0.00000000000000 0.00000000000000 0.00000000000000 0.00000000000000 0.00000000000000 0.00000000000000 0.00000000000000 0.00000000000000 0.00000000000000 0.00000000000000 0.00000000000000 0.00000000000000 0.00000000000000 0.00000000000000 0.00000000000000
# FDY_3_2:
 0.00000000000000 0.00000000000000 0.00000000000000 0.00000000000000 0.00000000000000 0.00000000000000 0.00000000000000 0.00000000000000 0.00000000000000 0.00000000000000 0.00000000000000 0.00000000000000 0.00000000000000 0.00000000000000 0.00000000000000 0.00000000000000 0.00000000000000 0.00000000000000 0.00000000000000 0.00000000000000 0.00000000000000 0.00000000000000 0.00000000000000 0.00000000000000 0.00000000000000 0.00000000000000 0.00000000000000 0.00000000000000 0.00000000000000 0.00000000000000 0.00000000000000 0.00000000000000 0.00000000000000 0.00000000000000 0.00000000000000 0.00000000000000 0.00000000000000 0.00000000000000 0.00000000000000 0.00000000000000 0.00000000000000 0.00000000000000 0.00000000000000 0.00000000000000 0.00000000000000 0.00000000000000 0.00000000000000 0.00000000000000 0.00000000000000 0.00000000000000 0.00000000000000 0.00000000000000 0.00000000000000 0.00000000000000 0.00000000000000
# FDY_3_3:
 -0.423311201241248 -0.498805309091935 -0.518460272405410 -0.559940120508850 -0.589882402236308 -0.615232001142831 -0.606080866162021 -0.621033471665011 -0.649906899507344 -0.695721161987326 -0.661309422971868 -0.670658830933107 -0.591294532681130 -0.462878930106607 -0.366494032241887 -0.322234190327365 -0.191082843943910 -0.134635806071716 -0.0884030396942685 -0.0562938769738952 -0.0258819105279648 -0.000936989826145488 0.00913123370611429 0.0353332749393121 0.0537897554795335 0.170844663250959 0.226560771934191 0.277824641497850 0.320911854958127 0.390473116715302 0.387859445814179 0.465931818879782 0.490144880912050 0.496284175770535 0.526858558588103 0.533188483488350 0.513455561213318 0.411658505666660 0.497051607952719 0.487313741395748 0.322826814185018 0.311418113561407 0.467320454049657 0.441093198217786 0.379614569274436 0.316267015140977 0.183712648741033 0.210680510579479 0.279547300567706 0.271795008757587 0.0729692952339749 -0.0411254663367175 -0.0352165142653226 -0.0327271419726444 -0.0923137856490627
# FDY_3_4:
 -0.252364343620781 -0.313951416996237 -0.343328049043889 -0.377765536224467 -0.403194486275831 -0.396587255258378 -0.380302551322880 -0.383987643372923 -0.388262116421539 -0.397805770539804 -0.416903882251175 -0.377893740566170 -0.315654658832429 -0.245531630258112 -0.141719445052092 -0.0954609337959587 0.0495317219960267 0.0226394817933999 0.0121451764635776 -0.00578823775555361 0.000556668943101567 -0.00431428726774797 0.00181382145313623 0.0420936539796870 0.0783461677816703 0.0541804600082722 0.112842588511836 0.0501062978282791 0.121949214468202 0.0611986479610842 0.205461634002956 0.194103090348583 0.246224601097201 0.218784112484370 0.244095119127739 0.282977571700553 0.252138005909143 -0.0405738098613495 -0.0405738193293785 0.105797583574130 0.106598299384431 0.239953262828809 0.309506267159773 0.398683422863434 0.219120621282754 0.220270477993218 0.182626976085794 0.338701909062809 0.355837681739247 0.393883779200004 0.216042719001979 0.0127301513292111 -0.0168180003262151 -0.000439307441299842 -0.0117202655502016
# FDY_4_1:
 -0.380158676703064 -0.444576552976125 -0.484009488796065 -0.540986248454784 -0.574351012181811 -0.598478142214861 -0.601006150799060 -0.584961416612221 -0.570490877425800 -0.533304889687284 -0.496187404973898 -0.461527187921985 -0.449503262141131 -0.408598116967002 -0.359092069344416 -0.297854946377164 -0.243152431287023 -0.198214648581042 -0.184386250592907 -0.170341991272582 -0.184170226366582 -0.180321664507784 -0.171384044589893 -0.152415845846870 -0.135523303619257 -0.0855143528786046 -0.0224434102964139 0.0361751400019033 0.0835520905273269 0.134818915520534 0.159013064341512 0.220021898309420 0.236224856114239 0.319056847063616 0.405677570473460 0.491451354547815 0.526145468244768 0.466598371273108 0.404193750645191 0.425679958930963 0.445421288852017 0.362064569407796 0.333921227512633 0.371149458302125 0.367496909519416 0.424551756329466 0.456144084319561 0.326695969341194 0.234679496513300 0.317761815048777 0.353109830162320 0.368735453598481 0.386715463113352 0.409885407257735 0.446012598143605
# FDY_4_2:
 -0.460039922898937 -0.517787616650416 -0.555586309998022 -0.623814448041978 -0.643707148746460 -0.666330860871373 -0.674929731242437 -0.667411702070641 -0.661926043770379 -0.629167173723603 -0.580398712882522 -0.536699653520774 -0.518469496193209 -0.477746792519648 -0.448237005379261 -0.356622801065365 -0.296674720965056 -0.242859421622146 -0.238448088282647 -0.246005005512691 -0.237939410863773 -0.228261585258950 -0.217669204693775 -0.256133598495059 -0.191946126726033 -0.127328973016554 -0.0464197632498454 0.0508336496985504 0.128897980981849 0.197295730127558 0.223953785503803 0.265118346067555 0.296871395706401 0.389963765410139 0.509542612418096 0.580540109742693 0.635144703944486 0.585127345825068 0.516118686837514 0.599564388016891 0.658717296249143 0.461932010353709 0.376263572794863 0.487648194264367 0.531323048465108 0.577080449281804 0.590442147917779 0.343431171021100 0.173070688036972 0.258009978066074 0.300306175410512 0.335459126702077 0.387407044404661 0.418190005349637 0.470307909663143
# FDY_4_3:
 -0.488310028346927 -0.541025995853068 -0.573262452873992 -0.634971471710930 -0.663794697480575 -0.693257946012202 -0.696226187853981 -0.683169945870734 -0.666878578871171 -0.582593353011621 -0.537684873339628 -0.502330119584295 -0.490254478539494 -0.452486988896855 -0.400447924939580 -0.337591322461389 -0.286046308063546 -0.224300401583268 -0.210932153846561 -0.196484802873559 -0.205149392659092 -0.197314886810524 -0.199359033712422 -0.151810073807678 -0.146054688217575 -0.0708371452236944 0.00105176702235624 0.0914548581270829 0.109291252631064 0.202074659045119 0.205996586457697 0.282402299262627 0.326412532546686 0.412700751211952 0.572388441774414 0.677720915676878 0.656246274610726 0.555325377846310 0.619047936958725 0.665374788545752 0.530729371288266 0.464886641044669 0.547598125079989 0.385999873882379 0.429247551627797 0.432360114628552 0.225059978522769 0.108719425799417 0.189188966321131 0.264997286317641 0.314414420802205 0.346435125039359 0.376925461945330 0.412410496667727 0.426113971759743
# FDY_4_4:
 -0.467737363383213 -0.520716130929551 -0.551794474856894 -0.614982326154535 -0.645869690633715 -0.673401806857855 -0.676483200236094 -0.669593189682793 -0.642273286609523 -0.559226062635534 -0.521774144542345 -0.480051182213631 -0.468963185105688 -0.432065948111200 -0.380926672470830 -0.318883646943881 -0.269223687405099 -0.206351862068438 -0.192203462592767 -0.178559965275347 -0.184949439578964 -0.182312921992193 -0.186729539166954 -0.135776648012764 -0.133951971332540 -0.0667111755691365 0.000610557481154863 0.0851750275561394 0.0971242274068945 0.190679684425479 0.193469490341682 0.273491319916629 0.320757946703596 0.404850757141962 0.546588383233403 0.660393185287243 0.625350399167685 0.529184601162107 0.580548049562662 0.611846196313345 0.483502625192557 0.427154026837454 0.514634661085616 0.344908724005844 0.385800510228745 0.394140467601910 0.203039816091786 0.114367286330337 0.199576024732236 0.274067128777342 0.325980460314161 0.354357654724925 0.377880521440832 0.415257319802094 0.426775931495662
# FDY_5_1:
 0.00666014940548338 0.00666015457030395 0.00666013876244048 0.00666015364106859 0.00666014773424156 0.00666014795452758 0.00666014628876227 0.00666015899360567 0.579997965466776 0.00666016013429677 0.00666014617573446 0.00666015786468472 0.00666015023859562 0.00666015296848749 0.00666014713870994 0.00666016119590890 0.575516284437138 0.00666015106140233 0.00666015825511196 0.00666016338943071 0.00666015606063980 0.397477085758029 0.325317714812766 0.274749432618321 0.210102057004920 0.109289978641047 0.0178699741374088 -0.107925392394831 -0.247724485268159 -0.227933263091722 -0.280155876206977 0.00666015740190823 0.00666015787649660 0.00666015535740322 -0.133196643866566 -0.122345535624004 -0.154063519413572 -0.221599541458311 0.00666014706406476 0.00666016264241759 -0.505956740123621 0.00666016190478630 -0.240077853585837 -0.342106082143838 -0.374475382413225 -0.269509998121284 0.00666016101720918 0.00666015077068999 0.00666015219307043 0.00666014718178126 0.00666016231054795 0.00666015657788916 0.00666014073946703 0.00666014882299288 0.516964757141382
# FDY_5_2:
 -0.171998849052440 -0.236268659438711 0.0369301328647455 -0.275917183792748 0.0369301415101108 0.0369301413419893 0.0369301460630155 0.0369301413214226 0.174509652994814 0.0369301411768929 0.294437415524210 0.269672772139539 0.0369301359578748 0.174274953425507 0.154135435391745 0.0369301442470646 0.0923874968050994 0.100274261798589 0.0369301451387620 0.0369301405184552 0.0369301464034330 0.0369301419312157 0.0369301399776211 0.0369301359695837 0.0369301407097075 0.0369301312138936 0.0369301376121862 0.0369301414180609 -0.776378714456661 0.0369301484289123 0.0369301399948678 0.0369301407907582 0.0369301607149219 0.0369301453681269 -0.678236441665472 0.0369301471691290 -0.671958167798916 0.0369301403718666 0.0369301438829807 0.0369301799482240 0.0369301442892753 0.0369301421281507 0.0369301364437075 0.0369301413650908 0.0369301463305047 0.0369301424966461 0.0369301437042002 0.0369301447885870 0.0369301543304387 0.0369301440397975 0.0369301500933623 0.0369301430530588 0.0369301413055322 0.0369301431420472 0.0369301385692233
# FDY_5_3:
 0.0848449812503888 0.0147354737355546 -0.431696887515543 -0.0876312002957756 -0.112192510180625 -0.107127777769558 -0.0351179809310632 0.0358862807153732 0.124034489163945 0.334552364091610 0.323104609319832 0.352534130707137 0.278014943083524 0.279918509598732 0.284403317889676 0.287937125326759 0.242821819802399 0.243157260342781 0.262335761860018 0.172908494403312 0.0313745377279630 0.115851198967808 0.0313745376049423 0.0313745318798596 0.0313745336118031 0.0313745336664483 -0.0501405638198032 -0.124936219420038 -0.281840777703041 -0.238719393390628 -0.369582308042284 -0.341358260723388 -0.272909277737235 -0.196617183079526 -0.193819189860490 -0.120934596681881 -0.204651382714041 -0.285653887955281 -0.271247435674257 -0.358214641381415 -0.534934838016280 -0.426532307101521 -0.274860670088204 -0.388225306451705 -0.315486220713563 -0.214941813027584 -0.305429279505278 -0.0956986476090203 0.492605661885006 0.533880281416253 0.558119323022558 0.462482868703364 0.349172294346906 0.364310761179503 0.286015932085577
# FDY_5_4:
 -0.00846449775062202 -0.519989558250897 -0.533813334546806 -0.00846449529832498 -0.00846449849476632 -0.00846450891024191 -0.00846448892330092 -0.00846450060058672 -0.00846450618423138 -0.00846449874920101 -0.00846449083189953 -0.00846450849672025 -0.00846450728499619 -0.341774204927926 -0.00846450706937223 -0.155692291321037 -0.00846449604603976 -0.166714179201031 -0.00846449573096202 -0.0919316158995906 -0.152403739580443 -0.151697937480165 -0.192820294238023 -0.129076794574658 -0.151554903213084 -0.0793836301545880 0.00664164269184837 0.0848932166427102 -0.0967519490745578 0.0201501603322943 -0.0680860388209953 0.0498335700784499 0.0484926200150602 0.205129662526259 0.339711609972092 0.479987232304465 0.124941328889358 0.0910389893573421 0.318581497991046 0.245418923475087 -0.154448975127614 -0.230414903592453 -0.0495152413455723 -0.130247993036584 0.162372191188923 0.148468373877956 -0.405421487677398 -0.427533554853067 0.174236610485052 0.235143763427738 0.314625329925638 0.341481397925312 0.323761387006435 0.361611470878587 0.271254648296100
# FDY_6_1:
 0.0143512050158717 0.0143511992044191 0.0143512035720524 0.0143512053228031 0.0143512129262037 0.0143512051799343 0.191710307097140 0.280123527506725 0.0143512137111793 0.501510613512912 0.0143512119627690 0.468866079262509 0.0143512050984972 0.0143512041948769 0.0143512153393738 0.357949831327429 0.361309216683816 0.0143512062679972 0.0143512064611050 0.276095943478647 0.0143512089517171 0.0143512235738722 0.0143512200957886 0.0143512092240620 -0.186501934116389 -0.269563878876140 -0.365998757226379 -0.416092388479809 -0.460780616712067 -0.395004091421622 -0.423034826349084 0.0143512029469507 0.0143512146978754 0.0143511999388396 0.0143512223649574 -0.294046089376026 -0.420456058681707 0.0143512179363524 0.0143512219521925 -0.519647040357688 -0.511468946347419 -0.511555282726228 -0.594306223721199 -0.598857474766623 -0.322283380331884 0.0143512037899937 -0.0553347823902902 0.211958726436959 0.496029717592703 0.528974540996637 0.479004914747129 0.428049220979246 0.436698432359580 0.448564201399999 0.533657458769438
# FDY_6_2:
 0.193476868580959 0.0216685818101338 0.100613896910868 0.0746561605720903 0.0802065669856353 0.369042154731433 0.425053208831384 0.491369802987293 0.468152911803988 0.553137251581969 0.499007824023052 0.551942214327260 0.415778348721741 0.407313482787738 0.399791857062510 0.318109104409304 0.347725151992547 0.384288407967876 0.316129581912194 0.214202624756753 0.180102265440032 -0.0235676592960297 -0.152279421213354 -0.0781691234202069 -0.368550118349520 -0.482032465203244 -0.529664007813439 -0.438808062288258 -0.542870389146196 -0.496259403826160 -0.520584174454633 -0.640390081833269 -0.687377589298678 -0.524030045743258 -0.408217654922514 -0.496530158439470 -0.640986405164817 -0.657695002429584 -0.593678500733283 -0.544596858772409 -0.552592719637243 -0.701584044959766 -0.629956582819695 -0.513739199336612 -0.145710256449779 0.00121612029991830 0.139596140367517 0.367791854996387 0.555895325735712 0.551037016874534 0.518885192534139 0.508836484312077 0.556224616939364 0.617503162945451 0.741115742349554
# FDY_6_3:
 -0.107094646341234 -0.117449162437183 0.0883395806824934 0.0652745497778476 0.167719332436983 0.319829101693292 0.255143848576128 0.324278116658394 0.418225297221444 0.649490627410551 0.591672711379401 0.434325553027384 0.235752307617527 0.372759265711655 0.370316986564395 0.369846135286746 0.399467389334100 0.268532102109351 0.277383890172384 0.188519350920193 0.143532565201971 0.0344296953079589 -0.0896154111513249 -0.194697530153472 -0.353962537861588 -0.479205774592357 -0.558881305865512 -0.536107796965842 -0.590208394523998 -0.444135026706787 -0.504704410719350 -0.537277123749512 -0.554432470627255 -0.428238289444664 -0.360396618329848 -0.409153935018190 -0.491440452309772 -0.514319586324980 -0.508990056429361 -0.558091151051397 -0.539500543280173 -0.543068677433929 -0.512102712940886 -0.437341289134607 -0.272180121747324 -0.144628696449950 0.151404051011428 0.523418682969662 0.599958617662523 0.597096317136136 0.557271014572786 0.526078154255492 0.554375838717535 0.586897597629472 0.715885040545264
# FDY_6_4:
 0.105074856050313 0.0793690496218993 -0.0769810429832294 0.0327299672374127 0.141482554724981 0.303393235083683 0.325649150559774 0.451309371880746 0.578632264864825 0.549082060427887 0.595255744782677 0.468219065470763 0.416928054152025 0.387460263482731 0.367977402166894 0.374522402633754 0.345843854073616 0.355844412490208 0.267713952413545 0.254077702681674 0.0564934096693639 0.0513762187439371 -0.0762650602962162 -0.363761343481250 -0.663859544478415 -0.541395684048064 -0.552685773479020 -0.612975255405471 -0.591067610715624 -0.547294259761821 -0.623624128249071 -0.532730272197795 -0.468052923356204 -0.393999784527421 -0.276653444315769 -0.451728559906129 -0.555602388178668 -0.533352030998961 -0.504439021371646 -0.514167164503709 -0.528066345126795 -0.587088667959693 -0.512837037851816 -0.444159422618476 -0.295141839197376 -0.166864843318935 0.164492352137466 0.567570383966774 0.607319920877601 0.612103327049884 0.567005113677577 0.533309220712961 0.536662645072267 0.589329033984334 0.728566457636000
# FDY_7_1:
 -0.830117656378206 -0.885410498067111 -0.922095012018491 -0.968705076176051 -0.992986858559887 -1.02065028755027 -1.03221233118884 -1.00393813502734 -0.967184439368301 -0.922539559492700 -0.893967896255196 -0.858579250670562 -0.814289552596320 -0.771232405840507 -0.738070851836386 -0.685125536531426 -0.624664677145801 -0.559785916349408 -0.499677654297722 -0.485875632121223 -0.449717810863447 -0.420752597191018 -0.428623438108587 -0.372758734034694 -0.330055688359935 -0.263447929091145 -0.166099307324251 -0.0416030055406607 0.163394699880353 0.269736707232939 0.760997123552498 0.861343490495446 0.993622539374435 1.03596851473858 1.33037940578822 1.40832058930648 1.43347368024577 1.49228909982128 1.77299085418398 1.47593288297054 1.53054526773808 1.22256219814250 2.00248017861306 1.06686159569798 0.251488030525887 0.0303860100408241 -0.0258195274060125 -0.0250880228608291 -0.0612007331513952 -0.0699296400105203 -0.0344610897359355 -0.0217014395245068 -0.00594689017773406 0.0242813930995069 0.0672608194040540
# FDY_7_2:
 -0.714374979501254 -0.768528201110927 -0.803045449162096 -0.856882575186099 -0.886970585284112 -0.918443742313123 -0.921193438390409 -0.903056993109830 -0.872475696494893 -0.831902183420089 -0.787665104452826 -0.747021694003949 -0.724092299902167 -0.684488084977099 -0.640031211269384 -0.574989612740143 -0.514554903241418 -0.453036102862185 -0.419872015746035 -0.397336660685058 -0.386916747810228 -0.375517736524857 -0.376516613013417 -0.324904446056440 -0.289876876586341 -0.218920214015627 -0.119087489799961 -0.00717420637377722 0.131191093514178 0.237291944384384 0.425497564440536 0.505748962527382 0.540108991605977 0.655422290104657 0.897449026947797 1.10837137942940 1.22995452670753 1.07145394010501 1.19332085748221 1.42709984634676 1.42158798269997 1.24127337055848 1.97620318530678 0.770509260273773 0.374204859003720 0.271417771863309 0.239570532441153 0.0660708549457944 -0.0441539475706363 0.0245575353727845 0.0722920713263426 0.0989479835954117 0.148809878106612 0.184950930127171 0.249723172387256
# FDY_7_3:
 -0.794511327744296 -0.842387703952565 -0.869642919639050 -0.921944074300041 -0.953091094794156 -0.987797148757163 -0.977871896162906 -0.952768922987833 -0.916228395506999 -0.858079325735371 -0.821099197537398 -0.768562788768695 -0.760020571401708 -0.723358850266201 -0.686458360870545 -0.613004686173813 -0.549928373975050 -0.482906459075837 -0.459566837860782 -0.432571614369766 -0.417015676233233 -0.410434488687650 -0.416607100925617 -0.337238335106002 -0.319198967551180 -0.258835903128491 -0.149208636517671 -0.0246809922662473 0.0810219074282076 0.363112852531896 0.513004067376085 0.694804005827875 0.635815251428853 0.819708628878047 1.10483454939524 1.27405909539487 1.48139913300638 1.76102213886991 1.66167950191562 1.78160848163649 1.65169990369278 1.25635792782876 1.69104182365690 0.397657960100582 0.101971655892112 0.00585493748369776 0.0222123384972723 -0.0315400064261964 -0.0809437560029783 -0.0115972393678121 0.0455020655421181 0.0549547307046684 0.105577949816809 0.131747925000858 0.192452820187229
# FDY_7_4:
 -0.906791582833258 -0.947649939066452 -0.969771219597618 -1.02324754769875 -1.05103183535744 -1.09032829798284 -1.07611682296751 -1.04494034383372 -1.00655415085060 -0.942292671238783 -0.901784571297260 -0.841748775356693 -0.841312086817884 -0.814380936327806 -0.779281624978324 -0.706279251739870 -0.640214920300837 -0.543632752312598 -0.531973417563111 -0.487547897798720 -0.465545651058516 -0.463079879187030 -0.454407232352099 -0.364211774160369 -0.351908901014574 -0.274853783857978 -0.160769939833097 0.0539493195883608 0.151615492996693 0.697474684071956 0.789402918804329 1.06903301693650 0.987605822829898 1.28998456340159 1.37258682455655 1.50443078510969 1.75247459905058 2.52587368717698 1.97228380154139 2.06316445645945 1.74725511417237 1.12460067114706 1.45599593319807 0.185614409456982 -0.111726953586489 -0.192148940980886 -0.150352845503127 -0.163289097037936 -0.207206136999634 -0.132787707535824 -0.0763428358087876 -0.0604586186092459 -0.0253231022330584 -0.00102795783598501 0.0589759030162738
