# Number of parameters = 1827 Objective function value = 7965.64006053048  Maximum gradient component = 0.00396069181317332
# lnR0:
 12.8656055245001 14.1442587875053 11.4761340197403 11.2269747253571
# selpar:
 1.37032402301427 0.861935356789401 -4.36930709245456
 2.40667821487811 1.06670611567046 -4.18552138359491
 0.690181296789688 -0.882284355675917 -1.95225997375848
 0.181753404149299 -0.295909562956883 -1.85527841903068
 2.22250364886668 -0.156693983890386 0.0172705561278486
 -0.849656865472880 -1.28629568235149 0.915726267888008
 1.45055952747907 0.241223555521191 -3.26076346208022
 1.32244749164930 0.562606920282070 -2.09878178356238
 1.85569520101514 1.06469493942524 0.389809893609386
 0.188789542599723 -2.00893411239647 -0.708036168150518
 -1.62128964526106 -2.30475601656132 1.47903674438216
 0.394258232469009 -0.0325329277199486 1.10506311798036
 2.24263651902295 0.663451212279405 -3.69773093315276
 -1.91153331848720 -1.45543306006407
 2.88398371351897 -1.95659617666413 -2.92745020510264
 -1.31497615940511 -3.43423307734331 0.692349286787861
 2.48122099179300 1.08418298603294 -4.26771084603224
 0.580528806504804 -0.688419916365298 -0.977208526379158
# movest_p1_a1:
 1.91408771854918 -0.490012711887219 1.66752668538452 -2.72537425432718 0.390952148404139
 1.70996496082687 0.225136886773225 4.30502305416520 1.12106548741949 4.63438829110758
 0.767629095915753 3.59834037751395 0.197934223422036 -5.47195599743818 0.305825141401510
 -0.848396022821853 1.58854603587493 -2.27029140105242 0.867742472732555 -0.681323712309085
# movest_p2_a1:
 0.958310412177239 -0.00279493666994668 -0.147898006636695 -0.116535824661174 -0.131593742105446
 -0.894529704666304 -0.463090261201676 -4.64895719417098 -1.11807524128768 -0.412729674904849
 -1.04443323742614 1.09488546172122 0.815429391246013 -2.26314031870002 0.423873286643332
 -2.69511319600485 -2.06634583051922 -1.63294957549434 -3.97831541445039 0.0501177725070061
# movest_p1_a2:
 -3.79721373026584 -3.16275354993040 -1.17050405502342 -0.598643605464335 -1.57189995371611
 -7.60413551929480 -7.61714818592721 -5.99868139134620 -2.59726585904579 -5.09820121709406
 -1.18366035410330 -2.78138397398595 1.22432986638703 -0.00465190931862391 4.78815679128866
 -3.24680214114256 -4.87690449979053 1.48751609866456 -6.37023480288543 0.647264086236879
# movest_p2_a2:
 2.43524246236331 -3.64726949255671 -4.65136185553104 -4.85486452532444 -4.73843592752664
 -0.574841087220197 -4.54803314895025 -1.76691105035339 -6.74994695684626 -6.62356046627917
 1.71336238624524 -1.16656300736974 -2.15716250981701 -2.90695424318094 -0.960268359502286
 5.50606656767728 0.482432239594640 -0.468983980976846 0.878572134076459 -3.13379268994625
# movest_p1_a3:
 2.74872694643996 -1.54618539920804 2.92464283297915 -1.54020795039166 1.27167109396305
 7.23503365543748 -0.144990128371711 7.99999999216949 0.307152890800893 3.50170497670467
 1.77670409993698 0.0242024385830888 0.887015546149639 0.138984810232930 -4.55980582572190
 5.04057259193132 1.53484782989098 0.830272055313497 7.99999997065855 -5.36333570708869
# movest_p2_a3:
 -3.71398603671436 -3.46124061139338 -3.39731380886914 -3.75391844225002 -3.61755559214345
 -0.880145496918413 -2.74191332618973 -5.53047664558699 -1.90950665252300 -1.97075366538671
 0.993966525007254 2.68674337855495 -2.07337907811794 1.95266207629076 -2.03232788087069
 -1.42993578770283 0.884587112476048 -3.55059305826161 -0.645841908844911 -2.27163105960733
# lnqE:
 -4.35628333040587 -2.78551572586397 -1.90255372713664 -3.17287944797881 -1.19608240472979 -1.32011171698843 -2.18501310753878 -0.416445561522133 -3.97486813771149 -2.20789520597043 -3.59813783959524 -3.01193970294200 -2.69832960355521 -1.08404444362261 -1.59865150532145 -3.31397900640253 -3.87766227341163 -2.46807148487914
# Fmod:
 2.18626830980361 1.26279870287307 -4.80702313256286e-007 -2.61697785571900 0.884006900165965 -1.40267088982976 0.615704962158194 1.76535514756446 1.63750846350998 -4.57163478375021e-007 -1.95252781686335 -0.374455086620376 -0.851760708578728 0.210809774316324 1.34508836895194 0.348229331813585 -1.24297871390538 -1.95159915907692 -1.20859829817463 -1.66903629432592 0.512457649675927 1.59371898276216 0.790295878943448 2.44630323159563 -2.55702197639093 0.556862243343249 -0.875239826822175 0.547459616695418
# visc:
 0.891215612541588 0.737181587405567 1.11061463367285 1.56856608008652
 0.402455221768361 -0.438852734379563 -0.175424144512864 -2.99999932799970
# lnRD1:
 -0.650776710126634 -0.178876004606353 -0.122195291784604 -0.0185392711793464 0.476265148799088 0.0475501262447675 0.131974353679744 0.496793111520722 -0.527079663562897 0.808023775303606 0.104991347246969 -0.568130921535063
# lnRD2:
 0.442407921645393 0.221983874446079 -0.251939498216990 -0.632963556805684 -0.488183297497111 -1.00275776252917 -0.564041727562381 0.00878354370035402 0.421722654939949 0.274035470467384 0.192605778678478 0.836671358884185 0.703857892507355 0.0879715789378032 -0.142341806591657 -0.107812425003992
# lnRD3:
 0.337988604859548 -0.559722002559009 0.645486513912646 -0.339501975307555 -0.0842511409056299
# lnRD4:
 -0.206877049196616 0.0379237787525224 -0.323449922098725 -0.278430871949495 -0.401487668439050 0.0395485972227696 -0.110595785830746 -0.894784137246783 -0.128101252266930 0.182649477918530 -0.299270160461072 0.461619612620056 0.492701168532671 0.260581389714549 0.367054129642874 -0.302983934971797 0.278138677115650 -0.0894073624741918 -0.0870763261285253 0.467772725383094 0.552118570242388 -0.0114088180343841 -0.00623483804678830
# FDY_1_1:
 -0.0397503627762691 -0.0397503560112015 -0.0397503589400302 -0.0397503032672234 -0.0397503253446672 -0.0397503497633983 -0.0397503552403150 -0.904353579120639 -0.919687784613754 -0.938307643601003 -0.988920539460990 -0.931065704506413 -0.806539592963378 -0.720700396664110 -0.600122402053565 -0.342987188187972 -0.235856933086931 -0.146938185912266 -0.154330857220374 -0.144358266420128 -0.148114317584389 -0.0971305536108317 -0.128638748151108 -0.114673335349320 -0.0638335113482781 0.0532800504966834 0.0795757713880959 0.181065805095035 0.251761850080176 0.331171855763117 0.390005577467821 0.469591845321114 0.480939761239140 0.532687572370712 0.637951589396908 0.682007778067411 0.652325425316120 0.541741652666473 0.432021280808820 0.430569933444708 0.461228178184901 0.402234143737338 0.398505302017964 0.357210340032841 0.307837574310504 0.304964688908455 0.307803407904832 0.277783982508289 0.207946940560743 0.186124878810079 0.124132317664981 -0.0282611946216188 -0.164250769670869 -0.267437677106763 -0.357707910965455
# FDY_1_2:
 -0.0320973891057530 -0.495662134551955 -0.0320973816866717 -0.480415865238987 -0.502746097257426 -0.521339711052301 -0.0320973809961130 -0.517837204733732 -0.553962287933232 -0.571247345658716 -0.549829126288619 -0.495597051476289 -0.377431016334202 -0.274191942813281 -0.180627070794283 -0.0359392065107167 0.122776959963088 0.0574876081659792 0.0358251056534710 0.0143847695655916 0.0267044524555759 0.0101919375202410 -0.00189767791307975 0.0101952789249326 0.00399886419318314 0.0891801700749985 0.173447549507757 0.291174823363195 0.299545068290391 0.339652028992273 0.316901405307407 0.371635710257692 0.352815284263388 0.333710536105354 0.381466364983777 0.335799625539927 0.225723478900134 0.188924358890893 0.177249191642225 0.186021221209943 0.208666316074984 0.207711855598306 0.216084893520026 0.261058592203458 0.284816435429495 0.282561623447606 0.270266678467016 0.241320468401432 0.193930107801020 0.126748469528995 0.0318301989852145 -0.0909209423100117 -0.214858490318540 -0.308079580550427 -0.400932529704634
# FDY_1_3:
 -0.0244562042957123 -0.0244560983562880 -0.0244561598721346 -0.0244561712367470 -0.0244561640351361 -0.0244561619195919 -0.0244561838257372 -0.0244561530104829 -0.311699955619784 -0.299619677915618 -0.217015666186302 -0.198588192431387 -0.0899201101000721 0.00758219303989657 0.0640658677714428 0.114628987975745 0.268975909724629 0.160723519024189 0.111602037250578 0.0630522753054542 0.0730810430995777 0.0653863549990147 0.0254059178700897 -0.0105027953208424 -0.0167364284097463 0.0620980299353742 -0.0244561645573033 -0.0244561721613949 0.261366916535824 0.240994469502733 0.191300733248294 -0.0244561407575997 0.183993406587647 -0.0244561454353069 -0.0244561784883800 0.0572618269485397 -0.0467327767340301 -0.0398947591012841 -0.0358710757161008 -0.0252013203948686 0.0225479595158763 0.0370192096318490 0.0793974169661376 0.199546539626951 0.241206622768412 -0.0244561679897683 0.201304455207541 -0.0244561472322392 0.151852275039482 0.0602080829738453 -0.0433957755019728 -0.167165798921201 -0.279605129878009 -0.361577449382615 -0.434232725761468
# FDY_1_4:
 -0.0289767216319335 -0.0289766936693776 -0.0289766793138875 -0.0289767026164359 -0.0289767268769690 -0.0289767176291487 -0.0289766996992849 -0.0289767232159411 -0.536802974344824 -0.482571610066059 -0.0289767050627279 -0.409083766047987 -0.316621356075137 -0.252890399360695 -0.150029865351252 -0.0546693181677305 0.141619445052853 0.0526631329976603 0.0272665510816598 -0.0146731123088651 -0.00297805478143913 -0.00830524662412339 -0.0461362548296527 -0.0992699557808066 -0.0545074746659667 0.0852794903864464 0.175092245798653 0.315241849585899 0.235756382676784 0.189622651418427 -0.0289767283479612 0.203161121531048 0.222387927042544 0.301804357061187 0.296555209808008 0.0692152368049607 0.0398630908441171 0.0833322241245864 0.0661847199083713 0.108677699676756 0.0750844976243088 0.110805821622851 0.151393304291078 0.221272643931945 0.201992614133199 0.127851664513147 0.174565133757541 0.217286771637754 0.159274828471756 0.0906372640024462 -0.0772327412916272 -0.257900856155840 -0.327696896747564 -0.362769112876566 -0.399981786246186
# FDY_2_1:
 0.128554632591838 0.0468455531695126 0.0655346717261208 0.0545221655839615 0.0208433871302928 -0.00969313748222298 -0.0186225114529904 -0.0198108957190858 -0.0582955806417310 -0.0792618933003522 -0.0599265224928015 -0.0374152896073255 0.0121937917727179 0.0603284832973662 0.119959321834392 0.182889509381248 0.330976952612280 0.179115780366086 0.124692441135461 0.135357136232870 0.147787246586765 0.0707272890556435 0.0596017026402102 0.0518113062596623 0.0304731865653846 0.0419599982166496 0.0690708997421842 -0.0182421463409895 -0.0314260180255076 0.0798684051816498 0.0903199843069315 0.201389995105088 0.0253140915820559 -0.0379299399642582 -0.0164723756035624 -0.0315175957147900 -0.0259889088673143 -0.0100242754746086 -0.00540907643907982 -0.0213155188802233 -0.0516697157641778 -0.0589490878666240 -0.0131906787765651 0.0340480916471590 0.104869518771396 0.149093140016604 0.0657667515635335 0.0612765778002990 -0.0395351267437963 -0.164210705385855 -0.222939987571064 -0.288651728099386 -0.359628411055114 -0.424788522043194 -0.640276362562744
# FDY_2_2:
 0.169954023334247 0.00180726557405185 0.0267983517271925 -0.0251747535643824 -0.0870422744182192 -0.139900174202715 -0.147535047646685 -0.138489204295993 -0.175468389531444 -0.523483148548279 -0.150699684617169 -0.112470206351529 -0.0248426867920967 0.0248170080419560 0.0909596676318162 0.142486188673753 0.246318704232201 0.130513042556602 0.0874494887441476 0.0927023230738991 0.124272675832103 0.0533047411755704 0.0365236464439106 0.0327617664665530 -0.0248426543002297 -0.00685404522967760 0.108402758118568 0.192492604875682 0.116381962937478 0.263835716135531 0.247200938252914 0.314432074367257 0.132008508993209 0.0251640882834189 0.0204428021218791 -0.00275323644208760 -0.0458302446660134 -0.0992132000172560 -0.111670525779118 -0.128090564438320 -0.146422908563848 -0.119135940327939 -0.0921721044102785 -0.0720330240938926 0.0976932457108476 0.212413048558907 0.227548176720167 0.189048479260966 0.120338935903922 0.0431339242932543 -0.0175954331341891 -0.0997391379243756 -0.210012032332437 -0.334584833328883 -0.535150703084943
# FDY_2_3:
 -0.186695384619699 -0.254956436908561 -0.213240968302571 -0.266964034608602 -0.303185948635778 -0.334270961749102 -0.283203397682230 -0.275303435585015 -0.319831240485385 -0.388540330561774 -0.224332977866862 -0.189928386776798 -0.0801670841555471 -0.0147070444826930 0.0688675920188603 0.143359837286418 0.227089417938657 0.161789826900530 0.179549636043896 0.174244130798014 0.175807081349898 0.115662981624458 0.0682163260374799 0.0848915647733245 0.107519120603680 0.184468633731084 0.115094798128384 0.223517669541820 0.266516743502990 0.384558826268477 0.413503381974879 0.154687256449521 0.0567121423488125 0.0415113973298699 0.0681143654717295 0.138854797826218 0.108332563529574 0.112821412310446 0.112045248646741 0.0263758136430396 0.0354858169823548 0.0545833252830891 -0.0358976402979326 0.0450205302028441 0.220922754623529 0.230878074942298 0.204170193524646 0.0979758948103730 0.0325271359064724 0.0221507197875216 -0.0426183980337254 -0.147187615261821 -0.246811498714197 -0.447967123936617 -0.602017103477019
# FDY_2_4:
 0.118182698379587 0.112318429397905 0.118146936651807 0.0542696585498388 0.0187836245283726 0.0155103215948685 0.0396681544830284 -0.00949927808901614 -0.103468467964226 -0.119273305417976 -0.0229570251518054 0.00161677079553306 0.0766902255388274 0.116109223630275 0.168272912727271 0.195490397486329 0.216329439924965 0.101387077320320 0.134595550504731 0.118642775423053 0.0888416159100003 0.00521890937563944 0.00819496372710886 0.0269450599868209 0.102266284194934 0.177610744696449 0.140199257286409 0.116850565767989 0.216523551666278 0.287291139120742 0.363583295503529 0.0432335751197371 -0.122287805333348 -0.137061323259229 -0.131933714856225 -0.0516882276296075 -0.0546723754932290 0.00517567654604938 -0.0217653673399769 -0.0487600851377911 -0.0466509981840208 0.00688969943373467 0.0835359188503025 0.150687724991836 0.205689426687580 0.133169483709054 0.101814481217855 -0.0502227593274997 -0.137502272785285 -0.169973457281042 -0.249522684857580 -0.347083591140780 -0.461095217105753 -0.725595868613448 -0.858721745760919
# FDY_3_1:
 0.00000000000000 0.00000000000000 0.00000000000000 0.00000000000000 0.00000000000000 0.00000000000000 0.00000000000000 0.00000000000000 0.00000000000000 0.00000000000000 0.00000000000000 0.00000000000000 0.00000000000000 0.00000000000000 0.00000000000000 0.00000000000000 0.00000000000000 0.00000000000000 0.00000000000000 0.00000000000000 0.00000000000000 0.00000000000000 0.00000000000000 0.00000000000000 0.00000000000000 0.00000000000000 0.00000000000000 0.00000000000000 0.00000000000000 0.00000000000000 0.00000000000000 0.00000000000000 0.00000000000000 0.00000000000000 0.00000000000000 0.00000000000000 0.00000000000000 0.00000000000000 0.00000000000000 0.00000000000000 0.00000000000000 0.00000000000000 0.00000000000000 0.00000000000000 0.00000000000000 0.00000000000000 0.00000000000000 0.00000000000000 0.00000000000000 0.00000000000000 0.00000000000000 0.00000000000000 0.00000000000000 0.00000000000000 0.00000000000000
# FDY_3_2:
 0.00000000000000 0.00000000000000 0.00000000000000 0.00000000000000 0.00000000000000 0.00000000000000 0.00000000000000 0.00000000000000 0.00000000000000 0.00000000000000 0.00000000000000 0.00000000000000 0.00000000000000 0.00000000000000 0.00000000000000 0.00000000000000 0.00000000000000 0.00000000000000 0.00000000000000 0.00000000000000 0.00000000000000 0.00000000000000 0.00000000000000 0.00000000000000 0.00000000000000 0.00000000000000 0.00000000000000 0.00000000000000 0.00000000000000 0.00000000000000 0.00000000000000 0.00000000000000 0.00000000000000 0.00000000000000 0.00000000000000 0.00000000000000 0.00000000000000 0.00000000000000 0.00000000000000 0.00000000000000 0.00000000000000 0.00000000000000 0.00000000000000 0.00000000000000 0.00000000000000 0.00000000000000 0.00000000000000 0.00000000000000 0.00000000000000 0.00000000000000 0.00000000000000 0.00000000000000 0.00000000000000 0.00000000000000 0.00000000000000
# FDY_3_3:
 -0.428440377569122 -0.494006287327220 -0.486840029935564 -0.506099674803682 -0.518875724045922 -0.524087564863261 -0.500807706167077 -0.511991862562791 -0.526001688757762 -0.548604689233497 -0.479785802505494 -0.437895600994769 -0.334258825544141 -0.207366761903315 -0.0738929447182966 0.0309341068539168 0.191651710069806 0.198280968802286 0.231274094985027 0.261624194410356 0.224316322142871 0.146938275898693 0.152078714021271 0.188799586304285 0.156495009015406 0.152527168039768 -0.0201872980818226 0.0749529104760824 0.167263918672511 0.245042050629354 0.330754285821577 0.297226649226826 0.350833426378011 0.395231957517342 0.442600722542994 0.484208440980249 0.491071990049157 0.405426101322008 0.393635515727154 0.358290901694798 0.191448371399646 0.152850545474026 0.191227056406695 0.176830893149760 0.184723326223789 0.159397203376937 0.0435558846004802 0.0445043747159858 -0.0514136121338276 -0.0343556482128611 -0.0820335921487756 -0.120632750211372 -0.110805351613187 -0.215078735092364 -0.302534148502943
# FDY_3_4:
 -0.231576319517713 -0.265367734311250 -0.270385210920211 -0.283947218158754 -0.281979068651495 -0.256510865802183 -0.227399069927234 -0.243088032128907 -0.263800747654360 -0.276057335847108 -0.259693405900985 -0.174991046369546 -0.100288136719262 -0.0227438333277960 0.126429992894060 0.211824225347619 0.355694705449550 0.270856412852315 0.297281970330618 0.334162739681927 0.210001454619797 0.0233341831327548 0.0727787394937958 0.242804463961471 0.199219885950111 -0.0290979106715807 -0.370107204754314 -0.305268137905440 -0.125661756842877 -0.0308261220009604 0.282718826126875 0.207409147596944 0.316620974957983 0.325583228194144 0.406799290082218 0.572077786602299 0.599049347435616 -0.0444782634546345 -0.0444782319745440 0.345885341792983 0.185478736162525 0.208165334018714 0.0908362252938269 0.109101397792958 0.132816331792873 0.101431284969688 -0.0460997412049681 -0.185532910192955 -0.370964961448306 -0.324633790034521 -0.289200366389665 -0.279317993167285 -0.156371821416549 -0.222058892458903 -0.246435897379358
# FDY_4_1:
 0.142348267881227 0.0804321760122322 0.0397741966856058 -0.0195480154335217 -0.0546300026825899 -0.0865218936302183 -0.0947350686674648 -0.0895493777458329 -0.0810794655325681 -0.0591737250762885 -0.0711811884282298 -0.0674840081953534 -0.0835650354764177 -0.0563673580415698 -0.0153015314237541 0.0297362390755012 0.0659958289807754 0.0898138726729110 0.0710254275211762 0.0630598146669550 0.0361246323916367 0.00906115578249336 -0.0139639176878108 -0.00806177562491880 -0.0299066685595417 0.00375195359727767 0.0602175393483531 0.0627540407859131 0.0624457239019651 0.130103757873218 0.144623385782930 0.235794596973044 0.178432660540035 0.116545766269276 0.0658114750235599 0.00990650682127539 -0.0502803887874308 -0.0996906144846721 -0.129012499482885 -0.161285399726410 -0.190000448665544 -0.186141098849472 -0.125813494750540 -0.103519420402630 0.00947125035702515 0.122654529276005 0.198040869355948 0.233411541433426 0.201978402070331 0.132399139194334 0.0609132067224481 -0.0356352642490709 -0.135137595149942 -0.230097114853605 -0.378945585388595
# FDY_4_2:
 0.0914959307922043 0.0340084913062296 -0.00535486082186671 -0.0635099682277378 -0.0978727748125090 -0.130064134184792 -0.136776151361555 -0.128234933297199 -0.116190878967784 -0.0915458310521231 -0.0870937213058047 -0.0811607360025785 -0.0889915370601022 -0.0567284127749587 -0.0132742185671581 0.0354089472805610 0.0758136031740247 0.0884045400582059 0.0660573835257648 0.0642262358373183 0.0421274932302032 0.0130888525102995 -0.00894610452614403 -0.00936783369106115 -0.0354915330444320 0.0135785405506886 0.0859935000673655 0.0767893383585854 0.0893218392018796 0.186469832142248 0.217466329302846 0.337912800089574 0.208265705391620 0.105203037896198 0.0428591790469773 -0.0240565911904280 -0.0790651075830188 -0.125932462143081 -0.146506779244977 -0.174962526688645 -0.200345797369697 -0.188841887809279 -0.113984426382972 -0.0879645949909297 0.0414362029125091 0.207316900010607 0.243899392898029 0.271776180652074 0.219662943420984 0.141603262015726 0.0793312267220366 -0.0189201721005405 -0.123167552115074 -0.224339269554965 -0.420826891523345
# FDY_4_3:
 0.0806154265094484 0.0257893518942657 -0.00981453152860254 -0.0733846423249972 -0.106900378835382 -0.141041466009004 -0.148538219880855 -0.139250788225959 -0.126797625269863 -0.0931348411140688 -0.0809782283084278 -0.0761620421253998 -0.0812392297718217 -0.0531848600435319 -0.0136314210029923 0.0361481367800559 0.0727696591717505 0.0962714343839449 0.0801239043753318 0.0749229120573029 0.0451534056850983 0.0194891039852386 -0.00440474844440217 -0.00465810007444176 -0.0246993733399799 0.0447374739953638 0.105150206167697 0.114384702463426 0.127838680164306 0.213358457767360 0.241623013548529 0.290281954488914 0.162470379880947 0.0702684917402191 0.0216237529583813 -0.0325243620573557 -0.0788892154497264 -0.122689605657918 -0.140040588100845 -0.164250671640657 -0.180402669441111 -0.155895697002025 -0.0738077053466815 -0.0522302045209791 0.0744737087941457 0.182640470052399 0.246334766743249 0.260135173484784 0.215730862328452 0.151314155237101 0.0753467555473385 -0.0363939292389063 -0.150138404318939 -0.285920277760106 -0.477992513370072
# FDY_4_4:
 0.0960065697908813 0.0410575660386929 0.00588841446804461 -0.0587340172025053 -0.0923538039512664 -0.125653083846893 -0.134014951957315 -0.125328300816431 -0.112626451581557 -0.0806843949467167 -0.0685171139448169 -0.0636693247781793 -0.0683433162272287 -0.0417955585541623 -0.00182802806637456 0.0432215268894699 0.0802069602835946 0.105821568548834 0.0878484221159558 0.0825360547234821 0.0533948940383146 0.0288836919367432 0.00179788785615303 0.00209727101445550 -0.0183029925653598 0.0500932353792438 0.104368731743172 0.110809253371196 0.120794963259469 0.197581393431244 0.222604198801666 0.261194206139476 0.140051421015593 0.0585175429168043 0.0156757204668045 -0.0298958282731777 -0.0763874097638764 -0.118608937010291 -0.134340147458650 -0.155776082846140 -0.172503370525119 -0.150575961987663 -0.0705536057506649 -0.0517054746573880 0.0641485030988679 0.164135592007762 0.225495150209851 0.234605228390970 0.196508028038899 0.135617300001640 0.0580423607738202 -0.0564135639298574 -0.170960046414913 -0.312859457508034 -0.496572432186520
# FDY_5_1:
 -0.0160728998226547 -0.0160728631487401 -0.0160728582350955 -0.0160728510578483 -0.0160728755910593 -0.0160728780858317 -0.0160728694136265 -0.0160728512729562 0.762381627646807 -0.0160728420153065 -0.0160728500087914 -0.0160728805713572 -0.0160728686594156 -0.0160728786645323 -0.0160728076737537 -0.0160728187036641 0.334355495788788 -0.0160728512007278 -0.0160728664082306 -0.0160728682373088 -0.0160728845769718 0.201785903535513 0.250617659437434 0.153966455574273 0.0674508325163405 0.0142175483571247 -0.0383149769303699 0.221218609270202 -0.134266402554662 -0.422959168313075 -0.651158828206090 -0.0160728809409967 -0.0160729267796824 -0.0160728832866013 -0.254219227165303 0.0219340822830942 0.149670738663852 0.207718942703125 -0.0160728754039841 -0.0160728438703994 0.429546666717745 -0.0160728933696379 0.317519183273464 0.208804563350653 -0.0560817691761624 -0.314604275173960 -0.0160728496439730 -0.0160728614193608 -0.0160728485415988 -0.0160728760679507 -0.0160728807949437 -0.0160728918105695 -0.0160728605270524 -0.0160728845209401 -0.939179041273230
# FDY_5_2:
 0.328676823595059 0.263622852469029 0.00680829377493202 0.228678120865681 0.00680826345971236 0.00680825596238426 0.00680826607207601 0.00680824197378376 0.391477272728520 0.00680825871066320 0.347369408038115 0.273781209768217 0.00680826981983456 0.0605664554064315 -0.0287998206175455 0.00680826090773595 -0.135668402702735 -0.0866593396982854 0.00680822727294411 0.00680821192088848 0.00680826921854843 0.00680828472070088 0.00680822876138370 0.00680827923896670 0.00680822859391322 0.00680829570310165 0.00680824937643026 0.00680831038481527 -0.886115435492166 0.00680827268308376 0.00680826284527852 0.00680826392186267 0.00680826167370102 0.00680826084964641 -0.696157811798373 0.00680826293753450 -0.346718464301713 0.00680824746627911 0.00680825001825552 0.00680831051076607 0.00680825211564622 0.00680826978771803 0.00680830144529948 0.00680825220525366 0.00680827379492948 0.00680825290994152 0.00680826025082942 0.00680829281358191 0.00680821627888333 0.00680822982626344 0.00680826859326283 0.00680827602565708 0.00680834991252438 0.00680826575191967 0.00680828124883275
# FDY_5_3:
 0.532459394519412 0.430378749674720 0.325688450629959 0.345273891410020 0.309979286161859 0.298686665762272 0.302131409348246 0.305251241399356 0.319067081178330 0.473841479104963 0.414528151250979 0.405987324853921 0.359107956274976 0.308973265977271 0.267126182246489 0.260664032615682 0.121206790806301 0.136090062733489 0.256623904045204 0.180463103928198 0.0219745303440721 0.118865202530864 0.0219745034033647 0.0219745029662610 0.0219745110595577 0.0219744919563152 -0.0679848894194854 -0.0538994275239879 0.00695904162922667 -0.0669808149380564 -0.136813335615763 -0.691788042772786 -0.664499873095153 -0.466096786970412 -0.363412256468556 -0.0773216712091551 -0.0184044238683165 0.112873663614545 0.157862006792425 0.164278577163007 0.175234963516927 0.307362137128124 0.336349128047116 0.216102239996167 0.140784784249181 -0.363677390878328 -0.189857229347367 -0.313049585907593 -0.391140089157595 -0.354959698804651 -0.496099044891293 -0.624910138136766 -0.763840670789408 -1.04090906268815 -1.05442827583598
# FDY_5_4:
 -0.0101247906285994 0.175064411055471 0.215459784148501 -0.0101247640768724 -0.0101247795838858 -0.0101247963968031 -0.0101247595589956 -0.0101247836957140 -0.0101247533836270 -0.0101247811305082 -0.0101247691185808 -0.0101247361798570 -0.0101247665649523 0.197553694348777 -0.0101248058782747 0.210128559932441 -0.0101247796306946 0.0979459189429094 -0.0101247710610154 0.221456648451182 0.154677673702479 0.126984434211558 -0.0374859724744240 -0.0433904049799178 0.229468305334791 0.354686915679637 0.000387212568150407 0.00480232530241128 0.305752295566854 0.395647690099603 0.753602722507572 -0.271463848427413 -0.396574340509627 -0.244162104347535 -0.239013165105776 0.0632065181672682 0.0427994330013853 0.212360336147967 0.220140366773370 0.153658335662010 0.196379731614868 0.258484414986474 0.394693795061587 0.391312420202872 0.417566249634428 -0.0430793561417896 -0.130810092003083 -0.335988600069674 -0.386649170734273 -0.328573102565152 -0.391225162958244 -0.417018418158220 -0.471646407269783 -0.907338061932230 -1.00805514853905
# FDY_6_1:
 0.0255031061199105 0.0255031028559187 0.0255031061666740 0.0255031002540622 0.0255030830924798 0.0255030881180527 0.842155649890413 0.890996731135899 0.0255031002367685 1.00212296420196 0.0255031223774587 0.825041373260750 0.0255030930245324 0.0255031129552339 0.0255030983063918 0.516668532427972 0.459445584728152 0.0255031030254915 0.0255030826430252 0.444704310000479 0.0255031004461512 0.0255030840804247 0.0255031149316494 0.0255031040810525 0.169649562863281 -0.00388734138519385 -0.173949825975872 -0.224663844867524 -0.333401434063614 -0.423478235011299 -0.544853015450753 0.0255030725312417 0.0255031167559821 0.0255030804075724 0.0255031066191263 0.164348877679523 0.256234962312766 0.0255030855186484 0.0255030880222396 0.331160612219903 0.265467147672071 0.170667317625078 0.0698761684863427 -0.0453054570752151 -0.161236236942181 0.0255031021423917 -0.356190859736746 -0.418336581085828 -0.435530805259471 -0.471614770463319 -0.563658875676010 -0.661238765043525 -0.731359000118548 -0.786296682992465 -0.685612418069501
# FDY_6_2:
 0.923394094383169 0.819222878931671 0.883898393923778 0.889957904606928 0.911006485104986 1.06267847513469 0.927614809087155 0.907353946981993 0.862395681720523 0.784007382208424 0.627280934576773 0.534525835766135 0.407699843369655 0.462866316645145 0.568226296004137 0.456122382484022 0.348020456576753 0.346374384893438 0.316844055899818 0.344065887047194 0.350118188479751 0.0514290692393141 -0.234852082522412 0.0697547902879703 -0.0512482249401195 -0.409661294332840 -0.720801496349417 -0.997019157557171 -0.956805732529791 -0.727533528182725 -0.595421055979960 -0.350710955324001 -0.275729082357477 -0.0560425286875747 0.0368995136782294 0.100300591096343 0.176837905619963 0.292930377040149 0.0996728445590410 -0.142834986803564 -0.357176839790463 -0.597330905428158 -0.600638740498844 -0.756819467466494 -0.631464646288051 -0.556000205671847 -0.630228166934282 -0.712443477393549 -0.784808024881398 -0.889631900580111 -0.802868848968919 -0.681549466140965 -0.533406571266594 -0.282903421538810 -0.225568916931607
# FDY_6_3:
 0.504479357909857 0.509768064545111 0.751342459607268 0.733492510747801 0.749874180569067 0.765486249474777 0.715704059233979 0.754349961789509 0.778868923599509 0.868486908971145 0.767811159723647 0.634789348070363 0.412111142695020 0.421600354420270 0.365472511149496 0.340796665999659 0.396318219020453 0.342148027498806 0.316235911042303 0.215628583907940 0.179979902020549 0.0805874967647010 0.0550579287880303 0.0438481350494541 -0.183256554383518 -0.378255152286615 -0.451051990768650 -0.527455640244055 -0.691777985179909 -0.696980949170712 -0.798534116224771 -0.666826333628461 -0.531947892498066 -0.268108127318721 0.0212507701338779 0.171131746332534 0.281274370013059 0.270032201435430 0.284164102948339 0.192688283416117 0.0541363350910916 -0.0807506897997062 -0.140487700201418 -0.356233968604666 -0.465241262923184 -0.558073428433150 -0.624055589648166 -0.620156793009939 -0.626378483996979 -0.674195074417064 -0.728081159883842 -0.798028622057356 -0.825860746498381 -0.719195392986865 -0.567982217804967
# FDY_6_4:
 0.747726756051813 0.728145746352736 0.603098694597067 0.710821406824545 0.734050066379690 0.759025355720756 0.803569891420988 0.868873351254372 0.909009567506817 0.814305813384798 0.759207816481514 0.661510486906897 0.511071782572528 0.421555332230573 0.357032354316340 0.321031377559206 0.339289109786736 0.395938335137883 0.288822000866221 0.247492786449111 0.0683243351984620 0.0988424019360071 0.0615352575266620 -0.100805207882031 -0.476481691604345 -0.484494855976851 -0.454733536703711 -0.532087302296445 -0.684318775501113 -0.719849679355142 -0.949203877277636 -0.683314487523889 -0.447940309509253 -0.231446085461953 0.0904283146332215 0.170830418375876 0.274869321620365 0.289303227540863 0.303153406869118 0.222749614020813 0.0810987169305847 -0.0755487987825617 -0.135032209898530 -0.365521350517324 -0.475672198205467 -0.555203812431955 -0.637105304343018 -0.635395490169339 -0.643040518940157 -0.664566290374551 -0.736978243942245 -0.821026648161438 -0.841497784713259 -0.726812328744576 -0.564636258135770
# FDY_7_1:
 0.154707502786712 0.105197616428578 0.100232569729214 0.0942133249924024 0.0822994913094133 0.0726389625210995 0.0429144488010882 0.0999589459113224 0.149017876899926 0.185752200285618 0.373129610647103 0.354770092318897 0.422279760574988 0.358476963616451 0.229886407287630 0.168726965936408 0.145455119810710 0.0886637058104627 0.187303854070149 0.224869150549218 0.243605041060510 0.197709160861273 0.137815316240562 0.114687972769031 0.0163135601834659 0.149343210341966 0.218517097300104 -0.0128455902118196 0.128070193721968 0.131678034862562 0.192268251326490 0.0310697535557469 -0.513927832301363 -0.506028733690764 -0.296289091265464 -0.181055907208958 0.0591905860178066 0.166230106631193 0.447246534921635 0.435304324424593 0.399483457221188 0.379869467875719 0.724286461487825 0.323453452322741 -0.00139042847121406 -0.157694656584738 -0.353802512294703 -0.442026698306485 -0.561317143033788 -0.604341653604063 -0.627135001190648 -0.774012417858236 -0.906124221937209 -1.00074807107150 -1.19789659438282
# FDY_7_2:
 0.592489161707301 0.548693035284290 0.544600194842677 0.515782316704143 0.503954248934369 0.483190179252702 0.542786866476704 0.604523224292326 0.655181496640518 0.749768145844620 0.715199885299226 0.672519460064876 0.598381496019595 0.460751188588847 0.333998005111044 0.286176022921616 0.281815151875976 0.341384539808367 0.331886936875652 0.235669656465579 0.153166633966113 0.152752256483353 0.170119214227478 -0.00873717748370921 -0.121957457265964 -0.173833069215653 -0.245402310019508 -0.125358543623440 -0.326309402747172 -0.497164121385327 -0.643841417647534 -0.745474928250196 -0.667551457934201 -0.471799845961487 -0.224830320373997 0.0347337506860737 0.141260423051498 0.181567047646453 0.267832306432992 0.284851557644331 0.231002744653013 0.249227912097468 0.203369417141827 -0.0674367285541597 -0.284458338838685 -0.497860021379503 -0.574722720170869 -0.610166529038813 -0.604323422377556 -0.592559991606219 -0.719644932132767 -0.861485653324337 -0.966712723438695 -1.05763492095008 -0.979368443321153
# FDY_7_3:
 0.258693987304712 0.222379178252432 0.232314377143450 0.202366806951400 0.190226459381206 0.149974592953026 0.176628446093224 0.206685582251115 0.251354425265630 0.544243300376536 0.490745758245521 0.532425774845716 0.429503444930049 0.336737478859518 0.233098388824549 0.230481022212309 0.0923146400038676 0.147567344002482 0.249102914547968 0.240746484468349 0.179064623125339 0.165285459689200 0.0128632868222391 -0.0254110329122002 0.158326123364239 0.205798441866525 -0.154948833335860 -0.0637983440060329 0.0355205587416671 0.0399325314945615 -0.0347495220485348 -0.662200875679864 -0.724263018552756 -0.524562434937582 -0.347540490901583 0.0218901558412482 0.170480269300145 0.465525814925453 0.593335665385523 0.572366796054939 0.562418967005699 0.667735139247354 0.704118442282840 0.161570595696081 -0.0318740386185477 -0.336438189636917 -0.453745618106427 -0.616385132428808 -0.649242656237934 -0.600369140438600 -0.708025168034640 -0.833894753603070 -0.922304883736758 -1.20953848104231 -1.23453066349769
# FDY_7_4:
 0.163283602441467 0.156856797927763 0.184588394603250 0.153754219129597 0.149061075521558 0.0875379622480398 0.131160337179657 0.170135084236764 0.199667407674672 0.524399200592725 0.486379022045907 0.591832568983976 0.462025005877261 0.303000764006290 0.188662101009595 0.184223693166721 0.0538157627947770 0.186087653296192 0.267355454950833 0.301777172416821 0.241539578156373 0.210887526708164 0.0988994541771213 0.0545434950085337 0.218762940739002 0.281025805960726 -0.111780569425913 0.0802517322816520 0.135261703303534 0.263344621225790 0.0672142705018787 -0.609583090513911 -0.681271999741189 -0.449668400937989 -0.296175705957299 0.0860770515934741 0.255327736695962 0.734787287605476 0.781518755678048 0.718628313237965 0.649185005795196 0.621541824641012 0.592657014126510 0.0190595184941779 -0.187059615056349 -0.469270395341231 -0.588724133618285 -0.735053257589288 -0.762674185982698 -0.718747969368492 -0.825691854835304 -0.955747344914186 -1.03975656418263 -1.30364149272753 -1.32127033584216
