# Number of parameters = 1827 Objective function value = 15186.3378729061  Maximum gradient component = 0.00801598123873490
# lnR0:
 12.9982774733964 14.3859006356182 12.1672347063320 12.3925229895758
# selpar:
 0.0306900104321937 3.33343062030393 -2.47705835452413
 -0.139333434976631 3.21292367302857 -1.72378486004708
 -4.99930767062443 4.39108838179436e-008 -1.60333014799979
 0.969062273972190 1.84372550706172 -2.20502545301306
 -0.0787917650002914 1.20991329352493 -1.76656346487553
 0.127702494345692 -1.50457069834641 -1.54392911639346
 0.238049982985125 1.28273327405675 -2.20550967369123
 -4.68028918939176 0.431872818042049 -1.35757377119997
 0.563591460112303 2.09856248451981 -1.44384823752281
 3.60446437351551 -0.461729288739566 -0.0143676764040155
 -2.43472212217682 -2.72302816720224 -0.683287173953864
 0.0481237086942929 0.760095321270549 -1.72993802796934
 0.110771022162492 1.60920094704341 -2.12149127897768
 -2.44891163072652 -3.38858655041237
 3.95122414105748 -1.53961769793288 0.108692123675693
 -3.05638061402321 -4.10926020962516 -0.870249648913419
 -0.108770301193240 3.30041855809380 -1.75451629466416
 0.517226333846283 2.42994991401225 -2.04276559591266
# movest_p1_a1:
 0.00000000000000 0.00000000000000 -7.99999999892688 -7.99999999927357 -7.99999999842286
 0.00000000000000 0.00000000000000 3.44076266698598 1.69039410583030 4.11247387055446
 0.00000000000000 0.00000000000000 -1.43143927132563 -7.99999975091897 2.95750142732726
 0.00000000000000 0.00000000000000 1.21094342734870 -0.921009652671660 7.26631228194959
# movest_p2_a1:
 0.0557056343542097 4.81854014394417 -0.353913505152349 -0.600243830079169 -0.176003669492042
 1.15755458848712 0.00149267213492088 -1.21688686933718 -0.00159240356673429 -0.000584929829042125
 -5.67574437661249 0.142615966058015 1.89307187323589 -2.64053415782430 -0.239135770706110
 1.36213703997215 0.838219352398632 1.24445440078252 -2.78365319927711 -0.0409875189979605
# movest_p1_a2:
 0.00000000000000 0.00000000000000 -7.99999999937767 -7.99999999962530 -7.99999999945681
 0.00000000000000 0.00000000000000 -5.73962933236120 -2.85785152104597 -2.93031777038446
 0.00000000000000 0.00000000000000 0.286862188035069 1.89687065375406 1.23654241937222
 0.00000000000000 0.00000000000000 -2.26606867551527 -5.34716107805033 -5.59548396850594
# movest_p2_a2:
 -7.99999999194007 -0.503842747485077 -4.80674789231669 -3.77224863906778 -5.39631235451226
 4.00810552006396 -3.86095020438091 1.46012487789338 -4.28596788547887 -4.19356801101105
 2.14327863336444 2.38574558747191 -2.29790042248634 -1.51761216594324 1.20093363756953
 5.85340600053781 -1.58703780624738 -1.13559689731203 1.97408102716957 -3.41114487747840
# movest_p1_a3:
 0.00000000000000 0.00000000000000 -7.99999999887923 -7.99999999922195 -7.99999999916103
 0.00000000000000 0.00000000000000 4.12156790371907 -1.46493812063954 -0.637454886946625
 0.00000000000000 0.00000000000000 -0.384407418287267 -3.60227822817367 -0.791583362487435
 0.00000000000000 0.00000000000000 1.12407527842999 3.26152173806642 7.65742912827213
# movest_p2_a3:
 7.99999998436112 -5.76178115488648 -1.46381017363554 -4.24375805637159 -2.97018060714048
 -7.51653878053132 -3.47975012933492 -7.99999991867878 -4.15186776062488 -4.06687143922297
 0.217073719738407 3.22142226829564 2.84835861262168 4.77257455775302 -0.883800970766026
 -2.89913957821923 4.72191852348611 -0.420805684165616 -1.78258408430749 -1.59375927517114
# lnqE:
 -4.09874617402385 -2.50649528355563 0.581503910178897 -2.84658052772806 -0.999081384464670 -0.838160465009237 -1.94442471466898 0.452226644864627 -3.67474952806488 -2.10086078568969 -3.10308208135544 -2.70834543989659 -2.43994098020037 -0.913756394295921 -3.43323156514055 -2.78913466246064 -3.58989576842178 -2.30373205289658
# Fmod:
 0.987630198921771 2.61496109548464 -8.04972039089183e-007 -0.865702815174869 -0.357365769106080 -1.05288025027405 -1.26925486225899 1.95274226872362 2.59887810123011 5.28470948603564e-005 0.414481379928214 -0.0563447757480090 -1.67205865643882 -0.639960056762936 1.57178621828273 2.43250413937240 -3.29387328002349 -0.103711029715487 -3.48704677809141 -2.08641033167981 -0.556285021262861 1.75663147556169 1.64345326056258 0.382500874588463 0.0520840023634507 1.50542052369785 -1.29648012895769 -1.17575182534584
# visc:
 -2.99999996808833 0.280377671955367 -0.0946572675937909 0.614915702545995
 -1.46824699537210 -0.922698953774435 1.31501016961402 -0.193701889691050
# lnRD1:
 -0.282357710365375 -0.124292476138168 -0.137243658606533 0.310739406679109 0.164491365792514 0.149055407546756 -0.286016938764576 0.0933639187050345 -0.00812433304995175 0.0636713360894526 0.705535933429945 -0.648822251318209
# lnRD2:
 0.106922324210506 -0.336081025235502 -0.355251750369210 -0.262367506559483 -0.0936607259412563 -0.485983954406213 -0.234109893570460 -0.310376704124406 -0.553562777164994 0.629075859939179 0.656070312889279 0.978534727052659 0.414118234672455 0.147633837109030 -0.193856356787809 -0.107104601713774
# lnRD3:
 -0.134415484635520 0.00870954601627374 0.325375278750511 -0.123121003100954 -0.0765483370303109
# lnRD4:
 -0.0249919144696467 -0.0226290222509424 0.110452786812485 -0.209780427325287 -0.191442726560671 0.180896888108012 -0.171264723552639 0.0293958581008149 0.143629904436873 0.0437059590502249 0.125341745626890 0.195014843648637 -0.227372446948091 -0.311812771342161 -0.143062988356605 -0.521445596952908 0.346898593992124 0.0250027391172882 0.263232223678560 0.345226890072418 0.202779699944957 -0.0873363528797795 -0.100439161950553
# FDY_1_1:
 -0.0179569779419279 -0.0179569999767454 -0.0179570198601905 -0.0179568764586155 -0.0179570139628510 -0.0179569998353572 -0.0179569255925053 0.0538112986114226 -0.0989725393811721 -0.132435261159511 -0.0115479557979465 0.0174817408069939 0.0738821034141169 0.155767782582097 0.245465672111552 0.360006097603784 0.396584525331594 0.346251808401903 0.252691319283283 0.218417569536106 0.131425465941955 0.122227912051960 0.0634711960136854 0.0240021971370122 0.0251596511704427 -0.00294936779473223 -0.0238951090995926 0.0253231093307983 0.0659905642626815 0.113099382996364 0.0682923711970410 0.0372948988592604 -0.0401110815854346 -0.0782679977189901 -0.0506376572071240 -0.0558492517047663 -0.0804732439634833 -0.0483635034483655 0.00608058967921318 0.0701615908975043 0.122224500736730 0.163294596337839 0.197175064365935 0.186497188715069 0.145833279404096 0.132931293169057 0.156571742756664 0.0290817292128545 -0.0927871175761063 -0.203164318887413 -0.340260847352688 -0.453103630321892 -0.585994349316277 -0.719690466227132 -0.862295729748197
# FDY_1_2:
 -0.0355045359070981 -0.725122275657841 -0.0355045171802513 -0.719416058028951 -0.692603005804791 -0.655159713873032 -0.0355045529021390 -0.644284704205062 -0.579892696819739 -0.519980532788767 -0.478375932373349 -0.392756092993436 -0.254190052389219 -0.151919861266964 -0.0908337658640870 -0.00557178491117612 0.306513932294186 0.138897069973858 0.199503374180776 0.194877918375189 0.257280300664283 0.190716297955174 0.225666198280899 0.235634496136589 0.0745581110383832 0.0591937642812945 0.0226837958016525 0.0762662275164316 0.165498666192809 0.272866407269195 0.253560652718361 0.322445547599945 0.293185234527461 0.249653574544799 0.341435129624519 0.330951954911013 0.187737584926869 0.139665875072960 0.0867530697507692 0.174938552716737 0.307706637585218 0.434996856221507 0.378304435773138 0.370844172052854 0.346970722372854 0.320547889169361 0.344338905709450 0.263309208121480 0.226250310725921 0.202720466264917 0.142769204464682 -0.202026792509120 -0.493904151926232 -0.651322193579724 -0.775369323834557
# FDY_1_3:
 -0.0285780957097646 -0.0285770525600015 -0.0285781171901864 -0.0285781552409206 -0.0285781541262558 -0.0285780918467444 -0.0285780706640622 -0.0285781203353781 -0.542047832696209 -0.498205218493375 -0.293340942491039 -0.373641828915141 -0.277634662518976 -0.188229110377176 -0.153387063381118 -0.115512386762348 0.178042545756982 0.109693922537640 0.149566846216544 0.148454153743826 0.0730017179803322 0.0933688583178997 0.182089873865850 0.166307248989563 0.0126333670359284 -0.0281047323391204 -0.0285781028833214 -0.0285781531685854 0.0486387956506644 0.135016034435069 0.120176096975485 -0.0285781244776762 0.123538319273048 -0.0285780427854578 -0.0285781581110993 0.299574564451673 0.189653692711138 0.163059186497119 0.0802844381842944 0.140665009211897 0.327238865138667 0.437306179930422 0.218460933001749 0.244091404620724 0.321919520693451 -0.0285773615659211 0.259267668565195 -0.0285772358395806 0.134682347824873 0.124662625819766 0.115290075793646 -0.143290852533302 -0.376780127349493 -0.531630889767329 -0.646209609093864
# FDY_1_4:
 -0.0319389143789442 -0.0319403904365999 -0.0319389518541201 -0.0319388890615036 -0.0319389566829489 -0.0319388890229753 -0.0319389019184422 -0.0319388621308868 -0.702990018378737 -0.653436051070525 -0.0319388657670359 -0.513768691097828 -0.384684467222271 -0.296653717825363 -0.182489500223505 -0.0545128564885021 0.225706697142425 0.170727649174117 0.182736237914851 0.148458668562027 0.205729873536408 0.184402203380894 0.137109820933413 0.0602565711905980 -0.0166926656290370 0.00614664136642434 0.00253213481565878 0.0894691970623899 0.113836489405332 0.231325743555269 -0.0319389292654531 0.218545804797806 0.161261668031857 0.159239879563400 0.302032909255801 0.138677545303578 0.0652753823541936 0.123075919064281 0.112541791249389 0.202559271824470 0.259316030167591 0.341059177437845 0.294434056819164 0.253552872544053 0.286012959769128 0.278096664571213 0.272280056594441 0.233726638377649 0.185594795206540 0.127431665483711 -0.134274184462123 -0.393808794244953 -0.585231916978732 -0.689989710035049 -0.845229892280379
# FDY_2_1:
 -0.704372415323216 -0.867059562209956 -1.03205565635568 -1.03503004672234 -0.909738051344252 -0.824622188873324 -0.680061985431807 -0.632575977649115 -0.588986571421606 -0.498284116877638 -0.532677967026237 -0.370949681922198 -0.218183116356515 -0.132575337838951 -0.0372588675949600 0.120982242189299 0.504574714393587 0.406169679238135 0.459862216147896 0.459691409529022 0.602546480662084 0.406463433706218 0.466968383422073 0.447497791750684 0.278842676255602 0.0394540800301523 0.246832797324548 0.247616295253460 0.363732807673481 0.515316909022178 0.442533920869762 0.568323434429506 0.489019330716794 0.452313111029690 0.476689634314023 0.510217745203847 0.313466667666653 0.341040537936124 0.193532042458022 0.325436942408563 0.378171367202594 0.435914030851748 0.427533381097176 0.348942422310613 0.239737597038986 0.0756071969314397 0.0771889983384132 -0.00812735242028685 0.0359803642122917 0.0127700288225653 -0.0537125382617579 -0.297563756196582 -0.524222862490685 -0.667830282347080 -1.09508233577305
# FDY_2_2:
 0.414548605878591 -0.0350121743683621 0.221833316028961 0.214098377319683 0.0352815799852933 -0.0579714292162669 0.0980755314325371 0.249548706898996 0.188308676440000 -0.295604814530684 -0.0411795746720390 -0.0758946770493335 0.152682077304730 0.282071652837362 0.488738503398453 0.490427153838525 0.514898027607286 0.327590370664146 0.180693643848249 0.129403312677860 -0.0226203780791311 -0.0497356317672205 -0.176890570859736 -0.233465292086285 -0.241476494927863 -0.298218620661835 -0.236821974100016 0.100642304649467 -0.0209112626668976 -0.0210865122523757 -0.163979027017825 -0.186720951581754 -0.262406413313641 -0.227124356738822 -0.136515479686090 -0.122706737308651 -0.169092954530114 -0.0899315750391866 -0.0368002106690041 0.0860806161750801 0.0774345740915979 0.0748223285551072 0.0199374895461671 -0.0636053161604583 0.0319175766322995 0.229420092638144 0.396788496831502 0.102940977737921 -0.0569700446240736 -0.131296922951823 -0.204969941278377 -0.236738410195037 -0.298717768143159 -0.401235236950691 -0.512483239591207
# FDY_2_3:
 -0.372315177911275 -0.0957678565541385 0.0977678200516238 -0.172434728393665 -0.315089219671898 -0.124397906711139 1.15381295780385 0.297882902797720 0.0349747579692098 -0.131226512870665 -0.151850157441742 -0.245814417985190 -0.0210879998287850 0.165561027368086 0.618872135393512 0.529559683287229 0.599321527625862 0.203983465252865 0.225010859619720 0.109653837140421 -0.0119519016976313 -0.137073493334970 -0.254583106678723 -0.185070361399722 -0.107859917749111 -0.0337901948471642 -0.0355663873537958 0.307983337598441 0.289467022106662 0.199458063811931 0.0606929099444026 -0.0776677621024072 -0.171421241620026 -0.164651648892087 -0.140417571855983 -0.131557280403491 0.0151065548004767 0.563770781001150 0.334852781884736 0.116852543867717 0.0465882725509041 -0.0196247866823874 -0.208345758250517 -0.146655773953486 0.0842575978457327 0.284290851474352 0.465258192621583 0.0198185862990738 -0.257609890697945 -0.378351931921488 -0.404927749349521 -0.446439497008971 -0.508208592826124 -0.629923632451506 -0.743116011671710
# FDY_2_4:
 0.0614185217328387 0.220291629856217 0.255529982591515 0.197205825598737 0.141743898014821 0.200313326487511 0.333868301540745 0.230741541075748 0.0998868282417733 0.103471931418745 0.136375902912274 0.104849273784149 0.152392983005473 0.173005931888311 0.207706655068204 0.239275144072972 0.332073927654744 0.165582006299295 0.119395888036836 0.0528185578094404 -0.0478381765342040 -0.184793444958269 -0.236656867185806 -0.234245093266059 -0.235627756968609 -0.168885031541169 -0.0994956123715414 -0.0927956067196629 -0.126004838078567 -0.164591960692152 -0.212850969703698 -0.204201951358037 -0.219945669819623 -0.216583841772022 -0.175309697499925 -0.164505761814504 -0.100030765405754 0.0670693448078372 0.127660576415485 0.121844010406060 0.107544376105075 0.102179183940032 0.0961287290059232 0.132072973886830 0.213127908481719 0.163861657116810 0.127649493993408 0.0416512064198320 -0.0516040763209509 -0.155558140328644 -0.207852274156491 -0.267206091420056 -0.356149956106686 -0.437874220914575 -0.468129712732355
# FDY_3_1:
 0.00000000000000 0.00000000000000 0.00000000000000 0.00000000000000 0.00000000000000 0.00000000000000 0.00000000000000 0.00000000000000 0.00000000000000 0.00000000000000 0.00000000000000 0.00000000000000 0.00000000000000 0.00000000000000 0.00000000000000 0.00000000000000 0.00000000000000 0.00000000000000 0.00000000000000 0.00000000000000 0.00000000000000 0.00000000000000 0.00000000000000 0.00000000000000 0.00000000000000 0.00000000000000 0.00000000000000 0.00000000000000 0.00000000000000 0.00000000000000 0.00000000000000 0.00000000000000 0.00000000000000 0.00000000000000 0.00000000000000 0.00000000000000 0.00000000000000 0.00000000000000 0.00000000000000 0.00000000000000 0.00000000000000 0.00000000000000 0.00000000000000 0.00000000000000 0.00000000000000 0.00000000000000 0.00000000000000 0.00000000000000 0.00000000000000 0.00000000000000 0.00000000000000 0.00000000000000 0.00000000000000 0.00000000000000 0.00000000000000
# FDY_3_2:
 0.00000000000000 0.00000000000000 0.00000000000000 0.00000000000000 0.00000000000000 0.00000000000000 0.00000000000000 0.00000000000000 0.00000000000000 0.00000000000000 0.00000000000000 0.00000000000000 0.00000000000000 0.00000000000000 0.00000000000000 0.00000000000000 0.00000000000000 0.00000000000000 0.00000000000000 0.00000000000000 0.00000000000000 0.00000000000000 0.00000000000000 0.00000000000000 0.00000000000000 0.00000000000000 0.00000000000000 0.00000000000000 0.00000000000000 0.00000000000000 0.00000000000000 0.00000000000000 0.00000000000000 0.00000000000000 0.00000000000000 0.00000000000000 0.00000000000000 0.00000000000000 0.00000000000000 0.00000000000000 0.00000000000000 0.00000000000000 0.00000000000000 0.00000000000000 0.00000000000000 0.00000000000000 0.00000000000000 0.00000000000000 0.00000000000000 0.00000000000000 0.00000000000000 0.00000000000000 0.00000000000000 0.00000000000000 0.00000000000000
# FDY_3_3:
 -0.508668350902836 -0.582240704295826 -0.573543196534368 -0.595226127540652 -0.604015181187411 -0.613563110295438 -0.594643320930072 -0.590179222836006 -0.591784509858395 -0.597399515380929 -0.494046771118910 -0.475477742212971 -0.384297527592104 -0.267475399582413 -0.181057429268946 -0.137189879373567 0.0615328990842249 0.152312590423139 0.160421817872331 0.180960560837323 0.222015078908161 0.129208904492312 0.0946825246860094 0.0601074462389034 0.00213738686290680 0.110573925355401 0.139937983660781 0.174211821677102 0.165355471000570 0.186239835084150 0.102353383649644 0.159057781185508 0.193920775981490 0.153662025021512 0.198197841465968 0.178059180995118 0.196837217646507 0.180580503841504 0.282324519615123 0.278494732232774 0.260414835442061 0.270121212742828 0.401044693772042 0.415936094372432 0.433919694987563 0.435154712852016 0.443289522413842 0.421859015724435 0.438316230921771 0.364506720665817 0.222207252073175 0.118400148773238 0.0180126578232963 -0.0483921459878585 -0.167168865484275
# FDY_3_4:
 -1.10845626026361 -1.17687525522780 -1.19045771455177 -1.19128098558945 -1.18608417450934 -1.17355898386219 -1.15168575651098 -1.12593272909683 -1.09726996900162 -1.04800501326290 -1.00069812778543 -0.919633030343124 -0.783448927953950 -0.670064705327876 -0.522171686960597 -0.357119823914073 -0.0410249674861843 -0.0129256132697680 0.0453189182426494 0.0764741416451895 0.191622223691116 0.190513572237228 0.213652290570313 0.235316293290387 0.217803609754451 0.249699250607988 0.293435497339910 0.403852310398121 0.466872469219376 0.594197911500654 0.630994758912118 0.696184712485393 0.652252433229539 0.622675796952901 0.682455947939624 0.694611491628009 0.584346866344248 -0.00695457928218483 -0.00695460810096952 0.631307426331106 0.677984628035186 0.709019550199078 0.714748432276532 0.672421933756186 0.713035695333014 0.744882695385976 0.799001100949701 0.783663023683742 0.806786635771803 0.752648348991026 0.415672996161451 0.158487961451352 -0.0389328743105036 -0.176839980107682 -0.335565157596521
# FDY_4_1:
 0.330491754488946 0.260015530589161 0.233597439964086 0.187329784737261 0.158722587014690 0.150328228553099 0.151843657945772 0.165313373752065 0.159623005436983 0.189041268630382 0.190714404723672 0.222964820792473 0.240867773100600 0.285259246021247 0.349120719319500 0.389001965906672 0.413271698403439 0.350436474836657 0.327813821532743 0.323248537660909 0.224183041465888 0.292659163396401 0.278318857872227 0.251520741242952 0.117153032416020 0.0854064234362801 0.0740632266140548 -0.0771505855657489 0.0305099008986382 0.199491551565569 0.183954661674459 0.313886192747981 0.167628173030498 0.0905088229595780 0.107105554791585 0.123868403959925 0.106552161077018 0.110445207429917 0.0506369460586965 -0.0239325860290083 -0.0558822289635362 -0.0404918773362640 -0.0695111014219543 -0.197579197142634 -0.386715119273883 -0.566696196116304 -0.558682392148478 -0.570471139565516 -0.553265008375977 -0.535467486394271 -0.627668269292574 -0.701334738211492 -0.851247081181418 -0.954497080489960 -1.11630606853902
# FDY_4_2:
 0.0733251402962292 0.0216754265617388 0.000304127280799820 -0.0937192369102286 -0.110863368757805 -0.140397272127762 -0.138192589927551 -0.109957980571724 -0.0999503815756768 -0.0414555678978658 0.0215321236191651 0.0626850420410026 0.106285692357414 0.155079868196998 0.222298100786126 0.237059349535753 0.217989930566573 0.242433130712042 0.201867773539310 0.174762838590874 0.132856888973846 0.176904123963746 0.211280926567890 0.205559020653297 0.164221514395391 0.206705374667876 0.288130668705313 0.322383263286103 0.411563635216727 0.465343717402918 0.416268163927370 0.606105501668367 0.399390085528830 0.205947497993865 0.244561494365317 0.226567549187440 0.232733199575828 0.232642701695440 0.160971688349951 0.111423187155084 0.0741074275699274 0.0637326564500389 0.0758224075181875 0.0107711237338160 -0.150554228173604 -0.262829212280258 -0.240213773851970 -0.320992851302299 -0.294366305318894 -0.306303950665361 -0.589257659672549 -0.838445095049601 -1.04329771797025 -1.20156405826182 -1.40093111232138
# FDY_4_3:
 0.160781971733675 0.115030491144890 0.0899717362598999 0.0197942895809038 -0.00248289299064777 -0.0206870494947347 0.00283115571402568 0.0413326315753406 0.0761061175389916 0.159241268865366 0.211782624345148 0.230125274964134 0.243298698950017 0.272854539052511 0.279938688300215 0.257037491656186 0.275594420919956 0.338315822137494 0.330939794688562 0.307479808760253 0.253474993366070 0.297287903877224 0.283862287915464 0.323294002546542 0.263392026029126 0.303746369630750 0.353901177025497 0.323870473842484 0.207581198704567 0.205297085978851 0.199637545227648 0.206524937046076 0.133797443972216 0.121069879841268 0.189355745766337 0.196483216020879 0.188349761585546 0.133827305098434 0.127257638014962 0.0794344735636749 0.0181371976779192 0.00977054106225103 0.0698279455917103 -0.0244742993503358 -0.0247237734784789 -0.172959473499549 -0.307471159983548 -0.409186166329290 -0.489443177569572 -0.658203111870174 -0.877660068536434 -1.05387202808817 -1.17933519799998 -1.29180161388203 -1.38933796250012
# FDY_4_4:
 0.426068637129706 0.388617166291390 0.376043069921909 0.296628048732555 0.305478428577388 0.322527036076540 0.353450357597544 0.406443839855537 0.473450837651847 0.537522072554114 0.533198189611837 0.492054434589187 0.440383817462812 0.405681430390970 0.410672460833652 0.423563087831926 0.461564314010418 0.533313390411606 0.531710128081782 0.513588779212910 0.448928468634564 0.395844502341109 0.378998438374107 0.429266424241893 0.261340331472955 0.190400418611391 0.246445705619204 0.0327720965107461 -0.136657888369478 -0.121324905371413 -0.198119025194848 -0.0931140116082330 -0.0341362063994892 -0.00778601007287307 0.0596921007749365 0.0796422201893301 0.0202553901061324 0.000214209781145486 -0.0189426121273724 -0.0772367413909660 -0.132985419573770 -0.178906676634261 -0.142548071043557 -0.227354348297006 -0.222407018397608 -0.473858231202602 -0.644590297350319 -0.786772352484053 -0.897902894694181 -0.990436852760248 -1.10411487981795 -1.16548475060589 -1.19887159347019 -1.17779654165832 -1.14441250495851
# FDY_5_1:
 0.00649744165210848 0.00649743651671238 0.00649743771548146 0.00649746046428252 0.00649739727785577 0.00649745316537704 0.00649743780043395 0.00649738767466020 0.144928261977636 0.00649744513590485 0.00649745720087609 0.00649709276448569 0.00649743803876952 0.00649742538751526 0.00649744018565841 0.00649744183623053 0.387951056125784 0.00649744390456715 0.00649743379291075 0.00649740611083634 0.00649744911981849 0.279304047348859 0.255325207210414 0.225740627477717 0.0915793090439475 0.0616734248528126 0.0528547003299809 -0.102762007421797 0.0122074744572463 0.176675830847666 0.161348642902762 0.00649742473429822 0.00649744095948919 0.00649743078120697 0.114318371338572 0.123961071939089 0.0873924402756255 0.113163763220658 0.00649743075921834 0.00649743445928881 -0.0572334719701259 0.00649743123156850 -0.0771381594539783 -0.210745670882196 -0.394229846601201 -0.584582963866241 0.00649742663020299 0.00649743905869678 0.00649743378979768 0.00649741819433765 0.00649740296131747 0.00649743303984114 0.00649744097059675 0.00649741096922381 -1.07614703343680
# FDY_5_2:
 0.338225493217187 0.278752536593423 0.00102432589119672 0.312301518998413 0.00102435165558379 0.00102433887863895 0.00102435362697661 0.00102433903155752 0.235535121874047 0.00102432551599196 0.0833294431475639 0.0916012888001604 0.00102435757816976 0.0979523725847374 0.188972599740699 0.00102432135483432 0.282581203101986 0.191576680471747 0.00102435781181487 0.00102434124677841 0.00102434557017339 0.00102433183222306 0.00102432498241700 0.00102433329392493 0.00102432991773760 0.00102432377462136 0.00102435966979175 0.00102435535094425 -0.942941262172089 0.00102434379921845 0.00102435907705966 0.00102435669494738 0.00102434421331210 0.00102432813827657 -0.594057461675347 0.00102433023220871 -0.606851784592176 0.00102434699915121 0.00102435078197060 0.00102433545909342 0.00102434870185852 0.00102432781512618 0.00102433302213611 0.00102435024207981 0.00102434594451217 0.00102433698589876 0.00102434232271153 0.00102433544056424 0.00102432972536170 0.00102432103413796 0.00102432781394934 0.00102433615733577 0.00102433151010739 0.00102434370388671 0.00102432711136824
# FDY_5_3:
 0.645080944836047 0.630179440955231 0.199448590971610 0.528277843189119 0.568744633763553 0.651813088835307 0.691244404874479 0.844989942725284 0.918923035025260 0.803706978334619 0.722372168859553 0.645509130427351 0.475058376467051 0.424158734361376 0.392493095769036 0.360422620800586 0.460283732810797 0.565306518719999 0.694416820835465 0.476275733088435 0.0634007083386284 0.320635718374725 0.0633999855236960 0.0634008143471877 0.0634007537007211 0.0634007113328875 0.325663855415285 -0.0152475414405559 -0.235694509512906 -0.257683089390960 -0.426964898368838 -0.329122296073520 -0.181331698749190 -0.0899863126544362 -0.0541290796257030 0.0297719994318043 -0.0314862126544133 -0.0681655971586456 -0.0451925412862861 -0.0819467177089414 -0.163839130746401 -0.179459253483475 -0.146726710201647 -0.191290226361785 -0.125433458770859 -0.458230384685167 -0.679049700993373 -0.889962427783984 -1.04530240775058 -1.09684836272652 -1.17976714122559 -1.28840678242353 -1.32189850659308 -1.10657753855023 -1.00203785519446
# FDY_5_4:
 -0.0273715703700633 0.183511682008776 0.180161992382934 -0.0273715396846678 -0.0273715171983101 -0.0273714245739148 -0.0273699839719589 -0.0273714117282392 -0.0273715454647793 -0.0273715761233367 -0.0273698917549196 -0.0273714937726709 -0.0273700193840775 0.314654607936728 -0.0273715534327993 0.440731932349387 -0.0273715645994420 0.453472435523607 -0.0273701048803782 0.563812488286043 0.401515139337280 0.378054612452956 0.347523398593105 0.397952157620975 0.300145226352242 0.348864700010142 0.932208260318061 0.346175478236689 0.142657947959070 0.0721862321013725 0.302306102976756 0.364021715617431 0.200798943227341 0.311421594974461 0.492004123107073 0.600959261664204 0.194272820771553 0.212682208981810 0.299457657658131 0.160291921430984 0.172515209193423 -0.0563990454068867 0.0359241113879939 0.133777953288845 0.130024515545477 -0.298954417789880 -0.498083969235904 -0.656505790947751 -0.781002618042308 -0.917626615594634 -1.05735106242474 -1.13802238033622 -1.20169083151805 -1.21478860912896 -1.21046589392997
# FDY_6_1:
 0.0191431939545232 0.0191431417799688 0.0191431682944243 0.0191431629584775 0.0191431552349588 0.0191431541023608 0.293032591706166 0.292974107651484 0.0191431616201116 0.309568740463923 0.0191431714145702 0.346838751941958 0.0191431440847260 0.0191431838036235 0.0191431523578558 0.520711016379309 0.538668506274343 0.0191431523250207 0.0191431481611932 0.449254126385837 0.0191431737436645 0.0191431712951324 0.0191431585676627 0.0191431880901174 0.241444655494107 0.211031616955327 0.201156575084854 0.0452059938655713 0.159556155489135 0.322630966715985 0.307623302980489 0.0191431562805837 0.0191431705590421 0.0191431566067495 0.0191431814062133 0.265252321417024 0.244945319633008 0.0191431586226347 0.0191431475101611 0.108177630226164 0.0854676996433063 0.0939946995747141 0.0483401496563855 -0.0757128436077430 -0.276039259613488 0.0191431465434109 -0.430984366213720 -0.442732234979162 -0.413273733483512 -0.407606353919710 -0.478858468473398 -0.541194197867006 -0.720490566739134 -0.775248482595207 -0.983170319364196
# FDY_6_2:
 0.999922539056857 0.665951386091641 1.07899068515442 1.06577731362571 0.849526432761448 1.09867940889835 1.14899976494526 0.960730129829478 0.729762800064262 0.625063178677089 0.399211507801633 0.744669827031942 0.598279940268375 0.774333547602177 0.846856146777871 0.572632716365719 0.607620921758319 0.719831245558559 0.676761205822130 0.533510663748106 0.650235999200293 -0.00593467290563290 -0.261699326335213 0.416819096089353 -0.270008840894099 -0.624905921428379 -0.526228469401671 -0.460707756913463 -0.426499076520648 -0.365477613688203 -0.351661260018220 -0.670744280957596 -0.746566039886732 -0.580212838595274 -0.287012270383418 -0.293122598436109 -0.413798997754593 -0.456670986715416 -0.398894091789785 -0.417614746039217 -0.411763177529108 -0.318816525782100 -0.308790850225579 -0.717202327479920 -0.819360068777161 -1.04041368205291 -1.01891393510180 -0.993682275575802 -0.906679559289245 -0.859270136500430 -0.685618379960494 -0.419032870993963 -0.336100678641291 -0.204708172558751 -0.166054027996784
# FDY_6_3:
 0.499461769282868 0.532274700303729 1.12004494799088 1.12523551066831 1.08571049795580 1.02220021282306 0.613996006063429 0.504657182650210 0.448302138691515 0.677149581668657 0.613441169317767 0.436833411185005 0.265896415071795 0.759167343414544 0.740751652454671 0.605790430308983 0.541418547937956 0.388447110700951 0.501345748947314 0.386945595298981 0.267913861707487 0.0532398543200827 0.0501928761136456 -0.211325698664879 -0.389464851852408 -0.561113105774657 -0.629666706818430 -0.401989715594670 -0.396337152480777 -0.203881245555383 -0.289833758307299 -0.358306243189286 -0.404495459332312 -0.193636106056566 -0.0669891441836850 -0.0478011971044090 -0.101343365648678 -0.139292415468462 -0.130939573166738 -0.229151335847619 -0.202280176255549 -0.267430602231632 -0.182667150815626 -0.440119628410131 -0.609961029296141 -0.695712961124883 -0.733659817408706 -0.705717271608447 -0.704038752663210 -0.665279588517510 -0.617233862561943 -0.652542476295658 -0.633612083887051 -0.681977665896926 -0.692616422857974
# FDY_6_4:
 1.00299383478486 1.14396311468347 0.470177629141471 1.21232398457696 1.19544820374095 1.16764432591662 0.526853834951974 0.429993486361931 0.717501761670486 0.336285063258893 0.735563090478002 0.385297357723390 0.733885879405063 0.901380797550201 0.875038046543502 0.766831227364460 0.437221253234392 0.648038301250646 0.570465942747510 0.681582298629715 0.0180850723719253 0.00130429344077834 0.158378530720087 -0.574487469570254 -0.930072884355519 -0.673526847916134 -0.613868271072228 -0.499281537079769 -0.350675385592455 -0.228981459361234 -0.403973830809168 -0.281193854395050 -0.198741577015718 -0.116808080818950 0.110000233935586 -0.0865714924666776 -0.179368682969582 -0.167566882149873 -0.0611920456868626 -0.0934333295532774 -0.154451225485051 -0.338851547525915 -0.161031329326925 -0.536999177118417 -0.665477824004480 -0.667625393870942 -0.696611594059273 -0.648422369273084 -0.584804267514004 -0.627599505614065 -0.657626378789455 -0.859302613068319 -0.899581853492609 -1.07305003234782 -1.19507882217977
# FDY_7_1:
 0.425227582927199 0.369155063539394 0.345601681260723 0.306780218174848 0.292870455147771 0.292922560942428 0.342329955526282 0.408896207048077 0.484722482148600 0.564650130076533 0.588998206670359 0.549913157697967 0.487925573565994 0.448834500851717 0.391606935660415 0.394529017070909 0.403989823126337 0.456352589940410 0.526400679353790 0.523602196882638 0.514120003485880 0.454219580636631 0.384245960824055 0.414153467581069 0.423601260214405 0.305635411221515 0.210218779160853 0.302263352053715 0.00665567233237592 -0.148623398683523 -0.196757073784526 -0.242069715387223 -0.169438528453579 -0.0510998710890602 -0.00402559893468705 0.0297266671723292 -0.00588109159620746 -0.0911005759546314 -0.0941125673951192 -0.129710811631762 -0.189753551635421 -0.219461661444884 -0.243808084597020 -0.257451959567351 -0.230205842882580 -0.197003277160583 -0.466703339511841 -0.654134575493277 -0.841065451817894 -0.999051457197852 -1.11639828738197 -1.25392218274380 -1.29013593776798 -1.31470729578691 -1.24352703439553
# FDY_7_2:
 0.390311629357344 0.337446176993004 0.314097846591418 0.271068951225758 0.254084656189228 0.239940242045091 0.267004326584918 0.311943849775317 0.356341138624560 0.435782182542952 0.452760343089006 0.437733998344255 0.418684422952393 0.400105241141679 0.391097494485503 0.379186739413773 0.374103491584736 0.428033678151481 0.465642087522707 0.462819149294745 0.417997695543511 0.377762411081982 0.383625385467669 0.309223789762274 0.280696966098260 0.243127359233653 0.168077730018175 0.238287102997803 0.0755083470906280 -0.0295777329525477 -0.0615117265238738 -0.0626109072104736 -0.0642655580088153 0.00936560182021447 0.0636963993107967 0.0911023882819496 0.0549323191690641 0.00271808254141400 -0.0441517027143114 -0.0551155064219970 -0.139953491373235 -0.240813802866686 -0.220861831713934 -0.308217858872628 -0.296640240164449 -0.326167560007624 -0.498203668033616 -0.596519704631179 -0.712426154688163 -0.816771670684182 -0.952844839599042 -1.09549140952032 -1.15996633166791 -1.21005891090819 -1.21213861576408
# FDY_7_3:
 0.130676184539209 0.0836618651983474 0.0653186337641993 0.0114975868157052 -0.00915930650408957 -0.0299115881796372 -0.0133365972648183 0.0161406440847967 0.0582462786712381 0.162270938484890 0.199225342563359 0.235905480323841 0.233887474770447 0.260836415258230 0.245520416622298 0.255886711802265 0.270837950628732 0.311234209736384 0.309024173922424 0.301356636799438 0.314206746598658 0.326582731401377 0.302688852105482 0.344247956212900 0.327323866491180 0.331091975535884 0.403932549549244 0.469500145030205 0.302116279833698 0.296571004165547 0.330277624431527 0.219553814030640 0.112290149291959 0.157213563132899 0.208598585304346 0.224889760445247 0.210659224711189 0.170451564082899 0.159169452141894 0.106643625381349 0.0291251324019215 0.0116870999530119 0.0719590644244597 -0.158710298072597 -0.129214635284294 -0.204852525500729 -0.338974116904892 -0.414685261376221 -0.492973847373419 -0.724383251556095 -0.926586370397636 -1.10360282224554 -1.22748963635914 -1.35477015892773 -1.45365729469649
# FDY_7_4:
 0.487359510488787 0.448987895507631 0.438876838592144 0.396568462139390 0.396584485660348 0.422449563653326 0.478395187403176 0.551849660967509 0.625074266128007 0.690565337071962 0.646330522454922 0.593375541251635 0.507096528964235 0.436543865842721 0.420538628761704 0.443508573051959 0.497287791246444 0.606641460422738 0.600573748163803 0.604670388182353 0.531321017129930 0.458236895429438 0.446045490269743 0.492563431690485 0.308715369426960 0.184781739084042 0.274892402207326 -0.0184214652217740 -0.222920203710628 -0.202340848852501 -0.310268553982739 -0.175817374841500 -0.0963336145147684 -0.0448344340322295 0.0264337177510488 0.0265364640089523 -0.0319489190348925 -0.0458140927184249 -0.0632688293012018 -0.119819206862415 -0.200720809731088 -0.254322643159588 -0.222374869207512 -0.298295236058832 -0.265928641133335 -0.557292704878487 -0.752385890622739 -0.920016832414086 -1.05369074624538 -1.13056260834277 -1.22669819274090 -1.26075965617687 -1.28097132851648 -1.19769180972258 -1.08930527092900
