# Number of parameters = 305  Objective function value = 34683.0  Maximum gradient component = 0.436292
# lnmuR:
 12.4309 10.5758
# selpar:
 -0.173477 0.987378 -1.30900
 -2.00000 -0.582566
 0.0658935 -0.575502 1.71590
 2.00000 0.0218745 -0.203090
 1.14602 0.285562 -0.607410
 -0.678480 0.303368 -1.34226
 0.00947602 1.25405 -1.45942
 0.810683 -0.319073 1.67532
 0.0932126 -0.272441 0.898456
 -1.11645 1.23390 -0.798464
 0.450356 1.11782 -0.576213
 0.795236 0.410820 -0.00190837
 0.0183766 -1.32976 0.0129629
 0.262266 -1.04643 2.00000
# lnRD1:
 1.13433 0.0270468 -0.142416 -0.176918 0.0591315 -0.657521 -0.273778 0.364835 0.316788 -0.378966 -0.272532
# lnRD2:
 -0.00212556 0.640878 0.0551903 -0.0803767 -0.283438 -0.122720 -0.0992542 -0.557061 -0.156661 0.569947 0.0356212
# movest:
 2.22824 1.30305 0.792522 1.74466 0.0390106 -0.0145650 0.115983 0.125154 -0.0498258 0.0357510 0.102003 0.0224219 1.25148 3.89893 1.49618 2.43165 0.0678863 0.100537 -0.0444870 -0.0195738 0.0165957 0.0896107 -0.0462488 -0.00371599 0.694138 -0.616759 -5.35652 0.911734 -1.05909 -1.19780 -0.593844 0.284152 -0.602823 1.39679 -3.10825 -1.45774 -2.49012 -3.11118 -2.25531 -0.749183 2.12019 3.48551 -3.24711 -0.0548678 -0.127704 -1.57207 -1.64663 1.37993 -0.922375 1.24743 -1.44987 -2.62366 -1.58835 -1.48822 -2.21585 -0.628187 0.0752249 0.0730304 -1.45557 4.28023 0.130094 -1.48476 -1.58410 0.104907 -0.847057 0.216918 -1.48964 -3.18754 -1.42839 -1.40316 -0.781823 -0.220080 0.647134 0.244890 -4.92159 0.739693 -0.773673 0.492984 -0.589113 2.60919 -1.45068 1.21204 -2.93570 -2.15509 -1.23110 -2.98357 -1.18179 -1.97943 -0.430155 -0.448001 -3.09534 -0.170651 -0.322395 -1.13605 2.84417 4.31351 -0.328367 0.195219 -1.19652 -2.48523 -1.10592 -1.61253 -2.48097 -2.24803 -0.384097 1.71974 -2.75923 0.828454 -0.607550 -0.971926 -0.856489 2.55008 -1.31104 -0.880615 -1.79544 -3.11864 -1.74912 -2.14234 -2.26870 -1.18475 1.22682 -1.28359 -4.09282 -0.307542 0.914987 2.41904 0.103613 1.69721 -1.50525 2.48278 1.04213 -0.203089 0.538966 -1.62517 1.40879 -1.99217 -1.41055 -0.978862 -2.29081 0.0865817 2.25484 0.312767 -1.19020 4.04373 -0.228887 -0.384132 1.74102 -0.742061 1.24785 -0.726384 0.100483 -0.661484 -2.80199 2.47452 -2.29096 0.166029 1.29838 3.69560 -1.79608 1.00716 -0.667071 0.692582 1.37095 -0.941062 -0.385176 -1.44131 2.51170 1.26036 1.35915 -1.43455 -5.04719 0.992793 -0.541691 0.731831 1.00063 0.954731 -2.03721 3.06916 -0.385998 -0.620290 -0.764737 -0.341480 0.160861 -2.26865 -1.22553 -0.801927 -3.23517 -1.06295 1.30422 0.334986 -0.324342 2.12023 -1.09362 1.00095 -1.31939 -1.28724 -0.00327070 -0.758749 -1.82052 -2.21147 0.571892 -0.580061 -2.39176 -1.29997 -1.38163 1.63088 -1.37897 -0.193919 0.00988494 -0.482994 1.04942 -1.42464 -0.887817 -1.06354 -1.14885 1.65589
# lnqE:
 -4.49283 -4.02774 -0.768077 -4.20737 -4.49922 -4.47420 -1.07828 1.00000 -2.08634 -3.13365 -0.800871 -3.92751 -3.95722 -2.97123
# lnqI:
 0.524336 -0.595608
# lnqCPUE:
 -0.398472 0.358751 -0.429521 0.564714 -0.188951 0.713372 -1.38321 -1.29782
