# Number of parameters = 1827 Objective function value = 7741.98815527210  Maximum gradient component = 0.0292395062081592
# lnR0:
 12.6799404470242 14.1121620969614 12.0057055274076 11.3932555903289
# selpar:
 1.27960268731060 1.72463725127611 -4.21139954261072
 2.23081878837849 2.67199073195857 -4.10517784068109
 -0.420601956951078 -1.08217026979579 -1.53002236751949
 0.724224554213993 -0.0297071693723696 0.117804106731656
 2.31774185343110 1.71032456788810 -4.28268113923992
 -0.344770025149984 -1.42579215449092 -0.179237673072005
 0.486961836152270 1.14306632213929 -0.205607323839501
 -3.54319904354587 0.670503902203842 -0.106231965325126
 2.22697197490555 1.44590579149845 0.419267784130741
 0.193529944070754 -0.863836640476157 -0.369863649344874
 -1.59095565370789 -1.47871304613368 1.86211228392010
 0.214884945651065 0.623591611424353 -0.378325300267753
 -0.323695636865760 0.248569177316517 -0.0770681014807524
 -2.95107525802488 -1.23230288190955
 1.41666081244917 -1.63064994471634 -4.77131963217374
 -1.95930115602227 -3.07208287665118 1.16372305196097
 2.25044191457619 2.85498982266043 -4.14017869347202
 -1.68141136637432 -1.37641300708696 1.67829490874662
# movest_p1_a1:
 3.65088613253771 -0.0432162032866081 1.34183527843885 -1.61384901104438 2.23530448146579
 -3.79527001644431 -0.752091850735932 0.659760485454537 -1.42543507578739 1.44995376368746
 1.43722666047945 0.764497639101737 1.41282468928923 -0.651114005398571 5.29038648048212
 -4.66607138375026 -1.10856914341830 -1.79477198724617 0.593156398255013 -0.473213556435890
# movest_p2_a1:
 0.574089046128359 0.00637805446523565 -0.194046572777713 -0.0751394127881380 -0.0981080606418594
 -2.65654451695591 3.69831761182485 -5.35075345513631 -0.755665230726615 0.939283444685175
 -2.81274188387839 -4.29511937568442 -1.07401765312932 -3.03416525054466 -1.26980977416432
 0.354569751548537 -1.48154008428929 0.378782693183917 -1.67973710844373 3.19074400456076
# movest_p1_a2:
 -5.29121427433823 -6.03675186445303 -0.885513530500697 -1.97780221452008 -3.07094177127647
 2.43500296388174 -4.81246921106313 -1.12685489436807 0.922001318500183 -0.0748351870211676
 -0.278667699981635 -4.37470164347216 -0.896075269409366 -4.31142398960826 -0.143706600113636
 -0.221097815193651 -3.70468073576977 0.616050276229215 -5.05953157885486 -0.638977248963561
# movest_p2_a2:
 3.14185741541663 -3.65227497449792 -3.56329902854146 -4.50460655055965 -4.39180616308157
 4.18339044783588 -1.90245366205376 1.89680353732867 -4.62835679098858 -3.94812539998853
 1.65768188685571 -1.32473213851791 -3.30258782925218 -4.65098816963027 -2.26251081342648
 5.81204333841495 1.24512647822771 0.0569871446360875 0.753316745163726 -1.86524237014914
# movest_p1_a3:
 4.71255289567480 -0.206263072945019 2.05391451880367 0.422852429046753 2.98336161801624
 -5.11078088758440 -2.84471277051312 -0.239585849982149 -4.50238249551308 -3.85132121701525
 -0.605459959866005 2.74997357997431 3.83736446810799 6.15781428604342 0.370280154651674
 1.32486451440218 0.927923049229964 2.06914042825686 7.99999966059622 -1.99752966163302
# movest_p2_a3:
 -4.35467709189877 -3.45749082517544 -2.14467252299806 -3.92821974628409 -3.77327379905358
 -5.72594951746042 -4.96538018561516 -7.99999958874399 -3.46036748495620 -4.03657720700716
 0.223859542970713 1.30403561777715 -0.913758957593796 1.71924905559777 -2.41746043569770
 -1.65486543681061 0.0635558769097759 -2.03794770695620 -0.349011784855323 -3.08835214268730
# lnqE:
 -4.26225935491285 -2.69463940749404 -1.74389017508923 -3.05303324835982 -1.18295433840747 -0.894975650528936 -2.15800732112918 -0.192909695981147 -3.85334718258463 -2.23315356975132 -3.56641873228730 -2.91271795466369 -2.61305227275921 -0.994140370655465 -0.638064496671214 -3.26961532202879 -3.78690298910697 -2.50883235453415
# Fmod:
 1.18068994229552 0.930616987512777 9.72005114492041e-008 -1.67382109324434 1.03927514510450 -0.684449086506660 0.663659669177472 1.16828132173993 0.00779731851990631 1.53577387949712e-007 -0.430829621521043 -0.377324381163962 -1.05891480941004 0.712500217631723 1.02071738653912 -0.702947834304921 -1.48328305074726 -0.688250314890627 -1.82727406760940 -0.911517572850879 0.564338241401528 1.13236514712687 -0.0204370089923966 2.07723317694955 -1.32123941438290 0.0933513990207906 -0.0647767517578021 0.654238803584646
# visc:
 0.903483674800678 0.698013229529503 1.02359515888352 1.56739623711422
 0.424893399383625 -0.440305487430091 -2.99999817183216 -2.99999904992723
# lnRD1:
 -0.521151213371524 -0.225019404850639 0.0116919622650447 -0.198951389907386 -0.0756220207090782 -0.0463849454834164 -0.0836368100550601 0.0128120244601494 0.291962109930928 0.211619541689133 0.927478858072208 -0.304798712040359
# lnRD2:
 0.100719710579217 -0.392143188887608 -0.167906006210066 0.256419924301500 -0.0999281723461148 0.0734112260457739 0.0558601144458347 0.0779827183002485 0.447920601361034 -0.0155737343135863 -0.486080258293177 -0.185954104491081 0.0552903949541385 -0.0203039661637562 0.445559001521116 -0.145274260803473
# lnRD3:
 0.382590720813500 -0.00253663292371291 -0.445228009999266 0.444490251006557 -0.379316328897078
# lnRD4:
 -0.0769910832882992 -0.148114271179398 -0.206466512545578 -0.502480145061331 -0.356733173020220 -0.840561797689736 -0.214890733165081 -0.814676180411853 0.155241560806765 0.0901977168122192 -0.774871500423252 0.0840183202690683 0.0900096925071490 0.412696163016586 0.225023904491548 0.286210625190890 0.984957958333253 0.366530869848156 -0.0742363138672302 0.288159458663248 0.663668191496585 0.314513946469673 0.0487933027468386
# FDY_1_1:
 -0.0214670906378043 -0.0214670949712721 -0.0214670770243535 -0.0214670810903935 -0.0214670842865515 -0.0214671025987059 -0.0214670977026695 -0.501027357802319 -0.525195722617015 -0.544615692074780 -0.598110716323616 -0.598748717304265 -0.564255552738552 -0.514628137389228 -0.430048390027340 -0.343289968950172 -0.341071296701597 -0.311968778941485 -0.305878172596863 -0.295259226808524 -0.282907262109291 -0.228763342003012 -0.197515242219365 -0.157714030141778 -0.0975995917066568 0.00786956762613928 0.0524952758656587 0.112465884823259 0.156583601044302 0.257109007963325 0.331749725873599 0.378459503728908 0.408523384741073 0.460159592780912 0.544204490612310 0.504116622550692 0.438796360219942 0.379889548425628 0.304112411978990 0.324448315923418 0.379291693834427 0.351771717040219 0.376836488142207 0.410922766192931 0.425931034381984 0.374754299073940 0.323169905491656 0.274151311822815 0.235278324911247 0.184908855167476 0.107592430258132 -0.0920729480837279 -0.266334706992000 -0.347006148237712 -0.411311490394141
# FDY_1_2:
 -0.0212414836272164 -0.259692811808845 -0.0212414872646241 -0.329483744013958 -0.366582315817726 -0.399101688383226 -0.0212414865242421 -0.418531248006650 -0.433685331102943 -0.449744444624817 -0.501789981382350 -0.492740897907526 -0.437545702990028 -0.373205990082146 -0.304901008691607 -0.255622745650050 -0.203393091713439 -0.255234138800476 -0.246410811804126 -0.235969991966719 -0.192334608765199 -0.170923167066731 -0.131414333727790 -0.0803203377601501 -0.0389792867030892 0.0549565527091848 0.0934712585845556 0.150876676873910 0.183220224460018 0.273501863245089 0.345754711856611 0.399479171066945 0.405217726477136 0.457446969692683 0.565621512638486 0.500380256045753 0.396375728304108 0.344937284597714 0.272102949097572 0.311635491077880 0.362811537207318 0.347031246839355 0.347935791471857 0.388562112303645 0.408250440002874 0.348567554577101 0.290819243902179 0.242962793025282 0.208048108827267 0.153111340285353 0.0720132930013930 -0.133870295138384 -0.315323442103336 -0.386759051049304 -0.447806913694573
# FDY_1_3:
 -0.0185584935844453 -0.0185585018084038 -0.0185585020090113 -0.0185584972547494 -0.0185585042201990 -0.0185584948806920 -0.0185585142115312 -0.0185584894323667 -0.361295831467735 -0.384227327579131 -0.393515961818933 -0.385906725223242 -0.340727162836553 -0.290115561862579 -0.223851936406370 -0.189301807271284 -0.127263796004187 -0.189340049114538 -0.184820376612412 -0.175701463976885 -0.124683931515392 -0.0929438902665693 -0.0728455402356904 -0.0357892838388136 0.0162921950864443 0.0997082714426419 -0.0185585002903390 -0.0185585095896647 0.167774492050216 0.231392161160888 0.344818099905425 -0.0185584919272465 0.379434179145564 -0.0185585047891643 -0.0185585059383304 0.470764341711424 0.336201936346964 0.289301310804923 0.227122426718780 0.248665639419957 0.304740969140359 0.303662926218056 0.244683833396811 0.285929025166289 0.342003703360254 -0.0185585000951218 0.260384047081569 -0.0185584971899435 0.216421206181571 0.175717374790242 0.0782491665957275 -0.119372266332979 -0.285231711231907 -0.360435794633333 -0.407519380274362
# FDY_1_4:
 -0.0205884644304636 -0.0205884588069477 -0.0205884633435588 -0.0205884689598449 -0.0205884640654400 -0.0205884149712980 -0.0205884624690104 -0.0205884803530522 -0.465021853107062 -0.502822912301858 -0.0205884630806163 -0.495030522100600 -0.432224720881466 -0.377348919409603 -0.321234849463294 -0.281344469914144 -0.183614958526628 -0.258362252764762 -0.233107953595589 -0.228370912135683 -0.188230606643942 -0.160031799102716 -0.119645763535246 -0.0764350234543120 -0.0223002744726270 0.0630504439487017 0.0976567861030902 0.165657697306373 0.217078647590029 0.327726466854687 -0.0205884962196740 0.377983150062268 0.395113890418031 0.451810054160525 0.517346835989850 0.397482730071113 0.340619591986027 0.318396850102813 0.283026753310844 0.300408405977326 0.253249972415492 0.269775170103355 0.261701950020552 0.275999641259983 0.256832350243298 0.197058538636396 0.173356524234276 0.138441161892643 0.0839180455096316 0.0293754975915184 -0.135250346076149 -0.282958536798427 -0.360419974487023 -0.409317071726864 -0.454108798590924
# FDY_2_1:
 0.0175607249423681 -0.0621371283366113 -0.0754071749170898 -0.0957335261585202 -0.124073992465463 -0.148971501786651 -0.163193540553640 -0.171385942243309 -0.196572861418088 -0.208314589456238 -0.199935905222718 -0.176545969496400 -0.119927989239131 -0.0893687232525603 -0.0520593895878790 0.00608863142943342 0.161834572213307 0.0670352741639519 0.0706201472240410 0.0780664148861351 0.106186513955714 0.0838492868786684 0.106860392357315 0.130447041757961 0.135651971196103 0.134966099620924 0.181683185166308 0.190823187066814 0.240648001299903 0.203636452157628 0.114483246900751 0.162667344875899 0.0812417376242288 0.101836118729418 0.203760767370575 0.223141325860705 0.161866240607896 0.155060456607468 0.107518604500124 0.0746092772137238 0.0502624786510630 0.0204964668537572 0.0229683231739647 0.0316584165301476 0.0644185302520689 0.0430807168656636 -0.0127111149328581 -0.0254784055361402 -0.0838467226198290 -0.130594647225127 -0.154347081872150 -0.215046755158151 -0.270675746718168 -0.347325134172588 -0.411374106564718
# FDY_2_2:
 0.637285889947743 0.522353828602145 0.555707465878331 0.523568265058534 0.491195096902105 0.482781768402519 0.533354919453350 0.558436147628193 0.540977866080818 0.202670527503210 0.559858024289638 0.579849119187921 0.605160918021421 0.609062296404856 0.611595268372702 0.588008046101701 0.602487200904182 0.520702749948106 0.472134441739112 0.428273980774396 0.405706292136854 0.294260180899448 0.206563159967202 0.179794508365146 0.147178539902762 -0.169067412831987 -0.231133872619457 -0.0502852059717032 -0.323177670715549 -0.440161229706353 -0.498682210067108 -0.501078163686811 -0.416825285109901 -0.289574653308824 -0.288461657673153 -0.358038040957590 -0.357117013888664 -0.388749645566105 -0.443219569668811 -0.494996962662713 -0.554966775834992 -0.548734121028328 -0.560235976885022 -0.600315254379561 -0.493915195181635 -0.560513977632907 -0.479218275155377 -0.383153023086545 -0.230798982617251 -0.106006200124600 -0.201469163630078 -0.281227696460499 -0.431450815402040 -0.561513420594989 -0.614879030023841
# FDY_2_3:
 0.263109157258204 0.151849821035751 0.225607494922962 0.157072257418687 0.130360388668985 0.127953874106896 0.196917414351237 0.236597403060242 0.222323550725220 0.0877156308240605 0.259852882631330 0.280039659489819 0.338688828565478 0.380482687735772 0.420440864064310 0.455879222249920 0.524314331153935 0.487273442716053 0.466795772807556 0.434204705002140 0.408338553439949 0.317878951181232 0.264693339664648 0.289198921185428 0.250631494616080 0.0493485130981372 -0.0586767934357718 0.0991496614083071 -0.214592955930956 -0.270160707616286 -0.389081005276905 -0.297278756094874 -0.151193054044964 -0.0893172068995026 -0.115070324726833 -0.143471538386128 -0.171741903288117 -0.205100216797937 -0.219294078242714 -0.392926472479874 -0.386963271581660 -0.397713827839402 -0.581896369392197 -0.510906776604795 -0.408497654834059 -0.458634700913095 -0.399776279602089 -0.228078609555801 -0.0364837836012673 0.0316555017051649 -0.0472701853990690 -0.181445538269731 -0.330957746274464 -0.403797366244734 -0.468047201754279
# FDY_2_4:
 0.464433933958756 0.436518727327867 0.446771880666156 0.362749320717010 0.330380234771583 0.351269455804344 0.409059616473275 0.402427556404407 0.327964607890392 0.281827505645063 0.355535834177043 0.349136413834661 0.396227781805303 0.418879209783795 0.443078454762777 0.439535182652821 0.470959605712782 0.398312082836686 0.385746268181637 0.354800225324365 0.324996304183553 0.236814277924131 0.230549820341431 0.255975629587136 0.225086302297194 0.0322097007086225 0.0302889012614081 0.0209150057061115 -0.251685461872662 -0.379367204564447 -0.450562376561760 -0.324552172614019 -0.235041640834096 -0.193095746077327 -0.251861199557585 -0.291788049815718 -0.278112850956856 -0.230930871399797 -0.301902709328786 -0.392019926671991 -0.420552318934184 -0.388701715159444 -0.346520739042387 -0.285202006372825 -0.423190812076332 -0.519592033466160 -0.459514310457538 -0.299545388751054 -0.141099492623726 -0.0977665046395081 -0.202655374661178 -0.333382946808245 -0.486358790633124 -0.580274920442310 -0.617172276417253
# FDY_3_1:
 0.00000000000000 0.00000000000000 0.00000000000000 0.00000000000000 0.00000000000000 0.00000000000000 0.00000000000000 0.00000000000000 0.00000000000000 0.00000000000000 0.00000000000000 0.00000000000000 0.00000000000000 0.00000000000000 0.00000000000000 0.00000000000000 0.00000000000000 0.00000000000000 0.00000000000000 0.00000000000000 0.00000000000000 0.00000000000000 0.00000000000000 0.00000000000000 0.00000000000000 0.00000000000000 0.00000000000000 0.00000000000000 0.00000000000000 0.00000000000000 0.00000000000000 0.00000000000000 0.00000000000000 0.00000000000000 0.00000000000000 0.00000000000000 0.00000000000000 0.00000000000000 0.00000000000000 0.00000000000000 0.00000000000000 0.00000000000000 0.00000000000000 0.00000000000000 0.00000000000000 0.00000000000000 0.00000000000000 0.00000000000000 0.00000000000000 0.00000000000000 0.00000000000000 0.00000000000000 0.00000000000000 0.00000000000000 0.00000000000000
# FDY_3_2:
 0.00000000000000 0.00000000000000 0.00000000000000 0.00000000000000 0.00000000000000 0.00000000000000 0.00000000000000 0.00000000000000 0.00000000000000 0.00000000000000 0.00000000000000 0.00000000000000 0.00000000000000 0.00000000000000 0.00000000000000 0.00000000000000 0.00000000000000 0.00000000000000 0.00000000000000 0.00000000000000 0.00000000000000 0.00000000000000 0.00000000000000 0.00000000000000 0.00000000000000 0.00000000000000 0.00000000000000 0.00000000000000 0.00000000000000 0.00000000000000 0.00000000000000 0.00000000000000 0.00000000000000 0.00000000000000 0.00000000000000 0.00000000000000 0.00000000000000 0.00000000000000 0.00000000000000 0.00000000000000 0.00000000000000 0.00000000000000 0.00000000000000 0.00000000000000 0.00000000000000 0.00000000000000 0.00000000000000 0.00000000000000 0.00000000000000 0.00000000000000 0.00000000000000 0.00000000000000 0.00000000000000 0.00000000000000 0.00000000000000
# FDY_3_3:
 -0.267512728859736 -0.345320139473809 -0.368202747317055 -0.416454991888858 -0.449459636398990 -0.475136837000854 -0.465446228018777 -0.480502348373189 -0.500064385350807 -0.541729025277210 -0.507283064717269 -0.511758056173440 -0.443916916604792 -0.348540335363814 -0.279272257205166 -0.266172519811895 -0.161777037329289 -0.125879497623634 -0.0822420515929481 -0.0472811089304997 -0.00249490606432410 0.00767572137711738 0.0351068405191683 0.0784483988150026 0.0974382735951197 0.202516494782583 0.267698595943245 0.328378161056885 0.354939508656542 0.425779317431584 0.454696917489681 0.443266064699511 0.453007020233170 0.496197508576326 0.544033579446820 0.532604791547092 0.498630038437723 0.391065597181519 0.394364456863248 0.378156892330005 0.271011428082763 0.235707000625307 0.321763973573939 0.288258107035931 0.237612458355824 0.194515842637436 0.200721880425055 0.0831267840621258 0.0472213995757102 0.0264432872148891 -0.0839147865101474 -0.179643318778684 -0.238835978936342 -0.305982672794967 -0.395562764174827
# FDY_3_4:
 -0.218152249931250 -0.281101267434032 -0.315788155434803 -0.354396509634663 -0.382684202856833 -0.379131708172748 -0.368803453159951 -0.384418777981516 -0.399280610726160 -0.418106209660693 -0.429296164995953 -0.395168095231881 -0.343104687733376 -0.285038385223282 -0.208842174012026 -0.178281744788905 -0.0629510466594431 -0.0940650788733587 -0.0876550429012723 -0.0922715057270664 -0.0650347880829113 -0.0651188659708014 -0.0338773355572301 0.0360069896879812 0.0849319684133783 0.110539253162404 0.204269297122044 0.209382810057786 0.293943811391842 0.286313960072762 0.395668925189757 0.362936485321672 0.421637427450113 0.431759254856080 0.477118755375373 0.497615681797772 0.426426688036375 -0.0377678875068292 -0.0377678770962066 0.340075885032228 0.291783741757257 0.330428192367539 0.325446838916394 0.381944638447531 0.306913953095646 0.286577364054068 0.176172553595104 0.159065930102519 0.133263934903346 0.111275953894912 -0.0246232679589934 -0.180189496452825 -0.262303356780433 -0.323972012273255 -0.372308335283185
# FDY_4_1:
 -0.232231913388661 -0.288186487114446 -0.316499712271876 -0.358109045376661 -0.377115908242392 -0.406362543519580 -0.389163910982938 -0.384477073823275 -0.357314606572796 -0.323195514364748 -0.310574440281227 -0.278562908754837 -0.266230795040783 -0.220442358793142 -0.167162259866521 -0.111197816270640 -0.0580243901124453 -0.00723341590442515 0.0260085048375582 0.0606520512091640 0.0723145008822372 0.0842947776965770 0.0910788587655895 0.118535769767058 0.135714034355009 0.147301155455741 0.168792309270670 0.219802176277330 0.209641354073070 0.212778487581134 0.174490260261368 0.247143352976735 0.255869820813479 0.306837921707266 0.347055055597414 0.383750033440459 0.390517176510371 0.382059514590993 0.339917233112168 0.291172692891440 0.240007953365830 0.208900123369064 0.227354021255817 0.232371029747630 0.239898503701510 0.206754383867295 0.170789861874772 0.145237850679207 0.0771707689558976 -0.0146471610636898 -0.114320312681476 -0.219244207232200 -0.320120478330113 -0.405599371464683 -0.488194907436298
# FDY_4_2:
 -0.358977261594685 -0.419310893084809 -0.444747584135845 -0.495950909527437 -0.518250979499734 -0.540520448247111 -0.542281779858102 -0.529575915564318 -0.507081111781920 -0.481018931569308 -0.441512867848370 -0.407838056834761 -0.386761143607862 -0.335192750591043 -0.280161610438656 -0.212663428034081 -0.147761394215081 -0.0825569037703357 -0.0451982424877894 -0.00298313960526503 0.0127608345803326 0.0288317598927708 0.0434174151154010 0.0903529600225617 0.0872613916188381 0.122004448866501 0.177299156254253 0.228478615709910 0.306893214346837 0.372331877472905 0.338588467553552 0.481311127849284 0.437007776785066 0.410356574626011 0.506110222465650 0.589725361711574 0.600456744861328 0.587990614613920 0.498048191900340 0.436853766823837 0.409539946907729 0.382220035991417 0.399517107786504 0.393614327912383 0.407178707019190 0.376204658890152 0.274376780637948 0.190463608151221 0.0313615484589920 -0.131509067101347 -0.220970185627756 -0.308514898708102 -0.386261667064153 -0.453625892831659 -0.539330181196880
# FDY_4_3:
 -0.481343164579229 -0.528592709710842 -0.548613195365843 -0.604505750670007 -0.626745573576421 -0.656756953859997 -0.661777750871891 -0.646006239926227 -0.623060458390795 -0.566438445382387 -0.519347545890696 -0.483141257827565 -0.462985772834025 -0.418561192013070 -0.366787092678405 -0.280912735204630 -0.215979757494440 -0.125640075165366 -0.0770811042328481 -0.0285353520858369 -0.0101112998043987 0.0147213099576137 0.0348334154593919 0.116572048691849 0.116831216462984 0.187313123244425 0.300932044027001 0.372670534660691 0.376891333609367 0.443234806138311 0.534009609764344 0.560148520266883 0.500782197381070 0.531895570801630 0.670522030662632 0.745913063214218 0.783483978834241 0.690397369968497 0.637583782115391 0.626387302927379 0.601967194327354 0.587924746469927 0.649083661773755 0.502139014504744 0.407751809497964 0.287287649886498 0.176920894647414 0.0297038196211561 -0.119540132724837 -0.211426294716298 -0.283475034226689 -0.373235215326575 -0.440209177600750 -0.522165676480539 -0.604927090276122
# FDY_4_4:
 -0.477309631807033 -0.521266889589164 -0.541043030563708 -0.598854864124414 -0.608744096856007 -0.643460145983577 -0.643544748289366 -0.627197753380763 -0.601511248716147 -0.542416820051076 -0.497362286828936 -0.465922370658570 -0.444455459348524 -0.399991002919172 -0.345069824790154 -0.280952723351130 -0.214104152927512 -0.122869381690788 -0.0752219674617827 -0.0288863004018092 -0.00976857228234973 0.0171015863969792 0.0347167524240870 0.119150791212007 0.113588280501542 0.185831030584738 0.294076308842435 0.364226935176222 0.366062046262644 0.434171188888246 0.520259051593202 0.547850120894425 0.500225466180031 0.533386019885875 0.659441137809708 0.745553116186363 0.767902845207873 0.683736206946770 0.633243922619661 0.619624695586237 0.589786854629830 0.568907106762277 0.630914633842021 0.477574047814536 0.383796956637487 0.267095843913093 0.159838899713524 0.0188121000805355 -0.121764139625744 -0.212722844303073 -0.279647115311730 -0.370837650845177 -0.437872618686051 -0.519226428698342 -0.604849877100249
# FDY_5_1:
 -0.0188959321854574 -0.0188959498446471 -0.0188959120681487 -0.0188959243151965 -0.0188959140729246 -0.0188959168974004 -0.0188959051254365 -0.0188958987564530 0.0568907628596333 -0.0188959125344584 -0.0188959164868799 -0.0188959194701264 -0.0188959121519155 -0.0188959072653435 -0.0188959308263251 -0.0188959313460604 0.281841281565051 -0.0188959488742731 -0.0188959457074729 -0.0188959071118529 -0.0188959313384372 0.272252810952967 0.240110923013760 0.233615560612301 0.247520757376868 0.194667587454204 0.132034399992563 0.264510441478329 0.0644918120809530 -0.0903001066383915 -0.165550417642833 -0.0188959260979714 -0.0188959334104011 -0.0188959111562195 0.0584747543715096 0.0276804356202280 0.0544645150549554 0.0131494911408651 -0.0188959272805436 -0.0188959251696153 -0.116774234290628 -0.0188958587645605 -0.149730376298926 -0.133025508532952 -0.138797560500072 -0.239673651599045 -0.0188959100558286 -0.0188959199718628 -0.0188959054924114 -0.0188959282978632 -0.0188958753403368 -0.0188959053238512 -0.0188959515635397 -0.0188958972945077 -0.484288386473017
# FDY_5_2:
 0.156849195482581 0.0923248916473834 0.00686045364141946 0.0728184993881443 0.00686044283455739 0.00686045779492900 0.00686045267144158 0.00686045248834982 0.263763776564161 0.00686045477700531 0.249069278796215 0.240443488539061 0.00686044040515315 0.211467932462639 0.224400887969953 0.00686043834638311 0.196364113330593 0.182107148563579 0.00686044171314420 0.00686044493912724 0.00686045293215570 0.00686044867519558 0.00686045062312451 0.00686043990333856 0.00686044902678190 0.00686047903395109 0.00686044471067443 0.00686044587693973 -0.743440584108014 0.00686045125514339 0.00686044508685529 0.00686044590619899 0.00686043680398934 0.00686043423042309 -0.710616514502700 0.00686048786357879 -0.723690940022597 0.00686044359921861 0.00686045510568195 0.00686045906107441 0.00686044803902891 0.00686044245852485 0.00686045295934195 0.00686042757033017 0.00686045495781268 0.00686044984177530 0.00686044871143149 0.00686042596531716 0.00686045644471217 0.00686044330718821 0.00686044651065237 0.00686045005464947 0.00686045348894587 0.00686044284447834 0.00686043342897618
# FDY_5_3:
 -0.240331692178056 -0.287665898826658 -0.398885192592097 -0.350948843000362 -0.380710884864554 -0.394300627315393 -0.406915390216784 -0.384666182154914 -0.366935216736551 -0.304617877727350 -0.292088404649047 -0.233712433873172 -0.247381055165621 -0.195750584985207 -0.147326064580882 -0.0750055739312820 -0.0581437660180101 -0.00794457642336959 0.0353740344091778 0.0729492093141345 0.0332231692983803 0.135023040820323 0.0332231688841072 0.0332231750246637 0.0332231641850065 0.0332231661614202 0.352224817623683 0.472073770608810 0.292043812616039 0.330175640169576 0.690998413429040 0.107681999506290 0.0523589317350446 0.396999202926685 0.562069096917753 0.571844345616401 0.617446820678004 0.375222196024615 0.398389896232368 0.573459299360314 0.451719365296585 0.378970022829869 0.463194236044177 0.301708453666346 0.225800513431884 0.0452842484155669 -0.00166322230390208 -0.232241090610209 -0.359460240414388 -0.276300784698972 -0.294104784127257 -0.391714659293215 -0.459688161913946 -0.600274886243029 -0.680349116382034
# FDY_5_4:
 -0.00169726324950784 -0.734608856657719 -0.730818064649552 -0.00169731003878074 -0.00169730285407369 -0.00169731045615532 -0.00169731258173681 -0.00169729690514168 -0.00169731354882011 -0.00169730357148560 -0.00169729682404477 -0.00169730337573374 -0.00169729892954188 -0.577480753317770 -0.00169732044930208 -0.409974220990473 -0.00169728034665909 -0.307360461881463 -0.00169729441562731 -0.182075490266916 -0.147956664019160 -0.121584825282407 -0.130959147348533 -0.0346822393030986 -0.0365233092526645 0.0581580932525021 0.236062269281395 0.378887499822736 0.225094171880617 0.297693862390551 0.905557761691951 0.279752109709734 0.135828739556388 0.519543020836704 0.724472977573413 0.748569626787589 0.708774458962774 0.462382307983462 0.462530831762675 0.632874082370750 0.538722512703343 0.355892992034211 0.484154441631120 0.298026614107545 0.152880338301597 -0.0729192148436202 -0.167658105318387 -0.428501683593569 -0.566913696945806 -0.507739042890755 -0.529577302204935 -0.597691040743404 -0.645052601756835 -0.785589721473115 -0.866430062354264
# FDY_6_1:
 0.0124445304617146 0.0124445191647725 0.0124445321592962 0.0124445263472636 0.0124445375378285 0.0124445333486515 0.750716761617585 0.750937022699825 0.0124445327612529 0.783313734352294 0.0124445213329821 0.788093950076318 0.0124445225274071 0.0124445244445633 0.0124445258041975 0.726907218970502 0.723739346822871 0.0124445350913819 0.0124445294108449 0.552802941539300 0.0124445276131718 0.0124445207239715 0.0124445234350171 0.0124445264424017 -0.0455518444662756 -0.177226651157185 -0.227921668035273 -0.366854422540493 -0.407963694795204 -0.251271516026354 -0.272930930502085 0.0124445174461055 0.0124445284420093 0.0124445244940740 0.0124445297379238 -0.110166612970894 -0.147413833918823 0.0124445336372322 0.0124445260142917 -0.272060396565126 -0.351619967072409 -0.433645989455456 -0.429056674505589 -0.439235865349131 -0.306369939835445 0.0124445248756239 0.0251867261015818 0.0653395339507142 0.0475396208216191 -0.0181137573846412 -0.0900620748439870 -0.176345474292444 -0.253012439060379 -0.337313087690908 -0.399108669738487
# FDY_6_2:
 0.875899242133207 0.765287063693644 0.898388369258472 0.923667204566116 0.924950288408242 1.02012195479369 0.946859468852100 0.930019802491607 0.881227351774823 0.910712667445259 0.903030157410664 0.900615482608954 0.759902752375651 0.733915917404758 0.729867735899291 0.662860423655607 0.640893133269463 0.582564581862476 0.445553055353942 0.349884756268743 0.303143513764704 0.0735235830219233 -0.151677426156842 -0.0678213795924410 -0.418114744080210 -0.565270644425635 -0.615479707505496 -0.719645557650673 -0.708215580487879 -0.529907863196726 -0.615395333293722 -0.727192849432854 -0.720138282944367 -0.608790062553315 -0.490721075968892 -0.439806659256356 -0.530483580885613 -0.585652363623564 -0.579813753830569 -0.603014693244822 -0.703432429065961 -0.827255235831170 -0.709709648514678 -0.718973667169954 -0.500882034667215 -0.218059731936784 -0.123486227497673 -0.112728635624189 -0.157358671410635 -0.245913252412509 -0.288735078044002 -0.361483999917488 -0.428880897683434 -0.518061241442200 -0.570786196965471
# FDY_6_3:
 0.658021674775831 0.656441363047158 0.948040921556337 0.985320525294342 1.04262806528300 1.01906375194480 0.825860941845308 0.786634785109261 0.787243036655778 0.935287215935904 0.924306094547831 0.782968661856801 0.629867475505165 0.728141744955755 0.726931404999561 0.698782895074447 0.659741746086793 0.487829847933652 0.409738198927824 0.328863564812535 0.227146192469513 0.0613989999483362 -0.108741912548895 -0.267376689015094 -0.475904429586050 -0.564143965876428 -0.682306142075765 -0.738176613225463 -0.668534840152836 -0.517840917186459 -0.619828796904789 -0.621320046762133 -0.608922860634450 -0.509586112072194 -0.400107275422085 -0.366578236073438 -0.435479001541223 -0.477210026561918 -0.475599799016915 -0.574394075258885 -0.680616221156368 -0.694589536454085 -0.616798943941803 -0.612598901279273 -0.424730910629328 -0.249840675112763 -0.183194533638413 -0.162780027888870 -0.183825670666476 -0.237930894007205 -0.285910032973124 -0.375258531188174 -0.421896765709035 -0.507466508758900 -0.560769215247097
# FDY_6_4:
 0.842545201731447 0.874093586573778 0.748550594865936 0.963961574911617 1.03892660887675 1.03407521726117 0.939588341548159 0.924984821510430 0.937537869239757 0.931567426773566 0.981936215832607 0.834440387346719 0.772481629444125 0.745654331507104 0.722500902527059 0.697363030171501 0.606424933471673 0.528233787524497 0.390348687717824 0.363106896920941 0.177279357269084 0.0627170294220973 -0.107969770667836 -0.355539425192570 -0.624141626442823 -0.606991761833026 -0.689842759408914 -0.794449346902108 -0.679872896669252 -0.583168892296916 -0.723851389975873 -0.642357179745848 -0.561994397648071 -0.506968550736079 -0.385106411796242 -0.407857356175425 -0.499341898477499 -0.505216529450863 -0.493638298220402 -0.575219213714113 -0.686787655579037 -0.731776156185361 -0.640258770873098 -0.639721986014117 -0.449337297629727 -0.256763672282063 -0.201228484251138 -0.170266715901255 -0.189374241231396 -0.221177794906382 -0.278766808044006 -0.370773663337918 -0.468148667941042 -0.502116892320974 -0.568291920596474
# FDY_7_1:
 -0.486589888311127 -0.538177743886183 -0.555765854609656 -0.573718895236846 -0.575733691263575 -0.583517061456832 -0.586721109158057 -0.534247050928866 -0.473153481243497 -0.415616086628239 -0.373364969844335 -0.347901605006239 -0.267973955363512 -0.231692601058131 -0.228755656311013 -0.206289227048632 -0.170344643785146 -0.107793068849876 0.0237950396676910 0.0462382263035116 0.160638013349006 0.207521907063198 0.125770018550646 0.199518142953643 0.214585193236604 0.178889938596276 0.191549353751867 0.309575031001991 0.456078219452183 0.367282399910119 0.826663372536563 0.750717691703703 1.03931292411497 1.06739872735217 1.16590330138272 1.02083003701735 0.870423530692834 0.815270599425835 1.09717121979152 0.908386280524563 0.632302368043129 0.408796100991639 0.761042455079282 0.431256386222834 -0.144080355988860 -0.455705554076308 -0.621003790135649 -0.681685794929068 -0.624657987567974 -0.526426815208143 -0.568640506021259 -0.671676578428559 -0.798534358257888 -0.927989298812686 -0.999158849299693
# FDY_7_2:
 -0.390456804194060 -0.445747551697280 -0.465678490416851 -0.501586483288709 -0.521167270825681 -0.546172850083119 -0.544560084497628 -0.513642925228019 -0.506525151150852 -0.426153039589986 -0.423330942228599 -0.415351512708897 -0.353620913450415 -0.343923796403213 -0.283170208759437 -0.282785489768429 -0.253271795893193 -0.146342305620712 -0.0620732924449211 -0.00332471868318651 0.00478400935067514 0.0176823618784189 0.0873000297977645 -0.0218735209500430 -0.0190402908058763 0.0688861143414335 0.160889131092556 0.219184831968346 0.309139157062261 0.275835217157728 0.408857894727093 0.657797564015452 0.585045800584946 0.564995729061189 0.772092765611308 0.867341416461100 0.830015312186077 0.731214469564786 0.842440804156755 0.641301534667932 0.505806095065665 0.723744249993140 1.16620817612705 0.474769899966402 0.205480126087023 -0.0464926919727434 -0.171998239089672 -0.241501308093545 -0.269472326145570 -0.297649022803394 -0.344753173019126 -0.468756597429116 -0.549900467183804 -0.593660580491679 -0.666828846007342
# FDY_7_3:
 -0.432021664884009 -0.485219742494554 -0.491052013941840 -0.522881176052913 -0.534486320576584 -0.553151582030083 -0.531084553812301 -0.487932984108493 -0.430932725567506 -0.358669332913686 -0.340877277227298 -0.275139709443403 -0.277487890138201 -0.245529919327831 -0.238237920246844 -0.172152873437226 -0.117345626502577 -0.0259922497157857 0.0198201439664520 0.0834165784178162 0.119872181876227 0.115421582699362 0.0872531614738016 0.181305247556466 0.144245252324397 0.120338502061677 0.229088197551647 0.271825740268092 0.230647736254059 0.413739851428166 0.454269488004476 0.843011709073675 0.765161109944268 0.794952034466729 0.926818677676323 0.934671130548727 0.931939410462568 1.12473145291440 1.16501671518725 0.889264858776342 0.659334250859776 0.705307808147569 0.967370370209433 0.0733277864072723 -0.309412578796753 -0.547293853829963 -0.613926928612756 -0.553999725995578 -0.458557646588878 -0.471712942651784 -0.534787932273584 -0.661124775754148 -0.792633711260797 -0.856106671142440 -0.932398649229162
# FDY_7_4:
 -0.502700158883345 -0.529505824059459 -0.523365162578480 -0.551624183992522 -0.559718681575911 -0.589433649679528 -0.552886500198522 -0.500476620801813 -0.448113853520785 -0.360370674820472 -0.334402078426945 -0.239517957882216 -0.250483923648745 -0.252238427955914 -0.253396568318980 -0.192054943966101 -0.139203098627886 0.0209902557647031 0.0412263960321760 0.151005792479363 0.197786018303163 0.159133482969019 0.172282743931777 0.256783588259402 0.169269632696747 0.154785776018524 0.240937618158658 0.419849305531961 0.326198248651411 0.807556817346815 0.661288535075782 1.23068482770406 1.12336845900949 1.17653210015446 1.05850024052426 0.977950870743392 0.951263402346150 1.42750672625805 1.27026472064056 0.868192421567531 0.558058297599712 0.468747155202949 0.635250521411282 -0.188934034380292 -0.537619915475334 -0.734802159261943 -0.808517653070893 -0.727140016099347 -0.605677827449685 -0.613046733403289 -0.680806319136494 -0.812698910231898 -0.943921289258089 -1.00811813054344 -1.08463865713307
