# Number of parameters = 1827 Objective function value = 15420.7881150203  Maximum gradient component = 0.000628063945031845
# lnR0:
 13.1659480582975 14.7428521870507 11.8569756075183 11.7415904745557
# selpar:
 1.28120149853906 3.04474236419747 -4.21468492606245
 2.18174273475067 1.78020777762016 -3.98400684033266
 -1.08879411924806 -2.25460482629313 -2.15705008622081
 -4.65081738066283 -6.51974243481845e-008 -1.22866046763769
 1.05682248854921 -0.997569339729894 -2.38948150639393
 3.85909135049413 -1.58886825727205 -3.36153514985659
 1.67031512505022 -0.371230779228067 -3.37775577288919
 -0.458233628725635 -0.787176013135936 -0.583392779453407
 3.71866076065423 -1.04003134719308 0.0440088060980592
 0.401188558929048 -2.33730434194014 -0.0249933480599607
 -2.12682457275977 -0.0434107422068672 -0.262009687610166
 1.65180449550133 0.816502016084153 -2.09024596010230
 1.62596003243927 0.406227873751043 -3.14667815745843
 -2.21941544015724 -2.66279544859472
 3.87067110409516 -1.53021537488844 0.0565355699763188
 -3.07919259471974 0.421519940099206 -0.144979826251285
 2.14445888164357 2.90616727919877 -3.93876600671457
 0.995574979276820 -0.795007810021805 -1.30612045771107
# movest_p1_a1:
 0.00000000000000 0.00000000000000 -7.99999999755562 -7.99999999889984 -7.99999999761510
 0.00000000000000 0.00000000000000 5.07570018917227 2.34147116732388 2.00865805694436
 0.00000000000000 0.00000000000000 -5.04493073034433 -2.58250999467894 5.84048489095592
 0.00000000000000 0.00000000000000 2.57690859157479 0.516487757066798 7.99999998849804
# movest_p2_a1:
 -0.183038428167539 -6.66049777076102 -2.04350819912860 -2.01315006422412 -1.31395900440649
 -7.99999977137804 -2.16571789734040 -6.98419244073421 -0.226372243122039 1.80725891151279
 -5.58022361184977 -6.38303514984141 2.28204660944143 -2.40201789590141 2.80565603185025
 -0.591084779641387 -1.02859278241995 3.37574688147733 -0.333659677149190 0.0293047896839393
# movest_p1_a2:
 0.00000000000000 0.00000000000000 -7.99999999945852 -7.99999999965044 -7.99999999951613
 0.00000000000000 0.00000000000000 -6.44758859269466 -2.87214455094380 -2.49037574042177
 0.00000000000000 0.00000000000000 1.99329761218648 -6.02704457288496 -5.45709207320521
 0.00000000000000 0.00000000000000 -3.34935044296522 -7.99999995018231 -5.63639104131606
# movest_p2_a2:
 -7.99999999466504 0.431031913673783 -4.99995585068267 -4.99970530357449 -6.11017656599459
 1.81615607506784 -5.16666710139554 0.221946044076338 -4.42376402308291 -3.53143806199555
 2.36956509317237 3.70328459692087 -0.579411026215179 1.99888105239947 -0.204397649773005
 6.79301700741803 -0.701781433474860 -0.612601863561782 0.740157380565325 -3.22279465128177
# movest_p1_a3:
 0.00000000000000 0.00000000000000 -7.99999999940040 -7.99999999946806 -7.99999999939169
 0.00000000000000 0.00000000000000 4.83402813096803 -1.36177783080369 0.907484730535474
 0.00000000000000 0.00000000000000 -2.14974414327519 5.28998808463930 6.71802372110014
 0.00000000000000 0.00000000000000 1.98961699495497 6.98514192073990 7.67600910565510
# movest_p2_a3:
 7.31142051384287 -6.62578486409994 -0.609637293816994 -3.31346747442229 -2.45047118523640
 -3.85685738932409 -2.63010498579281 -7.58521123244938 -3.84277281152892 -4.57792115087740
 -0.945995945460106 -0.226078350035658 -0.801023338063551 -2.08698352824515 -2.25669015414988
 -2.80060847264211 0.563358380352341 -1.51308228813321 -0.978073577696204 -1.90595125517569
# lnqE:
 -4.92556051848162 -3.34883626470013 0.620557897582589 -2.16257114526006 -1.57200481455676 -1.36844864514214 -2.61733126513230 -0.946451995100581 -4.15566088887747 -2.73339533602912 -3.92420106602693 -3.53674636683125 -3.21368210730357 -1.63697224384114 -3.30733788119134 -3.74503512563972 -4.43685641847921 -2.99011560463706
# Fmod:
 0.822550242782970 2.13192844219457 -9.32343379008874e-008 -1.24361753712446 -0.759787234643360 -1.28645421196007 -1.04969745948653 1.24477645627107 3.11579065112796 -5.97485974981485e-008 -0.309911831195006 -0.554522498138083 -1.62628543179643 -0.659553979917148 0.559266896966754 2.84133941144756 -2.90253566537288 -0.762464155627118 -1.95720807727087 -1.96054127437895 -0.958311956957305 1.28019343613199 1.43250323658274 4.02760445655516 0.499782898761420 0.672888263366106 -1.69661149278887 -0.901121432548291
# visc:
 -2.99999997199755 0.530476745990647 0.237365967226837 0.295501819949788
 -0.124521724302937 -2.99999397681025 0.544025569158757 -2.99999981527386
# lnRD1:
 -0.483196678690551 -0.191819762538105 0.189811388174036 0.173412360544457 0.201577960149935 0.0679338415649056 -0.0921629174511065 0.139636501606890 -0.242641377867704 0.279105645881632 0.431872202873780 -0.473529164248170
# lnRD2:
 -0.350490522663547 -0.775778819093936 -0.702774101586722 -0.405306685397456 -0.673406946790067 -0.936095895890867 -0.889308539486054 -1.05938997871612 -1.38126831089878 1.08692659185485 0.345752040619554 0.681140314774328 0.571010464323945 1.48515797999666 1.50191621110630 1.50191619784792
# lnRD3:
 -0.291162109923130 0.236027156710015 0.478279084296213 -0.318677472688980 -0.104466658394118
# lnRD4:
 -0.0931798869471302 -0.103433038792535 -0.205984633395540 -0.266496106069406 -0.241943865564779 0.238205680802176 -0.139268057589112 -0.0836480746805647 0.101890226463705 -0.108531013342099 -0.226050172991171 0.260844492459507 -0.00970110983299922 0.112315910039866 0.0551089021455676 -0.0878727232394029 0.218649981452158 0.0197898616473430 0.146028010996770 -0.0922632081617959 0.436946547260048 0.0595523816633364 0.00903989567605899
# FDY_1_1:
 -0.0149554579251564 -0.0149554448590722 -0.0149554407054561 -0.0149554680228844 -0.0149554660990695 -0.0149554620656097 -0.0149554546175311 0.276596730748322 0.219135163237402 0.178571553151291 0.157245149557839 0.128979981902612 0.124937373300443 0.124581594016216 0.127097349390073 0.135052414917076 0.101914148113229 0.0582455248630641 0.0128547238656363 -0.0283813713854361 -0.0657320098876614 -0.0966829999583728 -0.126061914599334 -0.157609142693534 -0.183826046686042 -0.160061842821892 -0.148790446499816 -0.146796229185080 -0.149956688666073 -0.120450274560408 -0.123823135183239 -0.0974672494483254 -0.0853172568200215 -0.0757195146059612 -0.0175134471030661 -0.000696759816812964 -0.00542277604311217 0.0299240020386412 0.0474163350238706 0.0530542535944779 0.0801634552306490 0.113285089766368 0.145932989308249 0.176840803316659 0.170119312529225 0.130823245624894 0.148053171113622 0.159341293845929 0.149310304529407 0.111836423739818 -0.0243079644154797 -0.162471285603084 -0.260393367350429 -0.368364621554463 -0.450777847542592
# FDY_1_2:
 -0.0226323074881991 0.191965232560801 -0.0226323066487524 0.199704397898103 0.175812566614408 0.152737232492533 -0.0226323036751266 0.121940320325983 0.0833237859012162 0.0723596153744390 0.0503202774312275 0.0398782819095294 0.0822743964902948 0.0836508602531518 0.0381194836363852 0.0616999363985755 0.119990110926519 0.0245576932430405 -0.0110458303002305 -0.0533107595715449 -0.0610168336841603 -0.123679856299052 -0.142684663115278 -0.158115822149694 -0.199452821238242 -0.153883907766876 -0.141822985866523 -0.129995799933237 -0.129720160648463 -0.120607808014689 -0.154588991156537 -0.118767189561439 -0.100404562259591 -0.0881570651475796 -0.0153868235829737 -0.0206200749177121 -0.0692607591694898 -0.0150602844391256 0.0157382703261497 0.0525593673518587 0.0915489795656441 0.125885015945911 0.146531153393118 0.182879718134179 0.188823583785339 0.158451734008932 0.141549693273103 0.115524971401743 0.0991572939388119 0.0623022197957060 -0.00500590640353769 -0.0896234076806195 -0.165068811048741 -0.239753015429778 -0.304355135179511
# FDY_1_3:
 -0.0101685009603371 -0.0101684910848260 -0.0101684913645809 -0.0101684841321041 -0.0101684961162671 -0.0101684867835174 -0.0101684957309726 -0.0101684898646323 0.312860523267009 0.398954881310144 0.386621799195437 0.336219487987376 0.334053790303806 0.289151026208663 0.242715107842267 0.233483680153724 0.255571730905625 0.140356325429164 0.0811649905137498 0.0320315753126226 -0.0158597204854477 -0.107509115919979 -0.173452432708742 -0.258852396196572 -0.240392396673173 -0.139927254805118 -0.0101684913799704 -0.0101684925583380 -0.217560998606694 -0.230348635755089 -0.210315341201463 -0.0101684896874993 -0.131239774736580 -0.0101684890496993 -0.0101684890761217 -0.215235204353805 -0.198681819824182 -0.111907171003993 -0.132005899306834 -0.138344454862193 -0.0847091841366773 -0.0192399167580485 0.0309618965553489 0.101769453491076 0.0935918219961550 -0.0101684930454932 0.0680011493926556 -0.0101684920616518 0.0769319128274034 0.0499972567364069 0.0122524778429639 -0.0388742622493116 -0.145228954449805 -0.262003190237995 -0.252475390103886
# FDY_1_4:
 -0.0232762409706027 -0.0232762506865525 -0.0232762462780167 -0.0232762471282637 -0.0232762433224787 -0.0232762472896688 -0.0232762485153417 -0.0232762523551484 -0.000178445820006701 -0.0210009060969689 -0.0232762419511650 -0.0563181432380500 -0.0358576694323789 -0.0599883754092394 -0.0239225261992164 0.000610770273447692 0.0826751868056324 -0.0240179480254774 -0.0439773163793111 -0.0800822778473398 -0.0782861012621696 -0.128657002551878 -0.133553579618334 -0.129161050473042 -0.135031456158698 -0.105029605281502 -0.108372109080149 -0.0731878903508401 -0.0867692097843626 -0.0562953108954209 -0.0232762402945150 -0.0316928289323490 -0.0300598494030266 -3.05166879872587e-005 0.0856194538499375 0.0779030128637208 0.101980286451016 0.184652643687546 0.186155914412803 0.204210583395656 0.191519434682547 0.198313571246120 0.189943589644425 0.192041070310089 0.194989310690843 0.162466384472205 0.170453703014701 0.137511390798116 0.112763971330440 0.0753140964589880 -0.0250369519192981 -0.118536901601177 -0.187617003215609 -0.240503354290950 -0.303197585641699
# FDY_2_1:
 -0.0325940107858929 -0.0999104714755002 -0.0860399923718991 -0.0922240750930892 -0.117698753350764 -0.136944955695679 -0.128137908869721 -0.115573587118245 -0.136677809472730 -0.141830779199334 -0.180573743205114 -0.182261450366966 -0.154824438819602 -0.159261144451554 -0.147984705984100 -0.0934922832303838 0.0210226026200952 -0.0421036885782933 -0.0692449748953650 -0.0911034895947929 -0.0844586598602065 -0.158388819448366 -0.164971698754718 -0.159249806211588 -0.174755862970998 -0.163467666983310 -0.109650145268671 -0.0708992813791832 -0.0333099015115013 0.0154315388439989 -0.00549815298496742 0.0556948590872561 0.0597688156683326 0.0924491718983586 0.170341444487568 0.211243457830484 0.202466727357754 0.227243252951202 0.233414921522839 0.265388149408934 0.289993472158655 0.286749318233515 0.288838525593641 0.258983643768694 0.249365628558792 0.164238739777682 0.183355883154500 0.311693506091856 0.277461578780214 0.293495723058381 0.110149990367568 -0.0537499991952369 -0.181094256045998 -0.295113926264295 -0.405700511782257
# FDY_2_2:
 0.551473563178015 0.135248488553027 0.133192857607123 0.0368007436944093 -0.0659821146155076 -0.126469073919770 -0.0722450730413933 -0.104399916494358 -0.161824270252369 -0.656541078165778 -0.247611596406057 -0.241804987171348 -0.110041504650131 -0.00314722279868133 0.114886029469091 0.102942788697994 0.166490148807787 0.104217529623220 0.0794031687821019 0.0617239503468034 0.0527261345687921 -0.0119033620014577 -0.0730800861048844 -0.111912060019125 -0.141075027441308 -0.244789955437136 -0.221125871290902 -0.0336814078879064 -0.0820958993590291 0.0202598175288721 -0.00955629888058177 -0.00535581216769225 -0.0403039691252911 0.0380976468039680 0.131112726100109 0.214691368497941 0.212834493247139 0.204481972972196 0.112106866950380 0.0699649695851138 0.0668107647926647 0.0216246350284563 -0.0569989599707033 -0.178350056967065 -0.0640701466821281 0.0144739688526625 0.101179738148853 0.136396635337765 0.165900230212472 0.155369628001992 0.0796175942083479 0.00924171511657486 -0.0421249303030778 -0.0834374072459883 -0.103342086314201
# FDY_2_3:
 -0.134805033681662 -0.117852804733498 -0.175844948722734 -0.343573382624401 -0.372649949055391 -0.215767682876303 0.0116829904872618 -0.243556223341016 -0.366388055975946 -0.454619098478474 -0.326995940956736 -0.356572893865126 -0.271508861847334 -0.197563079606237 -0.0798973650116703 -0.0393889399213527 0.0817770189407894 -0.00475178695067211 0.0660629029788311 0.0108994641509803 -0.0154782596220231 -0.132922825341671 -0.149765837900948 -0.0413352636220112 -0.0610955123552539 -0.0187441609707830 0.0401274533501675 0.00443267817206763 0.113325558393288 0.171758268690226 0.181660433549309 0.190604504100373 0.225390878972010 0.243669786866054 0.300116124145026 0.351218095254103 0.573301059672567 0.840921583425607 0.527423070412730 0.151685812581038 0.0652956508720764 -0.0365153655554777 -0.225485910758822 -0.161005716682473 0.0470635446135000 0.0393658019657040 0.0777546664053663 0.0742230219312161 0.0816933081072053 0.0832117050541224 0.0757239134867949 0.0266067662626866 -0.0120207046772751 -0.0206795948994809 -0.0802108628063294
# FDY_2_4:
 0.141612784821335 0.141215101586696 0.142759377947646 0.0919789682490176 0.0506650184768689 0.0441851538609526 0.0723555984733495 -0.0139756297454449 -0.0838770758262037 -0.162848579469587 -0.0818202149131211 -0.0830888413019939 -0.0232208649649670 0.00672599954408739 0.0432826888168569 0.0920511947449741 0.136797800647278 0.0463319879857216 0.0290249265627742 -0.0133438504994738 -0.0841677620480303 -0.131163530718870 -0.160937410420663 -0.163737891342187 -0.192366265505675 -0.175682139280611 -0.145342536583664 -0.0802967840633202 -0.0955651017724181 -0.0587462984671973 -0.0637023065906308 -0.0270101699770664 -0.0252892526692521 0.0101543784187111 0.0651490974673350 0.0972839548531668 0.0983949152749433 0.125214297697846 0.0798870130711289 0.0614365603676892 0.0250208792536886 0.000195632438832163 -0.0151689574589633 0.0491182395488665 0.0463389289868199 0.0488787045232058 0.0823706294550344 0.0843242635230879 0.0859879478508581 0.0794166842079771 0.0427553015539730 0.00540911745330199 -0.0397495013559292 -0.0843678909558005 -0.120854291732955
# FDY_3_1:
 0.00000000000000 0.00000000000000 0.00000000000000 0.00000000000000 0.00000000000000 0.00000000000000 0.00000000000000 0.00000000000000 0.00000000000000 0.00000000000000 0.00000000000000 0.00000000000000 0.00000000000000 0.00000000000000 0.00000000000000 0.00000000000000 0.00000000000000 0.00000000000000 0.00000000000000 0.00000000000000 0.00000000000000 0.00000000000000 0.00000000000000 0.00000000000000 0.00000000000000 0.00000000000000 0.00000000000000 0.00000000000000 0.00000000000000 0.00000000000000 0.00000000000000 0.00000000000000 0.00000000000000 0.00000000000000 0.00000000000000 0.00000000000000 0.00000000000000 0.00000000000000 0.00000000000000 0.00000000000000 0.00000000000000 0.00000000000000 0.00000000000000 0.00000000000000 0.00000000000000 0.00000000000000 0.00000000000000 0.00000000000000 0.00000000000000 0.00000000000000 0.00000000000000 0.00000000000000 0.00000000000000 0.00000000000000 0.00000000000000
# FDY_3_2:
 0.00000000000000 0.00000000000000 0.00000000000000 0.00000000000000 0.00000000000000 0.00000000000000 0.00000000000000 0.00000000000000 0.00000000000000 0.00000000000000 0.00000000000000 0.00000000000000 0.00000000000000 0.00000000000000 0.00000000000000 0.00000000000000 0.00000000000000 0.00000000000000 0.00000000000000 0.00000000000000 0.00000000000000 0.00000000000000 0.00000000000000 0.00000000000000 0.00000000000000 0.00000000000000 0.00000000000000 0.00000000000000 0.00000000000000 0.00000000000000 0.00000000000000 0.00000000000000 0.00000000000000 0.00000000000000 0.00000000000000 0.00000000000000 0.00000000000000 0.00000000000000 0.00000000000000 0.00000000000000 0.00000000000000 0.00000000000000 0.00000000000000 0.00000000000000 0.00000000000000 0.00000000000000 0.00000000000000 0.00000000000000 0.00000000000000 0.00000000000000 0.00000000000000 0.00000000000000 0.00000000000000 0.00000000000000 0.00000000000000
# FDY_3_3:
 0.0191474793579140 -0.0350085665485396 -0.00940578095285146 -0.0381766683257757 -0.0745387114366936 -0.0993786638793216 -0.0865376425007135 -0.102566566991738 -0.162170918766847 -0.246210076520812 -0.205904110580495 -0.236413327887287 -0.188579572083434 -0.110692866736032 -0.0560545211062880 -0.0807504824612236 0.00640435518752140 0.0342409326044523 0.0301207066850825 0.0269860789486808 0.0261279182329281 -0.0253674455939668 -0.0444987507810893 -0.0659814428814687 -0.129188071124057 -0.0699765957092642 -0.0554005114615133 -0.00200828553667483 0.00798374077780332 0.0380438251730601 -0.0211678391036575 0.0159806316245902 0.0552176995891584 0.0552373080063568 0.130434695580487 0.137808626222896 0.140101281354045 0.0694752648803720 0.0943487381283918 0.0504930916702144 -0.0110817117054266 -0.0644868621340745 0.0404186573072782 0.0681495080589127 0.0833385587521875 0.154069045182283 0.225281843561589 0.166092887236894 0.180083034928625 0.170559545721226 0.108103358684233 0.0766833016561476 0.0539555574826171 0.0323653426225249 -0.0757070224092256
# FDY_3_4:
 -0.188392088993748 -0.211368703766641 -0.208404689985021 -0.216353904332814 -0.230277606920545 -0.207120405468048 -0.188757011057059 -0.200450630026767 -0.228780857461315 -0.209262511724558 -0.281286107520914 -0.200843926460302 -0.219524538638290 -0.240955015931112 -0.117660703244422 -0.169499758791167 -0.0102671729163917 -0.0210123231504525 -0.0993979361533328 -0.175189155079526 -0.190988533852368 -0.260794466519105 -0.266079078837901 -0.211811599150019 -0.174940494696003 -0.221198762522036 -0.0521438174500300 -0.0892316340313033 0.156897256929473 -0.114440254736204 0.122068893280641 -0.0303972485438462 0.0956936231746623 0.0263368390471892 0.167660261521698 0.249428608636263 0.236184795650622 -0.0732291715073044 -0.0732291683119555 0.161301609485535 0.145967333207123 0.275791609089994 0.241845394851521 0.740142542940081 0.482585496927527 0.832997700195515 0.222174181620541 0.281438633362842 0.238446812789558 0.331346690789915 0.288712773185867 0.0767838562995879 0.0425790227038098 0.0531432400992613 -0.0862378980087209
# FDY_4_1:
 0.228020068399211 0.160871454021440 0.119546683132709 0.0559483841528380 0.0195996085160803 -0.0208297169998527 -0.0458788899884851 -0.0554168227387096 -0.0638156089191696 -0.0415286143287388 -0.0495326779049024 -0.0634965631221481 -0.0936530432104131 -0.100069000451160 -0.0945920926915832 -0.0824704343811463 -0.0780282318861619 -0.0771343295964873 -0.116414416460137 -0.139488613482793 -0.184023804366508 -0.226774877645539 -0.262399307259047 -0.269420241104727 -0.293105897415447 -0.239116272113569 -0.165814002886029 -0.141190062577641 -0.0944778905098416 -0.0155854875528257 -0.00887515642647448 0.0931546432268654 0.0946879533385016 0.134170612787746 0.211825731236951 0.272860912500693 0.275380102564814 0.280521021058089 0.257187446745375 0.229560986455084 0.228917325011920 0.254737896660364 0.261203660624213 0.167054739816386 0.103971990319498 0.0266752300832615 0.180838666467229 0.366543632799989 0.417348180442085 0.434744167006291 0.0949848461323916 -0.228378283802962 -0.417370991308631 -0.593201053387162 -0.708273558981734
# FDY_4_2:
 0.221415360714458 0.164099586560250 0.128717846653168 0.0570757759734260 0.0208337927371599 -0.0224106685129117 -0.0476088896132049 -0.0551143943481424 -0.0588756153378888 -0.0382030318605963 -0.0315263827707508 -0.0460737459732218 -0.0698085364382248 -0.0810992210166034 -0.0737468190442120 -0.0625091077280581 -0.0575319991479663 -0.0503283471625650 -0.0903181085161996 -0.118754810225713 -0.169156669554578 -0.210473738551112 -0.248034332538526 -0.253820852394494 -0.281400005166179 -0.229527863114449 -0.152573399120073 -0.124542122196663 -0.0832290133274116 0.00376879514015799 0.00365144606328533 0.108439686976003 0.114509653142704 0.146473865155202 0.227823850253778 0.286992369068979 0.292767745756923 0.297185324454670 0.269222530210473 0.238874255654537 0.236342419810740 0.268199300095521 0.235804295015224 0.111689690427441 0.0582399091482440 0.0233863403223012 0.158954870300436 0.323726580200992 0.383421124261083 0.406111401186861 0.0355737725531327 -0.295201012413916 -0.475304744200226 -0.642157848419510 -0.753970309143754
# FDY_4_3:
 0.409148860734297 0.354867911446384 0.319996946978864 0.258083534294193 0.234604700329651 0.239842154749559 0.251644815836456 0.280556263349301 0.277674862979883 0.250591760674384 0.200191058507021 0.132458069278721 0.0773466592029688 0.0505115678749106 0.0480427297369193 0.0662366022633456 0.0995358189533231 0.142211165417778 0.0987466879084236 0.0564569551646901 0.0113056982980442 -0.0181324849376196 -0.0528368212355998 -0.0522928512021290 -0.153779974428807 -0.194058709591936 -0.0917811353064668 -0.116471824977970 -0.119711173066116 -0.0231755636497930 -0.0640870743808872 0.0684054308200135 0.147856354479826 0.176258457317082 0.229302222399045 0.268793024690082 0.260511603544573 0.275331296739074 0.292753645430470 0.266954590198788 0.263062474556016 0.285662579446989 0.363733855625911 0.362263467091492 0.460955209138382 -0.210121672304740 -0.528667208311332 -0.611068987369340 -0.713488301212897 -0.604085884403309 -0.532166432400577 -0.641967732766094 -0.738583022036500 -0.965271272667219 -1.15015090920753
# FDY_4_4:
 0.392273094390321 0.343719736623428 0.313193450018697 0.245709000590014 0.219110513454831 0.205610246734790 0.210574162575279 0.229760827549956 0.230890984085433 0.228244564533676 0.190314011023974 0.127651009555285 0.0728767270426657 0.0456242348182011 0.0476936082725802 0.0575273521691019 0.0837681757286083 0.117572688765755 0.0754594153976630 0.0408556655798413 -0.00513525140841449 -0.0435829217684350 -0.0784655036302600 -0.0819675310123878 -0.158245024577080 -0.178890082618659 -0.102788496512346 -0.105132921699269 -0.0924186132808134 0.00146967129971347 -0.0206430239914622 0.0906304237835599 0.161951068993531 0.203840226838024 0.257223262516063 0.307999738960812 0.292011339127736 0.312642019709439 0.316542081021258 0.293233022569573 0.291778578287214 0.266866644996960 0.283872162863617 0.207765478239797 0.215571836235624 -0.198784280750426 -0.418072389333177 -0.487946596527862 -0.577742295384673 -0.522355598337485 -0.501108782284630 -0.624019289828925 -0.743233095996250 -0.938331227806122 -1.10296409760435
# FDY_5_1:
 0.0138143102891609 0.0138143063992423 0.0138143254641688 0.0138143182387556 0.0138143082469127 0.0138143070875326 0.0138143191684786 0.0138143094817685 -0.0606533305159160 0.0138143132381948 0.0138143226689132 0.0138143013504542 0.0138143144002164 0.0138143136493557 0.0138143101077611 0.0138143118704382 -0.0705780891630946 0.0138143204566393 0.0138143133815432 0.0138143124546029 0.0138143054363387 -0.217356593202962 -0.252939678565317 -0.260036481179152 -0.283075326260221 -0.230641385983983 -0.157348774167237 -0.136039572907339 -0.0913761812711919 -0.00569051079099539 0.00184895601081023 0.0138143132521161 0.0138143042359407 0.0138143048577420 0.221531065997424 0.283228392050042 0.282820565260591 0.290677701426227 0.0138143268350313 0.0138142978552243 0.238591664018066 0.0138143049288371 0.270624195732290 0.174855596303331 0.116385569650100 0.128303276102574 0.0138143078141558 0.0138143238007332 0.0138143150216846 0.0138143144112866 0.0138143059437906 0.0138143150374622 0.0138142999009470 0.0138142992087319 -0.699003335038208
# FDY_5_2:
 0.299812363258761 0.238103322060925 0.0100822107253496 0.234207517364894 0.0100822245097730 0.0100822324567956 0.0100822347633745 0.0100822219773871 -0.0285149313463099 0.0100822248704623 -0.0585370755453455 -0.0856921982967852 0.0100822300821422 -0.129394923999304 -0.0791238182397535 0.0100822350891060 -0.0809274175460290 -0.113246577647633 0.0100822295073149 0.0100822268416961 0.0100822283922398 0.0100822216344162 0.0100822258233196 0.0100822238084513 0.0100822265989667 0.0100822239137902 0.0100822285938980 0.0100822259690368 -0.483264996424508 0.0100822346206984 0.0100822175394820 0.0100822270676780 0.0100822290485823 0.0100822233697489 -0.110241812551681 0.0100822262180376 -0.0266329214017695 0.0100822251570526 0.0100822292630392 0.0100822146566422 0.0100822311415783 0.0100822197606537 0.0100822200032330 0.0100822218860051 0.0100822175057481 0.0100822226406006 0.0100822227422358 0.0100822241757131 0.0100822332229383 0.0100822272494775 0.0100822094260041 0.0100822243731756 0.0100822341389140 0.0100822255927387 0.0100822339570417
# FDY_5_3:
 0.251905372941753 0.210178918197809 0.0623492058713629 0.0924333771024966 0.0392346263059969 0.00844251203136635 -0.0277313161690075 -0.0295237878585323 -0.0359673461635984 -0.0418002907679130 -0.0536784957404323 -0.0496735701188670 -0.110123976420430 -0.104627690909545 -0.112989882657799 -0.111998980528246 -0.133165962642940 -0.143108630123962 -0.160396309016072 -0.209294753933538 0.0355855975327383 -0.258242220564758 0.0355855986732570 0.0355855984798944 0.0355855967486863 0.0355855988965211 -0.221721413395982 -0.178569357649209 -0.155402496972513 -0.0837869007119910 -0.0771893332416455 -0.0942215106633880 -0.0730839722700879 0.0336312536675988 0.157231002812743 0.190932453319253 0.206587518019522 0.174592394089445 0.183131127895027 0.187558249810082 0.158322890685699 0.228002350359060 0.299479333961535 0.272431782421823 0.340143471646806 -0.0772797445823680 0.424511333263242 0.559626751044595 0.560049076256276 0.155211088295006 -0.178875101270729 -0.326733624222806 -0.505806668269784 -0.649442235520678 -0.769478507942773
# FDY_5_4:
 -0.0122343328200090 0.0660958213436552 0.0338171710943841 -0.0122343252874522 -0.0122343393061602 -0.0122343347562957 -0.0122343289334255 -0.0122343500923091 -0.0122343332053452 -0.0122343198864135 -0.0122343351498849 -0.0122343326675861 -0.0122343313239720 -0.160719282258491 -0.0122343352507473 -0.135286675495841 -0.0122343291584296 -0.134147041808664 -0.0122343351928718 -0.182620105229155 -0.231064969216027 -0.265043328642807 -0.302879079057049 -0.298618668174104 -0.302860329715300 -0.240383643011285 -0.182707077937766 -0.132529916353540 -0.111204430016435 -0.0277628061073337 0.0532261426345750 0.108601852270021 0.0898048753983335 0.194301296967042 0.284108649711555 0.348188187009636 0.315013421791488 0.306599860391952 0.299472613249649 0.276940457426938 0.275518119749861 0.265093264030816 0.355921562370064 0.353933983714997 0.392203012793727 0.199860512095641 0.258088289020821 0.355987452371679 0.420346078219047 0.0336534781020125 -0.260974480243267 -0.335912345004934 -0.455278798012849 -0.609970511287940 -0.745531951154200
# FDY_6_1:
 0.0233900778339226 0.0233901027995486 0.0233900779860143 0.0233900718563051 0.0233900751921807 0.0233900753269156 -0.0599414060075885 -0.0708520247540505 0.0233900771943303 -0.0594780099383348 0.0233900699939593 -0.0786214702278938 0.0233900784766920 0.0233900732418706 0.0233900745346862 -0.0949560756426562 -0.0893957935513850 0.0233900741687434 0.0233900736074537 -0.151739715409236 0.0233900799687962 0.0233900756901539 0.0233900549324046 0.0233900702754914 -0.302614932561290 -0.250337122193780 -0.176705417922996 -0.151930890606855 -0.108269862262325 -0.0234779114850807 -0.0205495485023917 0.0233900765974673 0.0233900757879859 0.0233900804186728 0.0233900685223489 0.257233442636058 0.256837966604474 0.0233900670997029 0.0233900727211831 0.213983513250616 0.215415081877996 0.240675211758635 0.246604682538884 0.150716326568034 0.0854806815269955 0.0233900731512115 0.165048973168512 0.350849279066252 0.402069991717756 0.419164675763114 0.0796294829273611 -0.243170790564012 -0.432040105674003 -0.607514782219254 -0.723475247259598
# FDY_6_2:
 0.479160298760782 0.266736735312742 0.501817908846592 0.496738097844415 0.328386009496197 0.334610637010620 0.225345214305188 0.196132033509105 0.0928147422406141 0.0729648645067882 -0.0515100429164969 0.149078807023474 0.0563755867270959 0.138497464347791 0.134138863340749 -0.0217801888549060 -0.0172779421297524 0.0912925288901874 0.151950436851077 0.0278499223034241 -0.0348689428721056 -0.412664009570321 -0.565924026612454 -0.0106691390302065 -0.232043438144831 -0.362930857523351 -0.258712507520933 0.0874354787969751 -0.117270287784413 -0.110541074301032 -0.153719080262598 -0.472446192645606 -0.515855446965734 -0.179259805338815 0.0737715930198433 0.114311184516745 0.0698360843532054 0.0797974787279388 0.159730613982809 0.184574887126583 0.241161993372006 0.332781367395214 0.358294826784188 -0.360544419984941 -0.240671346805337 -0.310682918673721 -0.0768273388341955 0.268672893762941 0.437706599635623 0.447374269363791 0.0235737500599443 -0.326364686112167 -0.481651484718826 -0.616169329754483 -0.692528664857424
# FDY_6_3:
 0.270501815193114 0.247055170226747 0.683784291187061 0.754744052732292 0.677808632504633 0.437034942828166 0.0717193273518771 -0.0451606442968763 -0.0284677489795583 0.0776827167216024 0.0477327261761699 -0.0543134515959877 -0.154399726515917 0.129088047403163 0.199319351175025 0.0387372753601244 -0.0346831692503685 -0.0846782761316164 0.168012219930120 -0.0592290103605720 -0.198060264232316 -0.365357706927524 -0.510818000936194 -0.371965188315914 -0.403592510713150 -0.467402174727192 -0.520359176343532 -0.303314858055545 -0.243598708290015 -0.127171771781575 -0.211587395554427 -0.162726383503478 -0.150895621979291 0.0270970854692277 0.159302807971234 0.204492999909160 0.214221918758167 0.202847595603132 0.220362460341691 0.180022354120150 0.229848121144623 0.201500626496965 0.222674187436623 -0.0446812769579007 -0.153777920659269 0.0148771819143648 0.238605124931054 0.324435552663692 0.382604430600868 0.223854382323340 -0.0701068518208067 -0.358527140877779 -0.476897201397783 -0.586144913165198 -0.662050305104603
# FDY_6_4:
 0.541395465679096 0.589733057651379 0.210798316451666 0.766740673588888 0.682411122439536 0.460833034580663 0.0935668595123057 0.0310221741556144 0.183515474345095 -0.0316373261795723 0.145526310098915 -0.0427653114878456 0.116300282116581 0.182629701994846 0.230713964030834 0.165975513233610 -0.0733995681578651 0.126041536455549 0.170410961806558 0.134286072465905 -0.389606833874353 -0.361902901376789 -0.433168871768124 -0.771445500252872 -0.950625761407277 -0.615075705343298 -0.470756705733923 -0.379066136748573 -0.247362550895347 -0.166012611031167 -0.394128904479281 -0.179435760781868 -0.0420087314024659 0.0828682541875815 0.282330283448319 0.195523436227747 0.165788510604984 0.210721190361143 0.282851770125577 0.273319542502467 0.267469571732750 0.0785627100077136 0.222468669292195 -0.0816747527680574 -0.101077895686274 0.0832199350396382 0.244206480684697 0.297057165186415 0.390477971935884 0.145346417254013 -0.124289098757949 -0.404947695441560 -0.507188442712303 -0.600635077633964 -0.685900285277438
# FDY_7_1:
 0.395925340283958 0.320749674832446 0.285361280852015 0.219819877871358 0.185962917605543 0.155080240920102 0.170623864868474 0.203725139867300 0.235624296354422 0.248788963877503 0.183041360798352 0.123560451750302 0.0430019730952624 0.0193403432232184 0.00385492757984539 0.0141100230690743 0.0280519700394803 0.0529939430603834 0.0578724731720941 0.0261209014419918 -0.0293459994699799 -0.0706515315511460 -0.0857862360059230 -0.0787127957356138 -0.108275364290982 -0.132003364994434 -0.163264120627506 -0.0814362097270918 -0.0848851046910948 -0.0376715870166757 0.00948112741496219 0.0153115738757012 0.0899621349568038 0.201436778632802 0.246557319122956 0.264157290387285 0.263792708411667 0.217748642414395 0.262526559272698 0.270238628213576 0.250322020083807 0.271697491332876 0.264643759267988 0.275931688761744 0.319334427130480 0.366398130577270 -0.115638950631868 -0.424546997298788 -0.579678822141867 -0.714359787962456 -0.662124267995201 -0.622207058598420 -0.722638717953239 -0.829387163703561 -1.02053616402429
# FDY_7_2:
 0.341144472805372 0.285904196899056 0.246910447081854 0.183536866652910 0.145539191498388 0.106554845144456 0.104232009794211 0.122451111111038 0.119472363083844 0.155492559010924 0.100297173897333 0.0453409485685833 0.0164658708701017 -0.0265139512417426 -0.00801851419416518 -0.0387903565788371 -0.0409575748370904 0.0124615165155754 0.00155296135954345 -0.0198982361356731 -0.0702627064678428 -0.108228804925265 -0.113828737676197 -0.131938400563269 -0.161210710267410 -0.146703290009484 -0.126019057186483 -0.0603563543923248 -0.0605160376096288 0.0101014440861801 0.0329909592406158 0.0935399485538399 0.119024348815117 0.176302977963545 0.227403127360617 0.273820012351685 0.277194210254487 0.262623346965127 0.216163341163451 0.203735473285607 0.197713961344889 0.123052109940392 0.155202514132038 0.180556500764453 0.208515854315847 0.223771105773022 0.0239743047086389 -0.145576876672202 -0.230823985810303 -0.350490311328699 -0.405935303432350 -0.489663085845171 -0.616537786248138 -0.737682422870448 -0.903089571020017
# FDY_7_3:
 0.338447616220425 0.283142310785559 0.248370586812079 0.179295323782492 0.144361952773329 0.0954504566332746 0.0690086195360970 0.0798930641257127 0.0891516296847861 0.118664681240238 0.108452300668670 0.0622256182568994 0.0107082045601652 -0.0121815735653981 -0.0117804446681957 -0.00965039789273026 0.0169905434609052 0.0469967863652207 0.00731104903119095 0.00219517715248307 -0.0685372869780141 -0.129679208546566 -0.165811067979820 -0.174601274846195 -0.185745548377628 -0.158570635744341 -0.141658186017662 -0.0922949976860707 -0.0626391197009639 0.0144236042990629 0.0422751835423989 0.0991775598136078 0.136892964851069 0.218116753609120 0.297994169266014 0.336152320312965 0.342648129843518 0.312770860355572 0.324097909531543 0.319054684406207 0.305526639640732 0.251829662350143 0.215945245750482 0.0309512435874362 -0.0442332827340712 -0.00515770816763728 -0.0302168908646643 -0.0994893592724904 -0.150318957023830 -0.293585751940119 -0.399037528586883 -0.523668545127759 -0.676007191336071 -0.789302946489121 -0.924354948703167
# FDY_7_4:
 0.458314478500563 0.392524996063233 0.359033554772108 0.299049799829286 0.275976862877715 0.265820725444935 0.289033892945313 0.324019395891795 0.333436329514047 0.299288401382691 0.233865316098030 0.160340835071326 0.0966886813388624 0.0688574209319646 0.0612526273612722 0.0820843905447737 0.118368183714970 0.165147076522947 0.136335892357056 0.112819280701334 0.0476879006628679 0.00744023000273168 -0.0162348876669919 -0.0104891666095248 -0.114191634240446 -0.167386901967575 -0.0936205605881477 -0.0923156270970480 -0.0899829250833510 0.0159831074592980 -0.0472890493327911 0.0875779745892616 0.178408683588850 0.222237695577215 0.264186716220218 0.297257371787383 0.280821194543325 0.307132646015090 0.329420988485132 0.317263424054491 0.292658151145195 0.273907597638741 0.304060251215783 0.245060531765064 0.287508805010009 -0.252877211907894 -0.600496477839098 -0.731408484741670 -0.846943045173606 -0.741138073465592 -0.643910548761841 -0.740183732906432 -0.844966993742162 -1.03655638839204 -1.22087970210867
