# Number of parameters = 1827 Objective function value = 29079.2666118311  Maximum gradient component = 0.00346688147585761
# lnR0:
 13.7243385827098 12.0914289567486
# selpar:
 0.771076683867397 -1.30567926427245 -3.33803279359687
 1.34409751451627 -1.26287870701197 -3.23189200435331
 -0.800943473838231 -2.07811341206997 -0.987278855708739
 0.307522023614331 -1.34615011876003 -1.73530323273837
 1.60511725438935 -1.01323480497155 -3.43611800978812
 3.37011517002170 -1.30468398584868 -0.159553498730924
 -0.165420022972212 -2.19987012800717 -2.21453218668928
 1.23478537131944 -1.54596094108894 -2.76341906688963
 0.136665254527196 -1.69257555091297 0.967268861983779
 1.60845253040151 -1.23437848263489 -2.12469671036864
 0.441100168564160 -2.65000803714137 -1.59330489662502
 1.61553610996244 -1.29581529146393 -2.97694218524295
 1.18802045241809 -1.77577248909079 -3.14162433928106
 -0.194916540284631 -0.295993398263081
 0.740758129203211 -1.70156056320359 -1.65351500136536
 -0.977755287493167 -3.04583186045716 1.99992547314586
 1.35726696064458 -1.23188555261357 -3.24394291143848
 0.565987630178108 -1.88712942935175 -1.75122722035943
# movest_p1_a1:
 0.276143804641045 -0.291382428965820 2.05457051785094 0.433659735559726 -0.815190115431505
 -3.03314419415628 -0.738971430822682 0.0745299401505193 -0.0107568527795623 2.00561384211240
 -1.21967932121149 4.10005931130487 1.78867868679094 -4.35940209358585 -0.671886087411385
 -5.85820796004854 -4.64186071104354 -5.91730298070575 -3.01523974728724 -1.90928830791172
# movest_p2_a1:
 0.628990588723784 0.0101914160837655 -0.210651021630112 -0.0572356421616069 -0.105075861895585
 -1.09375404230352 -0.317333509121904 -3.44077778194382 -0.586294549312848 3.31926020012328
 -2.21819092656878 1.21621713861827 0.0709863441973191 -2.90621951133146 -1.01710486523724
 0.0871162852870473 -0.139621376851005 0.677055072285548 -2.32389256373081 3.56591296017853
# movest_p1_a2:
 -1.26663440505634 -3.96716966373057 -0.326555084391259 -1.40512524349115 -0.997345583419265
 -2.34048702254920 -6.54920333543255 -2.87946967876788 -2.17553339749988 -4.39913892877434
 2.74431473150949 -1.82608937720594 3.30181985870736 -0.161907610248558 5.82966369308642
 -0.0160269503350046 -4.54879478631426 1.92332975152560 -1.12476480380102 -0.0290681158556634
# movest_p2_a2:
 2.83114125860197 -3.58068316971330 -3.55065680128488 -4.51487982916910 -4.38485773836110
 1.86852528822797 2.43847107496695 -0.307049353244925 -4.99289077775344 -3.99372692434577
 -0.440846545448083 -5.46728477667042 -4.31039603862793 -6.12782263206627 -4.20741954363934
 5.95505178934015 -0.207698524745096 0.316245366435238 1.82989127855361 -2.13715838974782
# movest_p1_a3:
 -0.133473138436833 -1.30562985117536 1.86663034336395 -1.54538904160196 -0.341738401421770
 -2.08264801097394 -0.996625570930518 2.43079455130305 -1.79094115229627 -0.144363119436254
 -2.45085471581837 2.81867694523398 0.312037153665848 2.90828621398600 -4.79532084274022
 1.01440730676730 1.67216106005714 1.94015464757266 5.05243869282357 -4.28028897427500
# movest_p2_a3:
 -3.99231389707729 -3.53407783830515 -1.71856476410837 -3.66995703737887 -3.59983679001317
 -3.04265564433240 -7.99999990447085 -4.13305626392127 -3.08468635898091 -3.65823168951563
 2.55463610284142 5.92817909913441 0.614694530486872 3.29714670447037 -0.621704943245923
 -1.76054894989733 1.18252747751860 -1.94811616363127 -1.89413240728382 -4.38401163215125
# lnqE:
 -4.46481367311956 -2.91369585694273 -2.46205886740732 -3.91854199384210 -1.62508338261257 -1.35660295134002 -2.14844628142329 -0.360071753265526 -4.41564942001748 -2.57151222126568 -3.35917677111581 -3.10593778537843 -2.52423632177489 -1.35192723373742 -2.61473701740570 -3.75874485159029 -4.02275904897001 -2.58500171087631
# Fmod:
 0.432332951425732 0.717803568825982 -1.91203833083924e-008 -2.50829140762989 2.33143016102904 -0.0468347202931268 0.900186096429330 0.519911683294115 1.05640434967809 -7.02649829748785e-008 -1.85362830554087 0.280123958222721 0.428077899362050 0.706314564376534 0.410448012190594 -0.194818472286760 -2.26804586426232 -1.88732932948869 -1.34203786013207 -0.340392231263319 0.830983225438470 0.384639830970862 0.344877713403619 1.87263784378023 -2.48349636564550 0.305479172092104 0.489826505985988 0.913397109422460
# visc:
 1.29814544628014 1.25092168555845 1.48474818041872 1.78357172635116
 0.476210281538890 -0.328780328852228 -1.26490194167173 -1.85531901226849
# lnRD1:
 -1.02217979927879 -0.851883837760789 -0.433466729967128 -0.592766009678367 -0.469262146022738 -0.395010136852025 -0.540927926619475 -0.403693863049285 -0.363261132485838 -0.153603111078890 0.236900838634455 0.235364673020729 0.355234618934593 0.388720750134611 0.322256893361852 0.460165976560447 0.123753511404533 0.281400986039261 0.356243635577791 0.484286468494214 0.515441100833459 0.356789027696809 0.793879318842852 1.01351394705417 1.27766487595054 -0.505175543966565 -0.698059733824016 -0.772326651956408
# lnRD2:
 0.959876766672205 0.0716730176448696 0.661443549439537 0.104000971492378 0.205622032586203 -0.306433802668934 -0.0680416097957579 -0.0943306043167225 -0.188309049067727 -0.0187503907140208 -0.0975656475695686 -0.191735207509474 -0.0339444623650452 -0.192050964378529 0.264881529063812 -0.461846161652342 0.121114990826641 0.303827754413641 0.0720710339624597 0.585068216337559 -0.102494367406115 0.664508308021274 -0.201276408270278 -0.530365447219914 -0.311392941723435 -0.229639982263843 -0.454389581884694 -0.531521541654180
# lnRD3:
 0.00000000000000
# lnRD4:
 0.00000000000000
# FDY_1_1:
 -0.00786051729727610 -0.00786060824160284 -0.00786057636110993 -0.00786062502439755 -0.00786050743771494 -0.00786055306338440 -0.00786048231283765 0.563875041968942 0.500653013961308 0.456040276857268 0.341083957384307 0.300888385911074 0.284588160856587 0.231598850246274 0.193227285865554 0.168380154343496 0.0878196041216377 -0.0141231857630304 -0.0809770228755768 -0.131367463203795 -0.172864644405937 -0.201411926884503 -0.226954366349532 -0.248926824217516 -0.262549803028920 -0.245355921228607 -0.253695857174593 -0.254796249938995 -0.256160888607050 -0.219508674438254 -0.200484706792446 -0.183303620185685 -0.175043460791977 -0.159223640450996 -0.108526685011918 -0.0800038112019008 -0.0623925013389197 -0.0693519758163497 -0.111208215392682 -0.0930256102369622 -0.0458219404761460 -0.0113871494385114 0.0386678631180875 0.0877519237766560 0.107147170072174 0.129472006756679 0.161829884078069 0.126800099743924 0.100426079830276 0.101068458524174 0.0882585732113963 0.0230909338902885 -0.0429156361817773 -0.0607992914184647 -0.0654627819288063
# FDY_1_2:
 -0.00945278118351118 0.732879582716063 -0.00945308976984988 0.685687357123059 0.647604834430709 0.611429122321904 -0.00945300720362758 0.554605228255725 0.507617846596315 0.464771059620727 0.323095252567682 0.290880586862919 0.293777821084675 0.251718969745160 0.183485377694557 0.128098687514561 0.0820176118235301 -0.0680909092009702 -0.133291915088198 -0.180486798330398 -0.205817855920205 -0.248630069608504 -0.268074783477108 -0.287514024717244 -0.309770641494925 -0.298579469994188 -0.307425786742585 -0.312615252478682 -0.319589720395069 -0.287085058517640 -0.270714570220391 -0.255525065099391 -0.248951497104858 -0.237015316938485 -0.180006622981712 -0.153253006891796 -0.145101022165802 -0.152449677989483 -0.197960530608602 -0.166065442393354 -0.112387372450942 -0.0721966421382571 -0.0277375968639228 0.0207729068928498 0.0358366813693403 0.0584579197341331 0.0861768738920583 0.0391304583540615 0.00285557147115961 0.00515007002931971 -0.00582011668060817 -0.0729768211565282 -0.145576017426097 -0.153367292057628 -0.153614044809948
# FDY_1_3:
 -0.00746297561498903 -0.00746256385681836 -0.00746261727118551 -0.00746272182863266 -0.00746299141608547 -0.00746272678964115 -0.00746275693328695 -0.00746233096022036 0.537183291674817 0.506466726258280 0.410577758224755 0.366042551729525 0.354222568021401 0.301369567988298 0.232700979400341 0.176060436442525 0.131286362882912 -0.00623762030574142 -0.0731933693842225 -0.123158507013578 -0.148118013270014 -0.189857259452295 -0.208440952708081 -0.229247387064707 -0.253093851018091 -0.243986192670052 -0.00746277783666287 -0.00746247669492288 -0.263247108489034 -0.230945391305287 -0.213113734692048 -0.00746268665925147 -0.199577114478458 -0.00746266639526099 -0.00746240517060752 -0.108098522802213 -0.0993837455124317 -0.0986363421804749 -0.151828403805967 -0.127908227315919 -0.0730060701801402 -0.0381636103894313 0.00281604584806956 0.0601984156062950 0.0791064979274401 -0.00746255684949653 0.121777669586974 -0.00746269641106861 0.0531253901219478 0.0505099091740329 0.0480838314431589 -0.00550198403387452 -0.0733732419695156 -0.0796014166472982 -0.0818699849537667
# FDY_1_4:
 -0.00699348749308448 -0.00699333955503511 -0.00699340384453328 -0.00699348962412915 -0.00699346961133151 -0.00699340773349266 -0.00699342687545445 -0.00699346572439718 0.540753264981861 0.433347346378064 -0.00699324721588013 0.349479403999838 0.317773879870094 0.260508965779147 0.226501016291778 0.173937937838879 0.131981661701097 -0.0132759395404348 -0.0487216225710591 -0.0998213189010712 -0.134377726905296 -0.182549757171580 -0.199963875509345 -0.212322930483113 -0.227768985259709 -0.217628940525205 -0.231483138505217 -0.229936729786873 -0.224939638141049 -0.182759076253489 -0.00699352739681280 -0.147581759871453 -0.147127890384563 -0.129667685357923 -0.0589141618059424 -0.0380015702103184 -0.0530888996789497 -0.0521374710651726 -0.0696203696224441 -0.0586690906589701 -0.0433404711982427 -0.00839815139595490 0.0138887717165127 0.0572254229542476 0.0989023143548239 0.117853571531049 0.119092103186252 0.0903277162498314 0.0989495039340121 0.102987869086456 0.0477099264861068 -0.0119735835207856 -0.0291477121503129 -0.0323296221328463 -0.0257382926585804
# FDY_2_1:
 0.518768600995304 0.447210388186812 0.433171706685774 0.399563838119725 0.354365543781393 0.309143677715116 0.282616756113859 0.266283244653995 0.237031435861709 0.223620432013093 0.197116612835208 0.152388273047510 0.114205735212501 0.0961140056455532 0.0921523370728703 0.0702419624864923 0.111001032464419 -0.0277197161004505 -0.0695462561039346 -0.115767883796703 -0.146397305276949 -0.206761790937832 -0.223983807163711 -0.237289096232861 -0.265778001733934 -0.398762095803800 -0.268951983173295 -0.263010229472784 -0.271366787312221 -0.232053936602847 -0.224634742538600 -0.188589366994963 -0.183867950429061 -0.150522180028968 -0.0897928176717244 -0.0607842001120311 -0.0632415059606092 -0.0609158591083496 -0.0700364839842963 -0.0841651366438960 -0.0855924374585896 -0.0731558287557592 -0.0454614640759507 -0.0173485834531545 0.0343956369730750 -0.00539808434265082 -0.0441288517439917 0.0789182417905712 0.0912182524833723 0.0943856227422131 0.0353846385834096 -0.00319197838612267 -0.0547994008807439 -0.113313050690974 -0.292969162492217
# FDY_2_2:
 0.443506594835263 0.379631627733671 0.326949193802557 0.279443112829756 0.227427881888365 0.174371365708600 0.175421098686863 0.203729301368391 0.228434367027669 -0.00114861446080651 0.264947326056591 0.205575859506334 0.199850456118834 0.192752835104751 0.195881183178311 0.171602871411091 0.166576530581679 0.105970343593393 0.0742356762511073 0.0315207498298199 -0.0167912945906254 -0.0800423380381547 -0.126320818711235 -0.151243471661944 -0.196744732265201 -0.326249471639361 -0.281402649282195 -0.251995138542514 -0.282299166378282 -0.214960887548285 -0.247948012316300 -0.208659086747352 -0.189528133319454 -0.117624328729406 -0.0378679593232710 -0.0155282861846377 -0.0532375794420991 -0.0549587585461470 -0.0689907000380600 -0.111924754894306 -0.0918346859660303 -0.109520265456650 -0.119092701677103 -0.180579249276095 -0.0498686977947661 -0.0219012745115804 -0.0343435741598263 0.0251191663096984 0.0947060057432426 0.0857244117805774 0.0428778869892471 -0.0482529939847300 -0.120090907895100 -0.199572911127407 -0.285732401826885
# FDY_2_3:
 0.313433644371700 0.234176824173907 0.239019916369158 0.169306728571952 0.118547755378504 0.0735906001401455 0.0867461127436992 0.0936854763313339 0.0830286558841588 -0.00174220820489110 0.0898023622336025 0.0530028009016773 0.0437112131350871 0.0407978025178150 0.0585877785072603 0.0688399926773033 0.0839995233244940 0.0442644255203201 0.00658861883658415 -0.0323590371204231 -0.103133936029840 -0.170821428130438 -0.208351602736076 -0.214266583280811 -0.241555706832837 -0.248153346802200 -0.248348476470707 -0.205106214131069 -0.194434546745070 -0.120505322791175 -0.129403428092031 -0.0951695614673150 -0.0695701445768776 -0.0118371071747990 0.0623326469363367 0.0856418561496565 0.0584584834670082 0.0262197783842805 0.0121300742372676 -0.0518129416046345 -0.0563817988636298 -0.0799198830178026 -0.183484369328277 -0.150213891378481 -0.0278365561065662 0.00487752027706425 0.0340201864937001 0.0780840864734304 0.130612973283955 0.159764650812315 0.145479054155754 0.0965370752355647 0.0437907445408922 0.0146973589630918 -0.00936863014306630
# FDY_2_4:
 0.634545731514577 0.598290558768604 0.544743494211598 0.484791969709406 0.423677616204840 0.394801360103230 0.404728960280208 0.355843928555897 0.280747056692466 0.235863399127257 0.278716568358457 0.185720869616583 0.178723175059364 0.164180946409843 0.139191781096784 0.0894797409220567 0.0813080926523380 -0.00831561970411892 -0.0467545031908811 -0.0951125165817983 -0.253880424559572 -0.361905469410397 -0.277477750212414 -0.259387789406865 -0.251405894890367 -0.268598334498656 -0.266491574763347 -0.272205631486446 -0.281507703605544 -0.243327597067528 -0.232916449488442 -0.186994942756681 -0.188760053859892 -0.145536624096555 -0.105380189837112 -0.0505731525962007 -0.0771747500105937 -0.0934545258215726 -0.114333432901930 -0.112811345559542 -0.112410943282762 -0.117600422009874 -0.102879199479114 -0.0485536819904039 -0.0442440877721674 -0.101732864453289 -0.0500106981792163 -0.0368415018742187 -0.00839434112895814 -0.00836680879145940 -0.0310825782235239 -0.0671919598671168 -0.138726528150959 -0.213558395648309 -0.199454962125682
# FDY_3_1:
 0.00000000000000 0.00000000000000 0.00000000000000 0.00000000000000 0.00000000000000 0.00000000000000 0.00000000000000 0.00000000000000 0.00000000000000 0.00000000000000 0.00000000000000 0.00000000000000 0.00000000000000 0.00000000000000 0.00000000000000 0.00000000000000 0.00000000000000 0.00000000000000 0.00000000000000 0.00000000000000 0.00000000000000 0.00000000000000 0.00000000000000 0.00000000000000 0.00000000000000 0.00000000000000 0.00000000000000 0.00000000000000 0.00000000000000 0.00000000000000 0.00000000000000 0.00000000000000 0.00000000000000 0.00000000000000 0.00000000000000 0.00000000000000 0.00000000000000 0.00000000000000 0.00000000000000 0.00000000000000 0.00000000000000 0.00000000000000 0.00000000000000 0.00000000000000 0.00000000000000 0.00000000000000 0.00000000000000 0.00000000000000 0.00000000000000 0.00000000000000 0.00000000000000 0.00000000000000 0.00000000000000 0.00000000000000 0.00000000000000
# FDY_3_2:
 0.00000000000000 0.00000000000000 0.00000000000000 0.00000000000000 0.00000000000000 0.00000000000000 0.00000000000000 0.00000000000000 0.00000000000000 0.00000000000000 0.00000000000000 0.00000000000000 0.00000000000000 0.00000000000000 0.00000000000000 0.00000000000000 0.00000000000000 0.00000000000000 0.00000000000000 0.00000000000000 0.00000000000000 0.00000000000000 0.00000000000000 0.00000000000000 0.00000000000000 0.00000000000000 0.00000000000000 0.00000000000000 0.00000000000000 0.00000000000000 0.00000000000000 0.00000000000000 0.00000000000000 0.00000000000000 0.00000000000000 0.00000000000000 0.00000000000000 0.00000000000000 0.00000000000000 0.00000000000000 0.00000000000000 0.00000000000000 0.00000000000000 0.00000000000000 0.00000000000000 0.00000000000000 0.00000000000000 0.00000000000000 0.00000000000000 0.00000000000000 0.00000000000000 0.00000000000000 0.00000000000000 0.00000000000000 0.00000000000000
# FDY_3_3:
 0.456138935360697 0.383241092039645 0.357034731598160 0.301415713624963 0.262297118531107 0.225184373090001 0.209018517935221 0.158734024578476 0.109091141156168 0.0189275754512164 0.0430368966297688 0.00168546542391939 -0.0380142534445837 -0.0426698898797706 -0.0455294118255371 -0.126736141333439 -0.151721154108083 -0.164892160164112 -0.153973199593565 -0.160100640266769 -0.177700420416394 -0.213829014378811 -0.240059468312240 -0.259639492657587 -0.290237650559840 -0.225889659228516 -0.218850832631107 -0.206807413300080 -0.183639892877932 -0.146650089458902 -0.141897444994788 -0.0818464586661862 -0.0485704656153609 -0.0404132212156882 0.0345204985658872 0.0422199435914561 0.0506009941742732 -0.0498884689134395 -0.0332489801777444 -0.0671663650860778 -0.0890962357863187 -0.0929502435599684 0.0460044996375316 0.0637800530930542 0.0726442809941415 0.127923761682805 0.139564587589767 0.108185785579657 0.147601617603959 0.169084245786821 0.109140638572352 0.0569356238555623 0.0274400869523331 0.0222236479209149 -0.0516571825670213
# FDY_3_4:
 0.510147383292690 0.452614018380964 0.417325406462845 0.378483199367691 0.344735223264971 0.326948576079756 0.303420862883405 0.259306791216920 0.217452824443655 0.163113503684655 0.121611835378531 0.120076603647315 0.0743238052838743 0.0202209301268329 0.00717270756518250 -0.0375691834320749 -0.0598216821049334 -0.159298033461831 -0.191681594108517 -0.234458475349069 -0.261816541121646 -0.306463683599272 -0.329477641659216 -0.325322229291611 -0.330859592895791 -0.319983481464367 -0.302168297787544 -0.292106914747391 -0.265820388997504 -0.233073904319321 -0.175139672607024 -0.151472666135034 -0.139406766365258 -0.117703933071208 -0.0320946949306130 0.0165346995593575 -0.00385829385741555 -0.0340480547019061 -0.0340479467190843 -0.0275022707051506 -0.0150349199345291 0.0281512113163241 0.0530614362168599 0.0768369699041574 0.0973738781720467 0.134203530669227 0.0954615534199788 0.0789247007073358 0.0970441987578429 0.113551207595502 0.0646384123299372 -0.0100230487988876 -0.0505726115134856 -0.0553668007740346 -0.0765421452741390
# FDY_4_1:
 -0.235014234069167 -0.295819595572961 -0.344924164330767 -0.414080714837882 -0.459769067705928 -0.499517804197788 -0.509941227817109 -0.515076098656905 -0.505215490584582 -0.493301952836568 -0.514425018146136 -0.515586862760465 -0.532538569195840 -0.515632745869081 -0.478726313407154 -0.431742972631768 -0.381718741262729 -0.341901754454444 -0.324224344535550 -0.317266738533760 -0.346253966127104 -0.341219055120657 -0.340228416509741 -0.309958719215948 -0.299060546282753 -0.239442473195511 -0.158448223012455 -0.0865737912314213 -0.0310512502108615 0.0578047802643953 0.0670587197425281 0.139068134507024 0.154835008428956 0.222555940612776 0.276660804620282 0.313974271402652 0.319010384132197 0.307241067570441 0.308028961039318 0.290154302525726 0.270909214198193 0.284222622340330 0.358638885328322 0.389091573324062 0.510993790175744 0.614471725635402 0.703490443393187 0.770689332355031 0.801361819060857 0.790976208385850 0.735005231406928 0.646626800501030 0.561768627837391 0.479348021679017 0.404674181845390
# FDY_4_2:
 -0.251829232411108 -0.305394952829862 -0.356282944497110 -0.422974807056368 -0.463825821333960 -0.500740301002670 -0.507360951790126 -0.501702832640239 -0.496715278421943 -0.477604758984398 -0.487691918012583 -0.488437082118600 -0.499916607332438 -0.473803664760454 -0.436297407065231 -0.385898174248410 -0.336605515718583 -0.293271001005414 -0.284900767782265 -0.281036981784034 -0.299196191958720 -0.303265834051104 -0.299336023884043 -0.285971102612880 -0.272000529745658 -0.222624729180224 -0.135620097600407 -0.0595099605254956 -0.0118449059426228 0.0713241031243855 0.0787830001575521 0.145164081086423 0.161936410348816 0.222774074488380 0.280650623205903 0.317729569877137 0.319519894830563 0.314105633981033 0.312008853179000 0.287894754172133 0.264662680492237 0.284914158412998 0.343651908823065 0.374320766343184 0.485269689891849 0.688466235742508 0.686397104914489 0.671301430135842 0.702858307152323 0.696712676299988 0.644607119252641 0.563349598010813 0.492455317732546 0.403346259111831 0.327456125529310
# FDY_4_3:
 -0.264493701653305 -0.322065720481848 -0.367746192502252 -0.438267762164094 -0.477099286279500 -0.517734230981817 -0.526413398829113 -0.522413503194086 -0.518135748133610 -0.492255830299548 -0.490167123544716 -0.490939450966491 -0.502513017099262 -0.480764584078783 -0.442756707288306 -0.392465392433678 -0.340375146415779 -0.289966091030299 -0.276587557483796 -0.273442093879744 -0.297862011450218 -0.302160420473627 -0.302993515811384 -0.275834526038724 -0.271817115521109 -0.202333468032653 -0.138695950067246 -0.0681675246115507 -0.0188961338200537 0.0678827493247532 0.0741835795007899 0.154499050934361 0.178633431658597 0.236121336427867 0.305078480509752 0.339217964523712 0.347022189494927 0.333367220321274 0.324344233193782 0.301635473024563 0.285773308751104 0.315918225035908 0.392820044960309 0.407138001823738 0.510102696034163 0.597066443271148 0.667613250709203 0.668687501051649 0.687683327688971 0.705722750093867 0.619449960745532 0.546219776310438 0.494785917201461 0.410334840470662 0.334061451504063
# FDY_4_4:
 -0.258604630317694 -0.319243899562584 -0.364389479307350 -0.440455100997141 -0.473533418941952 -0.512399499811350 -0.526639122132831 -0.525357650068538 -0.515244329826319 -0.493264426475333 -0.490572507363814 -0.493502243496952 -0.503714176699726 -0.480922251719642 -0.441425953509211 -0.386574035254429 -0.335657951709973 -0.285388955261304 -0.272966544135999 -0.272668463877549 -0.295604776768723 -0.304847418513530 -0.308015003428688 -0.265908208603900 -0.276861116027496 -0.199600709002073 -0.138362395813310 -0.0571024064636148 -0.0161613911266092 0.0685060141207949 0.0736021298089482 0.153955777353250 0.178565268186273 0.237771720593805 0.301256867452896 0.343772421183411 0.349002887988493 0.332899790053533 0.326603827750467 0.306270518365421 0.290827641078553 0.318610699943283 0.393656064541314 0.409146210416417 0.512285468432180 0.596828043249780 0.659770044658098 0.652594552596163 0.701540278298699 0.665416480835485 0.609199279669780 0.557128964369547 0.503800204095144 0.400076150540678 0.311900760635222
# FDY_5_1:
 -0.0423894734823474 -0.0423897284510229 -0.0423898887805370 -0.0423897237940663 -0.0423896272062530 -0.0423895014903833 -0.0423895161545562 -0.0423895932334124 -0.493140095335625 -0.0423896423303407 -0.0423895943878907 -0.0423896573423066 -0.0423895334022502 -0.0423897740292299 -0.0423895067874403 -0.0423897871643193 -0.208178353216884 -0.0423897445648034 -0.0423896077114223 -0.0423895961151029 -0.0423897360282035 -0.204053581114181 -0.202640631220925 -0.228807332211630 -0.231563555204886 -0.197883830733621 -0.141484586080785 -0.0615231226316480 -0.0671103967350113 -0.0644796988887737 -0.0750879153869952 -0.0423897234002986 -0.0423897035866794 -0.0423895136530204 0.280540586529303 0.348738927061891 0.468743777891654 0.364640791112655 -0.0423899516497064 -0.0423896344826920 0.340211255093163 -0.0423896091355019 0.452846495752425 0.520210455338457 0.546471530601951 0.431420905221467 -0.0423896558072163 -0.0423895917141850 -0.0423895107045798 -0.0423895680919857 -0.0423897343401423 -0.0423897096603019 -0.0423896771309760 -0.0423896018833083 -0.179013208145520
# FDY_5_2:
 -0.0503677926879676 -0.115430100301523 -0.00509304198763098 -0.189250750230068 -0.00509312446792735 -0.00509320246453208 -0.00509294975306522 -0.00509340856543731 0.0653868752833408 -0.00509303752434435 0.267071440304999 0.217050546953075 -0.00509302363400214 0.118228091017114 0.126338427163228 -0.00509305848719270 0.0970956343411060 0.0899584212048869 -0.00509313218581590 -0.00509293415803950 -0.00509305566021493 -0.00509322412943040 -0.00509318824708797 -0.00509321857914039 -0.00509320888769453 -0.00509320773649894 -0.00509306115679057 -0.00509315486412491 -0.386651120531872 -0.00509309671398065 -0.00509308499076537 -0.00509310028104463 -0.00509313066256682 -0.00509314475583826 -0.0618808691050961 -0.00509311393459048 0.0363638856705301 -0.00509313720453290 -0.00509306797255985 -0.00509323742443461 -0.00509311969709651 -0.00509328557896653 -0.00509325117999930 -0.00509346088655986 -0.00509333212723310 -0.00509310088606111 -0.00509333529868820 -0.00509308719268757 -0.00509322656871562 -0.00509315939985670 -0.00509322137697081 -0.00509312691555434 -0.00509329760763436 -0.00509317113744360 -0.00509316679900199
# FDY_5_3:
 -0.388429416128808 -0.350394185757203 -0.484774554287526 -0.424073863239829 -0.482105163864248 -0.488130358131063 -0.526045192306450 -0.543760189242953 -0.543637502272345 -0.420595082589958 -0.403924300561878 -0.318857645768567 -0.408734590349621 -0.355857075485018 -0.323405209233803 -0.306919533618675 -0.286549080427553 -0.258903484365290 -0.170807263332365 -0.267116706092887 0.0244006572080332 -0.224640056497755 0.0244007495819248 0.0244007761327584 0.0244007527745426 0.0244006978180463 -0.0314621288217710 0.0168963790286692 -0.0333571401629543 0.0428785924764993 0.0505813223613426 0.104433898249546 0.128980530396471 0.245005479871879 0.352417157627192 0.430631742867333 0.498299354690183 0.458596292264134 0.462410312353755 0.460460780431850 0.540386758345643 0.644934749788676 0.722162584594851 0.608576402964091 0.541082981712403 0.134075063362529 0.373685933108594 0.445357531646996 0.304252436650422 0.311067111752916 0.286069941951364 0.229629213521695 -0.0619697099208653 -0.157601223450622 -0.252825529624331
# FDY_5_4:
 -0.00555437504290901 -0.493643496434114 -0.505318937986326 -0.00555454620295782 -0.00555422215500756 -0.00555411153714869 -0.00555409934179730 -0.00555406009252680 -0.00555398664295593 -0.00555418779343975 -0.00555409071170066 -0.00555416502117212 -0.00555410240439103 -0.433340611708041 -0.00555431706189880 -0.439302485937402 -0.00555397340267150 -0.287150959707100 -0.00555407426963961 -0.315995131977713 -0.266112191518092 -0.270590740574860 -0.310194130194155 -0.274040714298796 -0.283272513442426 -0.230566591806230 -0.201938066835712 -0.117259711246034 -0.183259107142129 -0.0771140726508028 0.00628231803321255 0.157540646648116 0.130288989967202 0.252607161433667 0.328680911040024 0.417150136973277 0.442746858878772 0.450853376284962 0.410273979943258 0.373624219636957 0.503131990854481 0.510401251609700 0.614321351188964 0.497451543124684 0.374610494990271 0.0931762319947749 0.0393451992785569 0.0441297955754896 0.0266204382922781 0.00925378621963246 0.00652258887573320 0.00527264977653785 -0.202042063375743 -0.290123169998974 -0.435262912105685
# FDY_6_1:
 0.000851685120163801 0.000851255778021518 0.000851435684114208 0.000851352626960165 0.000851464911516928 0.000851561805687837 -0.0743253131676183 0.0737217455345821 0.000851770117534721 0.717864695230166 0.000851373010737497 0.500788492075051 0.000851710545645077 0.000851588554812530 0.000851471097207111 0.345911321885149 0.296814358737817 0.000851565823139098 0.000851677158996076 0.252313809518008 0.000851650545431391 0.000851635149782191 0.000851445238432434 0.000851602931110904 -0.0576499714162416 -0.134091791442536 -0.233617563842800 -0.283914785955798 -0.360516895239370 -0.271436947970937 -0.270373501869073 0.000851545335864998 0.000851525913044313 0.000851731834571255 0.000851648706021877 0.0578391468993142 0.0523349504771013 0.000851350984436714 0.000851511422718929 0.0903457081439202 0.154197245755489 0.130497651062698 0.156435976106725 0.190522977508289 0.149142691270029 0.000851789019645708 0.0435265277760101 0.0540095135451028 0.0662372010687721 0.0369038584133949 -0.0469465412714290 -0.222425890635296 -0.376688856058761 -0.484973439055652 -0.572883722397705
# FDY_6_2:
 0.102152379841698 -0.0576640102259143 0.0334844307480555 0.0186611043899196 -0.0223948632473876 0.121888697138677 0.174296172355540 0.329425999027646 0.404757155154263 0.627734611278852 0.513565050781371 0.527995455628155 0.370320793547569 0.385858305107230 0.379703507156636 0.268501967201787 0.261151863203863 0.307432370108825 0.275167635247592 0.201530615044240 0.187695700052839 -0.0535660048698645 -0.205297325502616 -0.0244547436872624 -0.229618374830968 -0.324694649230373 -0.346607340285802 -0.274367377300222 -0.419733762604406 -0.370434524053064 -0.353284727123557 -0.374772400556107 -0.367819025516796 -0.222865076424513 -0.112749912863116 -0.0682922730725037 -0.0696442134340156 -0.0801908116135381 -0.0793592980545457 -0.0727475215652378 -0.0543509893139786 -0.125659044831539 0.0390606820009962 0.0248743894500159 0.0522399940642613 0.0693940891593670 0.0533729795923659 0.0429633270482466 0.0148543598931399 -0.0237858534359567 -0.130635459675388 -0.271302828439475 -0.367604693630574 -0.353436100433934 -0.330750428400493
# FDY_6_3:
 -0.211635452008353 -0.216620214103594 0.0184660191904667 0.0102162310999901 0.0435527830160099 0.138490476384571 0.0792029726979330 0.213482872345791 0.432517556327334 0.671354402353748 0.540013504976943 0.350061621164211 0.151045565273066 0.352466325917076 0.328071191057525 0.286113741624505 0.280318774674512 0.177333755923112 0.249013570855101 0.162624945084205 0.111192687190391 -0.00810460736077124 -0.144501260338445 -0.177690570631895 -0.296714204974611 -0.401464922990536 -0.441463706693418 -0.412323275901811 -0.447480732598856 -0.293322026573904 -0.312359983818468 -0.284861972079646 -0.256660532854556 -0.114803855482945 0.00614421904304196 0.0623702327040482 0.0647043965234643 0.0556666494219607 0.122275133214835 0.0948901554367719 0.0531702514757552 0.113937275539323 0.215504398653466 0.0862584931920299 0.0592826611191924 -0.00110509137114379 -0.00239883094399874 0.0383919399551426 0.0373667834790018 -0.0145323285986739 -0.136561995469119 -0.291394574218450 -0.332074719803743 -0.428950908707102 -0.378475819390485
# FDY_6_4:
 0.0136037258339718 -0.0175211267534654 -0.165958512580720 -0.0267599892570840 0.0169719797809429 0.122273444666038 0.161065798450197 0.380776323623222 0.647822067365542 0.578144381789248 0.516310057530937 0.386303633048640 0.357278546698199 0.343656516148845 0.303660016301802 0.279186502334408 0.247447197129782 0.267145218204369 0.228729066011027 0.213178577340735 0.00613263947958261 -0.0221295437102636 -0.161177881407653 -0.401180080578514 -0.709762950953245 -0.498299584382310 -0.439492313013530 -0.494828362245812 -0.451473830000609 -0.364090515748793 -0.419450442667105 -0.274881287768858 -0.154136617555170 -0.0620404405456188 0.108336143747710 0.0426370034431102 0.0140040726827019 0.0498735401681487 0.155650837711199 0.170525738137326 0.103621768335766 0.0803841777423923 0.256763620646692 0.0801504827547963 0.0750665447937870 0.0170749246039290 -0.000278202326727191 0.0199295042010523 0.0283651241155102 0.0385616216445323 -0.132816540512894 -0.312362458494336 -0.365208092321544 -0.444747134735061 -0.392034888906830
# FDY_7_1:
 -0.515211559204090 -0.550335616587891 -0.582898660848541 -0.615403033475981 -0.635570066554378 -0.654531592248916 -0.677656620548127 -0.655114938005042 -0.624057673983955 -0.578880013811065 -0.452906892538164 -0.388039765428680 -0.320978071487153 -0.335343231180284 -0.361715099680418 -0.336999426200177 -0.298030092723469 -0.257924852478688 -0.186102535351393 -0.196888035721884 -0.159434764686538 -0.129626654740908 -0.174918569110858 -0.163363128421546 -0.163799195950522 -0.146531476063127 -0.0800427174457212 -0.0188327031974866 0.111480147647926 0.115859483010175 0.381410305028992 0.453433609958879 0.527614169951643 0.551579566814423 0.690742582424637 0.713246587921751 0.683751042425157 0.680203868338849 0.833430734772135 0.734909560837139 0.692420213522548 0.718361061636646 0.913194929817760 0.737448828348175 0.397242530620476 0.269699844430872 0.223433446272006 0.189816342569767 0.156365858358784 0.120694798383700 0.0459907082710167 -0.0316868700946191 -0.118257432064714 -0.235254509743813 -0.295994421785314
# FDY_7_2:
 -0.148948693359492 -0.190559372177706 -0.215608162676177 -0.262102547288242 -0.286122697213873 -0.306701784363882 -0.285618187140167 -0.227059198584488 -0.176701652827657 -0.0486406243512187 -0.0370963124932492 -0.0621871403375975 -0.0455718418415173 -0.0893242244697846 -0.0519159462156057 -0.0989038755884028 -0.101548458165741 -0.0165732199095043 0.00868997649312394 0.0233938978260511 0.0155117485863937 -0.0112804722678278 -0.0372095143961736 -0.0611677883297574 -0.112111992285518 -0.127532897921672 -0.103089500146523 -0.0966704025582514 -0.106818220035530 -0.00143831623176386 0.0666926784297049 0.145131852599406 0.156424255700070 0.205898022236648 0.301193584110723 0.374906903441506 0.371564060890005 0.358852370697938 0.336253305622493 0.330218285663946 0.313378915737401 0.290009813711496 0.435640952589958 0.315733607144187 0.176478407151611 0.176465121449547 0.165919169328890 0.113279646885196 0.0863936881000143 -0.0220358890127407 -0.0897558743050625 -0.185769574729098 -0.324189966136690 -0.399680890193732 -0.438095026841663
# FDY_7_3:
 -0.520334987875740 -0.511072480480961 -0.529678941654496 -0.573344646479998 -0.603317714080791 -0.644306954080766 -0.640030062804371 -0.622712731934232 -0.582562170347843 -0.409771413243454 -0.344595291356830 -0.274394058579856 -0.322349245510140 -0.334031683797338 -0.327229633519975 -0.270215112491061 -0.236215040742886 -0.173547070384480 -0.167856559424856 -0.155640913560896 -0.126179233950791 -0.133015368002065 -0.192914980282609 -0.136072292666762 -0.164226929141164 -0.138632197867643 -0.0801930031553336 -0.00664282718667789 -0.0208854947956667 0.159627410068351 0.239080691660122 0.371098518200638 0.341416428265679 0.453187499856975 0.595429709771766 0.650044287347580 0.680438467143141 0.742793869677754 0.773498517128201 0.752813361651124 0.780449843060870 0.791016946481881 1.00261440219519 0.458651775793776 0.294472813349074 0.224693490858337 0.172280697440365 0.164499919938365 0.149790071399221 0.115045064016517 0.0702851661536685 -0.00508867413571349 -0.177214638698471 -0.232805071972761 -0.326151527251972
# FDY_7_4:
 -0.532712863143571 -0.542770467984215 -0.552572183171542 -0.598923905817139 -0.616580760310946 -0.666611131884390 -0.660447887718101 -0.638125023479945 -0.594802591045595 -0.411879989583101 -0.339816020015736 -0.254951654901575 -0.311432207434955 -0.347051080232685 -0.342228353459344 -0.286280767210924 -0.252117787465297 -0.146145456784114 -0.158959403942008 -0.124223912314848 -0.0901134233038377 -0.118753393047523 -0.163027073740390 -0.114774886603317 -0.155925688221267 -0.115295896700038 -0.0718712158017396 0.0728919431706620 0.0396451974771381 0.362512501493543 0.384798467384031 0.549504806456679 0.496144553371528 0.628453464025975 0.697869403208983 0.731642604901339 0.754512963555626 0.944244373544288 0.868771822531149 0.831191367328231 0.790377292881203 0.707119668861360 0.861167928492904 0.327040527274959 0.166771640185123 0.0964719914162899 0.0468734536270478 0.0395683355299703 0.0237257449882497 -0.0137419979071607 -0.0588505671039570 -0.156743828161495 -0.286484411457294 -0.303530964760502 -0.393553256997729
