# Number of parameters = 1827 Objective function value = 27913.5969090609  Maximum gradient component = 0.00668601034209195
# lnR0:
 12.7964235970320 14.2264501240694 11.6565541682805 11.0496706238464
# selpar:
 1.24647320383630 -1.18612759285869 -4.06070522876914
 2.19669468798157 -1.15200094504102 -3.98365271004233
 -0.817572416699540 -2.15892076285914 -1.14488897533025
 0.320545431239299 -1.22958966362912 -1.69728135641553
 4.06005957005058 -1.05222705357763 0.00105028716863309
 4.65145659511026 -1.27102350692117 0.0152176710654670
 1.99674835466931 -1.55162816221688 -3.79041865582136
 2.13811532816376 -1.30653594071340 -2.93866132103819
 0.885289142330047 -1.35505720243930 0.914760970195584
 2.11288732984928 2.16605049849409 -2.04595009024074
 0.400403249984773 -2.03743958896781 -0.410954965686657
 0.244138054154298 -1.82795500511582 1.68878787961817
 1.98432080335085 -1.70566761546662 -3.59170049773771
 0.298278211040933 -0.0650221009010306
 1.07134802448419 -1.66459453166027 -1.73666638424108
 -0.569609432016552 -2.35119033683232 0.667720864303599
 2.24387036559555 -1.14341262815267 -4.04081240598526
 0.405833822853678 -1.92360510112886 -1.23055948228830
# movest_p1_a1:
 1.04105862249928 -0.880733296288065 0.754490944939489 0.304102608794608 1.08738864165834
 -0.149503140944769 -0.836222497336480 0.913357485923020 -0.564932480005668 0.573536078071006
 -0.483168998678325 3.12070244500648 1.22528949810629 -3.96604423834738 -0.771534018991722
 -3.02964682057102 -3.46749314951331 -3.98557159930109 -0.232489497543347 -1.32718229668773
# movest_p2_a1:
 1.09269252870981 0.0196089874776302 -0.0844235190188449 -0.0500926711267509 -0.0687575350761511
 -0.535896588677038 4.83238133959470 -3.39576761308836 -0.455938558216895 2.67142093481993
 -2.12463039527033 0.346025981340537 0.468074757089042 -3.27227655584794 -1.38954320180414
 0.376485116884664 2.26137559262460 0.344180354960962 -2.46456050196047 3.48536913397151
# movest_p1_a2:
 -4.20279659127993 -3.41212973607320 -1.06994899099084 -3.42833533306573 -2.95160497154013
 -5.19434263736559 -6.52617496057595 -2.52761209503358 -1.62175882249392 -1.58101356912527
 -1.11895802783799 -4.48108822401780 2.02784793968284 -1.23451378171476 4.12357255269174
 -2.75301498484312 -5.18998641787429 1.43475227598575 -2.97042661193535 0.0351461976137806
# movest_p2_a2:
 3.17519915395550 -3.64583827162433 -4.19562205927172 -4.62644134360070 -4.46497157102111
 1.46738759700749 -2.44481528773864 -0.641705641346617 -5.59272347901681 -5.02026688893618
 0.697035115849362 -3.07998270537112 -3.17506315599098 -4.34289982078280 -2.21614030791515
 6.11194109979866 0.894321060964266 -0.0588350288885948 2.41297100689518 -1.92348542152314
# movest_p1_a3:
 2.95500403763908 -0.745483635756303 2.39510667907732 1.54055371504085 2.74819430420430
 3.77585836981238 3.45878719796138 2.43883235032585 -1.80635326887950 -2.63640207769858
 2.08910327991587 3.05930793556733 0.586829575028169 2.16764980776794 -4.34444630752190
 4.80013522653983 1.81604817347132 1.14936273480834 5.39942191876425 -4.42618045332875
# movest_p2_a3:
 -4.37832150779545 -3.44725154246055 -3.27334725407961 -3.86693709445676 -3.76603223293566
 -3.04578278064330 -4.45923835778030 -5.70108399795047 -2.76406777150804 -3.28865250516283
 2.26167543535127 5.03518733900918 -0.974065321492569 3.68154437994062 -0.563721384263314
 -1.98902566598336 0.500498778701107 -3.38653665156007 -2.13631454102255 -3.53185186608683
# lnqE:
 -4.08708409964240 -2.52631947225472 -1.93220897982276 -3.60553829274578 -1.01133080259763 -0.982183067743923 -1.57672999896513 -0.124592286046564 -4.02073363747600 -2.32703396636323 -3.48534872356159 -2.91791606410612 -2.09664220716425 -0.915031179192242 -1.50269409106561 -3.30864001075351 -3.62379908630447 -2.33097869801214
# Fmod:
 1.57645116389439 1.07869401373209 2.99824367428719e-007 -2.33756111544982 1.84712436157759 -0.565319231118965 0.259206813254230 1.52297901853675 0.974601328433092 1.19910743873979e-007 -1.50387115206459 0.0984319023800845 -0.430420132630929 0.203479830609847 1.43618580074259 -0.107069596882591 -2.04351953174362 -1.64630927403371 -1.63794291514816 -0.923854827501427 0.228963629559913 1.55542543555223 0.406441696999799 2.14125506635128 -2.25179234125673 -0.0570193663838735 -0.102006667122830 0.277445669978231
# visc:
 0.720252947680637 0.539883519763186 1.06047558014097 1.63057321434724
 0.403908158620404 -0.463211173116263 0.194447579492505 -2.99999928486742
# lnRD1:
 -0.829117884060087 -0.448681081730131 -0.131256738164885 -0.200101224489390 0.0668500010464507 0.0697525339638487 0.155160321713459 0.205472980066515 0.188892792082624 0.713468201060891 0.866564186934663 -0.657004088423959
# lnRD2:
 0.0160870329752791 -0.289453517209463 -0.288955440793408 -0.132572537862461 -0.379631807440901 -0.323196051009945 -0.454415786999725 -0.394023182614599 -0.171386382174458 0.0343105213335457 0.365351435479828 0.184255238274729 1.30637323826604 0.195319024534285 0.326687430531529 0.00525078470972627
# lnRD3:
 0.375586936363162 -0.476615700558538 0.462951311674767 -0.0225090380948513 -0.339413509384539
# lnRD4:
 -0.166293883287206 -0.107754756454268 -0.287303070347305 -0.305106713864762 -0.414395640055120 -0.386341865167104 -0.103507911668278 -0.419864160445233 -0.456774295109408 0.0887516863031581 -0.614591892013103 -0.0327635855099759 0.218754797502116 0.133880206711538 0.400411142219244 -0.0526202290656559 0.347948131582199 0.171005828875348 0.101190151503241 0.689967107851716 0.909370895342860 0.235065126622186 0.0509729284738132
# FDY_1_1:
 -0.0286627395277847 -0.0286627256110636 -0.0286627478351671 -0.0286627153684862 -0.0286627381886923 -0.0286627502011305 -0.0286627395068415 -0.583216509318025 -0.616392505581643 -0.640781712354738 -0.688235667396114 -0.661095332176169 -0.579778241683261 -0.515834316833499 -0.417642308248522 -0.271312414429220 -0.268008806389345 -0.248244986447744 -0.274079751437615 -0.289666192405291 -0.306691102489108 -0.263943465677566 -0.273410146968766 -0.255159195615640 -0.210514546926648 -0.112857060011004 -0.0868574078000164 -0.0138934055755861 0.0304237649977422 0.128522159246580 0.195846998783527 0.264828783237840 0.298740514837973 0.340170041537204 0.418829667699844 0.503698224920241 0.554474019363208 0.523591809495258 0.451365928789162 0.452973849131612 0.479050442956962 0.466293077275415 0.491584191717257 0.484645923392801 0.461172744658457 0.427555670279625 0.405593346432448 0.331692368794370 0.257171602328206 0.208494376386563 0.137257210319122 0.0191053356215638 -0.0910661008627207 -0.191054986410411 -0.272706732925162
# FDY_1_2:
 -0.0276905274334609 -0.378478318360681 -0.0276905427634835 -0.414514861207091 -0.441211121014442 -0.459080108046679 -0.0276905190107824 -0.474070778933281 -0.500058516985644 -0.520545538678596 -0.558556495966363 -0.516684011794331 -0.412467227102842 -0.329230312306859 -0.265353368545652 -0.194855740716335 -0.105586695692212 -0.191896965897777 -0.215272566482938 -0.230975348900467 -0.216565622466460 -0.216536344513454 -0.207808613617724 -0.178347723165376 -0.155407843359477 -0.0798826890359246 -0.0397339744150853 0.0369562098490041 0.0727328421892486 0.164784645685784 0.220466068658386 0.291113322165253 0.307150826417855 0.340668236088296 0.436952361781648 0.509007603096436 0.526070964753551 0.496349942706370 0.429558384685789 0.440208981121766 0.455437976540909 0.455564056619885 0.466946432746991 0.461869665743779 0.433026238999087 0.400889024405224 0.375430749700265 0.295597433203677 0.214856144329378 0.160471926437596 0.0888455455347101 -0.0194979948765333 -0.134305597724617 -0.227130630821468 -0.313828983624851
# FDY_1_3:
 -0.0261124588648879 -0.0261124775055929 -0.0261124788669466 -0.0261124840312973 -0.0261124688643345 -0.0261124883191616 -0.0261124600447050 -0.0261124510334999 -0.436505590176981 -0.452339382956575 -0.453017028585894 -0.424544067917652 -0.332255373352020 -0.267009524335221 -0.210012887075392 -0.148871829187856 -0.0577361289515449 -0.149315443394083 -0.176900163119862 -0.195288279464453 -0.180149958390119 -0.166157906660356 -0.162694525501314 -0.150082239761692 -0.128335879667749 -0.0572027428513870 -0.0261124566615473 -0.0261124770250972 0.0916919555668832 0.170333792646267 0.227547063293836 -0.0261124636141937 0.300367862292422 -0.0261124151607889 -0.0261124625877206 0.447915613044510 0.451759350997479 0.453329828183089 0.377138618069003 0.361137012954280 0.384518547385310 0.365925453128525 0.369520926461770 0.387390344667421 0.370297931491211 -0.0261124767432347 0.316902880382515 -0.0261125085990505 0.166194651511669 0.100781175292163 0.0317666646070219 -0.0620698489106665 -0.160674126750741 -0.257182594552023 -0.354487122489737
# FDY_1_4:
 -0.0282804721452406 -0.0282804824548258 -0.0282804706397124 -0.0282804544819191 -0.0282804499525840 -0.0282804588298651 -0.0282804375917259 -0.0282804210165260 -0.586709924790013 -0.623963662097502 -0.0282804529441945 -0.557154394597817 -0.481138699493240 -0.427541035795983 -0.347065901745770 -0.276878388040260 -0.154209108097404 -0.262406051881207 -0.263040538109556 -0.285443554409122 -0.273364781867441 -0.260093818356026 -0.244845321343969 -0.224808073013491 -0.191522782975200 -0.114442112236923 -0.0740873961634410 0.0126198696284307 0.0622909718225062 0.186294902743823 -0.0282804471399396 0.268026786835272 0.295484049558173 0.368802047530949 0.578624831398932 0.500821536371952 0.478717103883238 0.474167095065198 0.423874727609327 0.425353315519361 0.382968064517190 0.409526290285697 0.358708791069402 0.335125802541361 0.336304356392487 0.299346937729761 0.263161696080905 0.212862620267881 0.155715621077409 0.107715591625152 -0.00880283666000617 -0.117736493591481 -0.218243625423218 -0.277872852864971 -0.382337108803835
# FDY_2_1:
 0.149239608485369 0.0690985870331785 0.0607819512092653 0.0355147272237396 0.000794895426763518 -0.0295646334348255 -0.0393856013462755 -0.0480436971354038 -0.0819912549108389 -0.0975056978480294 -0.110641437982439 -0.0832543329420424 -0.0251058719217279 0.00289075763588602 0.0488272639575561 0.107652592949164 0.310573763818943 0.116103929315691 0.0930953750063954 0.0892527812142709 0.105937587144628 0.0467451556225684 0.0633070170910732 0.0712078520298839 0.0581201168466900 0.0525343156952639 0.110538801661516 0.140664458206489 0.133312724365453 0.160859836675244 0.133182837062465 0.216008261183899 0.150582366186481 0.129600008477201 0.165996793052944 0.166164093858563 0.124519123912468 0.100437910152320 0.0418372585985513 -0.000663722929146473 -0.0291134683013470 -0.0371266571334109 -0.0189798172629526 0.0115764610675508 0.0353750939350951 -0.00184130255771316 -0.0601192031223470 -0.00508790335561156 -0.0597319947410189 -0.122944734363495 -0.243201149299782 -0.351306962619396 -0.486940462994054 -0.613479674723397 -0.756304725177312
# FDY_2_2:
 0.273034862908609 0.160074198129669 0.159413447591058 0.120095119863962 0.0775226169474481 0.0280108281982898 -0.00601981260483234 -0.00448934062941733 -0.0274634027167718 -0.337210260951318 -0.00231185771098977 0.0144852846476990 0.0574614564998417 0.0967918152420008 0.130454897478220 0.162062767477312 0.231226558390607 0.169098101172376 0.163325058690506 0.153690570890123 0.167317206744388 0.123515827605220 0.0990982027479881 0.0945337692835963 0.0673500224176575 0.0419330835030911 0.129699658967406 0.203561029399373 0.137933896969064 0.191159737768180 0.125526430742688 0.224284223630327 0.169771203511602 0.110680819656450 0.137185791558333 0.147879137733830 0.0914333069427313 0.0177717344498014 -0.0401533657898721 -0.121616930264913 -0.164864963183200 -0.181549200134280 -0.200473868768211 -0.235537527627965 -0.127954134542484 -0.0825156655147257 -0.0789467640076500 -0.0830289411254384 -0.0941585902193711 -0.141092456862271 -0.238426210544737 -0.334893354428998 -0.472784129280640 -0.610401340802282 -0.691490550049081
# FDY_2_3:
 -0.0162381187847775 -0.0878919178690052 -0.0775326801898610 -0.132051445998835 -0.165313755717790 -0.192364379610376 -0.164792993823023 -0.177518663322683 -0.219951986503763 -0.251942768898520 -0.124289696977824 -0.102516921843419 -0.0430740191541674 0.00596574127374041 0.0689197309418544 0.128769381966275 0.201811903852057 0.176040108018748 0.182920313962216 0.172501163936697 0.172019220167717 0.125054324015951 0.102852051846602 0.128578743511418 0.116893844903056 0.154629174014801 0.161802953833841 0.229270402717032 0.205615291682395 0.261134707476394 0.301435725270678 0.272615599030356 0.206286142441131 0.214566708469234 0.262307991952091 0.271378478112247 0.210737587793942 0.134678664197082 0.0819597494729698 -0.00837916561642469 -0.0372306374551221 -0.0707419451350444 -0.160258170804088 -0.138422960204763 -0.0310867691594159 -0.0193399041073374 -0.0194402022897653 -0.0372263145560256 -0.0557568190519659 -0.0967833216605682 -0.178159735017066 -0.319054714508539 -0.456672753754781 -0.539907255671737 -0.626805687173837
# FDY_2_4:
 0.267021479269949 0.242387233027671 0.222371650427638 0.156424045021282 0.121345136821717 0.121166531754566 0.134740882249448 0.0572404496020585 -0.0234939156116484 -0.0163985162286199 0.0641880294371481 0.0524976551245114 0.0952618908072896 0.125523751896527 0.161637263462983 0.176217476471906 0.203914323701665 0.130459688652616 0.138415574718781 0.119849490281852 0.0887767812146457 0.00556375474107151 0.0544867266820180 0.0894743558503063 0.102262972399991 0.128121090511008 0.159142105836025 0.149457923856414 0.127730954013255 0.152711613626602 0.248576516538967 0.170596600466556 0.0823245808611160 0.0962923466309992 0.117640650800529 0.128013346518940 0.0931617918825950 0.0438794638089016 -0.0390655774810206 -0.0730875498203435 -0.104517473046487 -0.116853509135267 -0.0852988462438210 -0.0457736760865307 -0.0515655980046782 -0.117469596493625 -0.112502213134995 -0.169401236248479 -0.211048712702681 -0.283689165256649 -0.372356123867007 -0.519934210471597 -0.669368670804221 -0.777929695678063 -0.839121842653815
# FDY_3_1:
 0.00000000000000 0.00000000000000 0.00000000000000 0.00000000000000 0.00000000000000 0.00000000000000 0.00000000000000 0.00000000000000 0.00000000000000 0.00000000000000 0.00000000000000 0.00000000000000 0.00000000000000 0.00000000000000 0.00000000000000 0.00000000000000 0.00000000000000 0.00000000000000 0.00000000000000 0.00000000000000 0.00000000000000 0.00000000000000 0.00000000000000 0.00000000000000 0.00000000000000 0.00000000000000 0.00000000000000 0.00000000000000 0.00000000000000 0.00000000000000 0.00000000000000 0.00000000000000 0.00000000000000 0.00000000000000 0.00000000000000 0.00000000000000 0.00000000000000 0.00000000000000 0.00000000000000 0.00000000000000 0.00000000000000 0.00000000000000 0.00000000000000 0.00000000000000 0.00000000000000 0.00000000000000 0.00000000000000 0.00000000000000 0.00000000000000 0.00000000000000 0.00000000000000 0.00000000000000 0.00000000000000 0.00000000000000 0.00000000000000
# FDY_3_2:
 0.00000000000000 0.00000000000000 0.00000000000000 0.00000000000000 0.00000000000000 0.00000000000000 0.00000000000000 0.00000000000000 0.00000000000000 0.00000000000000 0.00000000000000 0.00000000000000 0.00000000000000 0.00000000000000 0.00000000000000 0.00000000000000 0.00000000000000 0.00000000000000 0.00000000000000 0.00000000000000 0.00000000000000 0.00000000000000 0.00000000000000 0.00000000000000 0.00000000000000 0.00000000000000 0.00000000000000 0.00000000000000 0.00000000000000 0.00000000000000 0.00000000000000 0.00000000000000 0.00000000000000 0.00000000000000 0.00000000000000 0.00000000000000 0.00000000000000 0.00000000000000 0.00000000000000 0.00000000000000 0.00000000000000 0.00000000000000 0.00000000000000 0.00000000000000 0.00000000000000 0.00000000000000 0.00000000000000 0.00000000000000 0.00000000000000 0.00000000000000 0.00000000000000 0.00000000000000 0.00000000000000 0.00000000000000 0.00000000000000
# FDY_3_3:
 -0.0691569436925137 -0.143942166394260 -0.160536504747773 -0.202116124509417 -0.228371421725160 -0.246936329246596 -0.239552793808900 -0.261345297681862 -0.290687742753418 -0.337575747619285 -0.293555335491677 -0.275045109963988 -0.210190986031512 -0.120188130231435 -0.0496006644022991 -0.0355422206423881 0.0433424345439761 0.0530402804081975 0.0689366255310777 0.0774421799196736 0.0814523175532129 0.0664787726209097 0.0618484159285783 0.0668940772896056 0.0586567412714747 0.143028581866647 0.166323041391889 0.198221629971585 0.224485665628387 0.263219287694673 0.299441916456104 0.308417872037052 0.279851882217891 0.265259246774987 0.317713889699293 0.305845347687578 0.299057159223095 0.168900595985028 0.130190001407838 0.0703775071961996 0.0164389825658662 -0.00327424605022822 0.120180825550223 0.133623951051504 0.127843387234815 0.139243104327564 0.154094073932209 0.0880698891223599 0.0583327389833192 0.00145446405268698 -0.108569065660585 -0.229906601533462 -0.346112397736871 -0.435482004990011 -0.570019052211858
# FDY_3_4:
 -0.173800923067228 -0.226773355163513 -0.252831058315260 -0.281613646347858 -0.300445728209208 -0.292367871498234 -0.287987972990210 -0.310668980572062 -0.334027954397567 -0.349166957815983 -0.345097111121914 -0.275071950170552 -0.220717432552193 -0.173393280882697 -0.0832740218195434 -0.0433289304577929 0.0716955745831424 0.00934317955326273 -0.0143964869580758 -0.0493366197901125 -0.0537202637273882 -0.0783077207942796 -0.0708280208605472 -0.0231323734405114 0.0104608354949493 0.0320688697684165 0.113293986996625 0.141053421871116 0.233913845606229 0.223114867436700 0.375498032220708 0.305394518989078 0.300972142675052 0.293855805074447 0.388158702478158 0.445854222657915 0.383951778273710 -0.0389319283616883 -0.0389318348728086 0.246058637603345 0.227905786189673 0.277322230738914 0.264520991209764 0.321975200949341 0.297134690294894 0.306776488625395 0.197406867570276 0.155482237748931 0.109704446017211 0.0583349462822684 -0.0491518762511950 -0.198173184419880 -0.319954553937595 -0.407880264077859 -0.497940004035767
# FDY_4_1:
 0.166318890017345 0.112042973207829 0.0790604464881004 0.0313157649807097 0.00217119410287615 -0.0300149951574524 -0.0286308813211016 -0.0274042069949414 -0.00872849272439912 0.0146505696644845 0.0111868597767928 0.0270102075944565 0.0250952793274668 0.0568006786421687 0.0960197533905327 0.137357816425972 0.176522674640443 0.208434153330069 0.215097362549039 0.214346956097882 0.181572054751224 0.158998891014221 0.128791802861437 0.118296365713445 0.0962593398548699 0.112877468447228 0.144364360663630 0.154439778190232 0.140498664624445 0.165344186850348 0.120356009681327 0.169032361000816 0.143308158543965 0.141555856071156 0.141059682795361 0.130624938337473 0.0832128705887025 0.0241503148884346 -0.0422537173612594 -0.109880480667886 -0.162707483212756 -0.197666718620001 -0.174125433593134 -0.186795300848246 -0.136956172889519 -0.100163976147978 -0.0762470412820142 -0.0594426925899110 -0.0756483030722115 -0.122571965645007 -0.216435123361661 -0.348262380683655 -0.485707329663773 -0.612065510627203 -0.726466478650373
# FDY_4_2:
 0.133122604365256 0.0828654170951355 0.0513300398481456 -0.00491981702511945 -0.0337673430948901 -0.0627728452710652 -0.0655712094410237 -0.0543645132509807 -0.0431710122270184 -0.0211048147842738 -0.00319106277289615 0.0161057876876021 0.0252984930650941 0.0616758688553365 0.101283699084530 0.150032432695853 0.193570120981901 0.229278909002441 0.230359539283080 0.225874198030140 0.194368701422717 0.165932370069773 0.133204229906160 0.121053351636508 0.101818312564886 0.126243684814408 0.175344752287623 0.173210562219922 0.162376840592352 0.187003393128625 0.150472952695928 0.244771866319264 0.176654170707649 0.139374642617257 0.140671409646788 0.129253136348048 0.0825653337789956 0.0249582167593687 -0.0417090896548575 -0.120520839798812 -0.180156849242265 -0.204435352182160 -0.188140496889807 -0.209146669409542 -0.161248319894325 -0.0890686591228833 -0.0810619352042419 -0.0621670253403586 -0.0752064007086914 -0.114868275048725 -0.206771809946376 -0.336442115958541 -0.469911205180963 -0.594933828715549 -0.705423547345423
# FDY_4_3:
 0.131187074253388 0.0847694627801609 0.0599902496863431 0.00496400511639682 -0.0225308042273791 -0.0575166882910394 -0.0661907359637764 -0.0569676509655976 -0.0448853133922884 -0.00595444898047105 0.0203049739293033 0.0382139072917345 0.0442990112313466 0.0737374751003013 0.108779616779519 0.166022502072578 0.205694021076930 0.253489825508204 0.254852169220436 0.247624944961939 0.206432393261816 0.170348891679323 0.134937483997613 0.133949738158274 0.104305515349024 0.141514678200823 0.150077209276758 0.156269985671236 0.146386432957762 0.176628340423024 0.176902517649492 0.216688293970308 0.149940890464146 0.131471329822126 0.150713293949689 0.138659838660216 0.0968343891384582 0.0242609174750172 -0.0365247266700872 -0.105221906110390 -0.162709087441984 -0.181828280138623 -0.153172822313203 -0.200361333050151 -0.158275517110198 -0.129644392132532 -0.106508261325504 -0.0947402816879639 -0.103277824851245 -0.149877324472542 -0.246966277401875 -0.377737601200756 -0.498738824483417 -0.616136065475714 -0.724485211426946
# FDY_4_4:
 0.139129584459961 0.0922700890371023 0.0680018337398930 0.00717749348589006 -0.0137150581956476 -0.0494544210884572 -0.0581162831028460 -0.0495179121052834 -0.0354210561275730 0.00305188979465602 0.0267090244056140 0.0410122933507965 0.0477666500030206 0.0777966069254631 0.115209925404824 0.160834079695769 0.204264686925875 0.254225790065662 0.255842770195356 0.249474719512062 0.210871660117690 0.173354193748417 0.135309315470923 0.142996718879092 0.107361820213242 0.142725986776901 0.148288747225169 0.158157543570354 0.146075497205799 0.177520841632277 0.175187102977952 0.207368590126525 0.147070964386626 0.130120781458006 0.148341578655271 0.147546685329839 0.101085571192430 0.0236561971816000 -0.0399684144688005 -0.105394071917142 -0.166097460615726 -0.184805154036287 -0.155598727963340 -0.203312393814952 -0.165688464146227 -0.137654665492226 -0.115057293760340 -0.101996145146548 -0.108731248666692 -0.157829471936923 -0.251399228542293 -0.384982995713769 -0.515951882213410 -0.628974686556309 -0.736140197539269
# FDY_5_1:
 -0.0335840989882420 -0.0335840516955300 -0.0335841056407481 -0.0335840632112579 -0.0335840733922296 -0.0335841401632263 -0.0335840434745683 -0.0335840833615110 0.252930581789707 -0.0335840790988887 -0.0335840544817777 -0.0335840703118758 -0.0335840758421889 -0.0335840074088073 -0.0335840510823263 -0.0335840799737995 0.372579761887049 -0.0335841024664570 -0.0335840703464526 -0.0335840743099248 -0.0335840931515695 0.262968649615373 0.229109129558302 0.184216078657196 0.142401070857338 0.123844313218116 0.118127099741168 0.177723690986549 0.110697878376007 0.103861534782938 0.0255783789092562 -0.0335840928542385 -0.0335840401196431 -0.0335840091908591 0.105188104966227 0.112283147092365 0.135401446974654 0.0137099637834773 -0.0335840606560024 -0.0335840609571277 -0.113563095624477 -0.0335840717581065 -0.117530374814777 -0.0974190646250951 -0.0691949096772567 -0.0926459644611778 -0.0335840696276196 -0.0335840674022042 -0.0335841212262356 -0.0335840586111652 -0.0335840734595011 -0.0335840718121779 -0.0335840847036507 -0.0335840773243588 -0.871993043888668
# FDY_5_2:
 0.284232738873982 0.220020685595688 -0.00178963673952830 0.155958364623327 -0.00178968419269237 -0.00178965469018882 -0.00178962408168020 -0.00178968193484779 0.348520629463102 -0.00178967053919004 0.376920489674574 0.318357832801836 -0.00178962268079812 0.192018771480647 0.165574642940455 -0.00178964724570557 0.0618297275588641 0.0352767225917656 -0.00178968529373252 -0.00178968234611792 -0.00178966812981956 -0.00178964376007689 -0.00178964226454963 -0.00178968140597307 -0.00178967016741543 -0.00178967218741648 -0.00178971750116568 -0.00178972408987837 -0.723391581477085 -0.00178974650514446 -0.00178966739532176 -0.00178972624470313 -0.00178964155042043 -0.00178971383970433 -0.668222944354635 -0.00178967468848428 -0.691929932571538 -0.00178966538005203 -0.00178969621662799 -0.00178968818128671 -0.00178962148386757 -0.00178964357813887 -0.00178963770964029 -0.00178972067184984 -0.00178972843666974 -0.00178963795456082 -0.00178966208285574 -0.00178963627753519 -0.00178966920254991 -0.00178962537429155 -0.00178968943160123 -0.00178968752228941 -0.00178968512710936 -0.00178964916479889 -0.00178962393070230
# FDY_5_3:
 0.241040698739676 0.238958862256464 0.136423013238469 0.168800394486907 0.127905672341861 0.105114055629129 0.0866513901934048 0.0819320916534053 0.0844207814358600 0.173234656669957 0.162752452304962 0.205069665592396 0.160564427369582 0.188680025152817 0.217485588789048 0.245798809683285 0.233680205585475 0.260343200119099 0.308638904632751 0.248367383787976 0.0297808058149588 0.192720479760088 0.0297808207895972 0.0297808467754640 0.0297807999036926 0.0297808130248359 0.139917919684743 0.146249542105724 0.0993366752475658 0.143218961340147 0.362371610294107 -0.0729430864986910 -0.105174153443776 0.0549383963457751 0.111295239753648 0.126430027368955 0.0946853685142489 -0.0215336885679835 -0.0544697656753904 -0.0435966221047869 -0.111396725606543 -0.100471745978000 -0.0532140914341956 -0.119106524248824 -0.0903355414523969 -0.383190560100359 -0.146152243024749 -0.127488297745320 -0.230046101928806 -0.293670565298206 -0.375087720476602 -0.569261954593703 -0.750028551483303 -0.807974860083169 -0.840787786641270
# FDY_5_4:
 0.00103670333225008 0.160056617349543 0.186312264232794 0.00103670271895577 0.00103669731098659 0.00103668062185562 0.00103672582462337 0.00103671955450295 0.00103673031182954 0.00103669593961868 0.00103671274778776 0.00103674314751228 0.00103671304335400 0.191686920301443 0.00103673165768630 0.239432852206787 0.00103667297862824 0.320493068937472 0.00103663441087392 0.308821280271614 0.283504643375139 0.247713787935465 0.196349762174081 0.216005461003790 0.199668300300840 0.241801567943802 0.165643962859074 0.190007740192449 0.142216214714323 0.205722408706642 0.571007278419217 0.145839590243696 0.0572701694580509 0.221753007251282 0.243598403460039 0.268202783093842 0.196838214867711 0.0963275701163145 0.0287422848442549 0.0130604434911684 -0.0347307120081057 -0.0910267795770967 -0.0281558661368503 -0.0942116416485883 -0.0936446881354735 -0.279037837432889 -0.269794440633484 -0.302274069356927 -0.313020222738588 -0.397459747960883 -0.474408937421561 -0.625712106369062 -0.728689211404908 -0.772810451114807 -0.847613749412073
# FDY_6_1:
 0.0102785448905243 0.0102785178163760 0.0102785209280025 0.0102785599451920 0.0102785213837713 0.0102785351310537 0.615510442280249 0.671692252870480 0.0102785596794553 0.824231470875454 0.0102785338503031 0.752878119343371 0.0102785692972667 0.0102785290368930 0.0102784708095962 0.642101438442031 0.612707147489832 0.0102785303785531 0.0102785402740127 0.531285445235021 0.0102785423941425 0.0102785470962674 0.0102785421670158 0.0102784898911388 0.179203999580990 0.101666822567378 0.0180016705476147 0.0198514276156630 -0.0316298945963318 -0.0154078048204411 -0.0775396144719487 0.0102784957603275 0.0102785427974750 0.0102785739737073 0.0102785632866693 0.0382352400641830 0.00408922035397731 0.0102785418730749 0.0102785096437339 -0.0663050291107803 -0.109478626721561 -0.121436966357400 -0.0814813085547028 -0.0787578139237981 -0.0806741743449430 0.0102785504657446 -0.170227866160533 -0.212373968013182 -0.264277022487806 -0.356526852417999 -0.459466620481418 -0.601182949713345 -0.712334818006997 -0.846495661231507 -0.972542538621847
# FDY_6_2:
 0.903438002543264 0.724839774119604 0.850699441175723 0.830398154789876 0.750701901461233 0.903383970039499 0.939752462530614 1.03260611376557 1.02158625909426 1.09217839833325 0.926303691248192 0.963331768400416 0.792316989934407 0.767359561184867 0.697251836035524 0.516840336391433 0.477394791524692 0.529259081487904 0.488810877197115 0.343225193572558 0.286098275322367 -0.0131145944399926 -0.175459627169380 0.0979229559132758 -0.144153606058045 -0.314541054643542 -0.375908184354907 -0.284159514635010 -0.475596993214770 -0.474518790069705 -0.496455907173190 -0.693102836830447 -0.644294336000385 -0.475944368542387 -0.354521866368480 -0.351311896764589 -0.389660744775507 -0.405913786893494 -0.362960350297804 -0.346700301785600 -0.400021009966704 -0.439948297652018 -0.286446384736501 -0.377950945835356 -0.352001230012529 -0.382776565322198 -0.430910851304017 -0.469869606515024 -0.531296263038539 -0.641706474090240 -0.759580775650443 -0.935785758211076 -0.988348757002646 -1.03143084743532 -1.12930730927581
# FDY_6_3:
 0.567521076434929 0.572074243032896 0.861875048106579 0.858306083553641 0.890940580378038 0.961865883150702 0.840343949544474 0.892728509512676 0.967309069735217 1.15853465390047 1.00259735047346 0.805877377517796 0.583061835969820 0.656601812309055 0.599254240097733 0.541105540502856 0.532657089703700 0.394215886934206 0.402425755087155 0.276128056716198 0.218175512385298 0.0915451011179657 -0.120955340634656 -0.114871162646199 -0.267093336179728 -0.411059729079147 -0.414407794527038 -0.399477604164561 -0.508458440108575 -0.402924241225038 -0.559919523295579 -0.541488809164165 -0.467817945353838 -0.334727586052539 -0.254155965351899 -0.224416557346507 -0.253578336335926 -0.261230333648453 -0.201137954439290 -0.285907865274600 -0.318285609873445 -0.236679053091092 -0.146362083465851 -0.263702809550444 -0.314249432340201 -0.392613150119193 -0.453716391368748 -0.485675181489141 -0.553090336144250 -0.614413426871583 -0.713701429441126 -0.859547640822376 -0.973695561192560 -1.11360526958733 -1.21217875597979
# FDY_6_4:
 0.847708669514564 0.832980408365273 0.655287680701073 0.828287753426659 0.870448646387677 0.955589684837853 0.951153140550828 1.06573562481889 1.13951835212038 1.05091643415389 0.975976510807960 0.847059668026882 0.741821037763975 0.665440331728785 0.592958136868201 0.536252923965976 0.480631071621292 0.459093580010219 0.363169689280048 0.324660660476819 0.109599238363412 0.0517387340617056 -0.120954269764248 -0.323786837329538 -0.632141197961847 -0.520061686575126 -0.409521762707323 -0.477856052339785 -0.532000811270210 -0.483047216322027 -0.762627470607683 -0.548546111107833 -0.342185932928420 -0.281190448848087 -0.136072273263048 -0.261121671886692 -0.339612886741601 -0.271066536436085 -0.158177239668322 -0.204896215329938 -0.265920330649167 -0.259378324371314 -0.0996031377455212 -0.252963083883760 -0.298681456341217 -0.349240605138016 -0.455618922196021 -0.500724373270327 -0.564781359010421 -0.569229711906111 -0.702599888144206 -0.840262768595993 -0.990635206056938 -1.13238610352121 -1.25913608593432
# FDY_7_1:
 0.154141456416133 0.105865204947406 0.0915585198606636 0.0717669294627520 0.0567139123718323 0.0402095575479568 0.0168555028178711 0.0491284764566503 0.0837457111194550 0.121141806946215 0.188748230111482 0.201959085606820 0.253185808113603 0.238677380199155 0.215257641495121 0.232924660589828 0.256454401554197 0.289233270299197 0.352647867951964 0.315210979866250 0.328980622131672 0.298092145998186 0.201125261449927 0.190373178581232 0.141611759107524 0.108361133067163 0.117159333551388 0.0884359533349330 0.129736200248545 0.130746881909646 0.238029183834845 0.243341137865338 0.129956163576214 0.117116924487744 0.196229635674994 0.182519605140585 0.110560164310131 0.0395515958625984 0.0331098490969707 -0.0456618607812732 -0.0988334826085782 -0.142542054162917 -0.0886799934806091 -0.163196136652697 -0.265680931428156 -0.284518037446559 -0.302046490638684 -0.317337980428164 -0.358869442984650 -0.421697465298665 -0.524906816390378 -0.665405838503163 -0.794138549611322 -0.894801767432482 -0.992146285115891
# FDY_7_2:
 0.362737509329248 0.311651873128530 0.299257443501050 0.259955603500949 0.238145320860831 0.210517506617452 0.217438844165739 0.246507705702061 0.270582694907109 0.350022949268926 0.337041925246130 0.330971330033722 0.327502285004029 0.310063893874564 0.323375442798114 0.314448565024631 0.315511200547761 0.355445340920895 0.352019238378557 0.331991844090903 0.293782014859199 0.237183994965395 0.178448175367850 0.122828628789638 0.0460236258156061 0.00902596497309171 -0.0132841169829148 -0.0174344300257918 -0.0460194132642695 -0.0209281813053244 -0.0301804252835940 -0.0516898553902128 -0.0648247441561927 -0.0123370080286762 0.0443018187788240 0.0508716634364805 0.00421397398120482 -0.0555212223763546 -0.0949724799867193 -0.125896480530652 -0.191983617951447 -0.223102939939638 -0.155008377727459 -0.263452374451289 -0.242925265106816 -0.261085929614232 -0.278668444153957 -0.312449641460041 -0.353318343789170 -0.416606058278476 -0.513766764301939 -0.650387309122446 -0.775462420796712 -0.889802597783839 -0.990759936060327
# FDY_7_3:
 0.120821738367641 0.0993456325814615 0.0975613221323126 0.0583978722856982 0.0342936639377962 -0.0113022654389994 -0.00463861060499847 0.0125565724102375 0.0477530709488994 0.174243342711868 0.181583214404401 0.241254851642656 0.186596314054162 0.185044316668656 0.185533782792462 0.242616692151028 0.271174433412612 0.329967909959207 0.313106927716764 0.320721068636422 0.297519138694056 0.241063449997262 0.167487417975620 0.191313541801758 0.128527067730894 0.122465854113840 0.0993136723058532 0.130240603206502 0.0986432112932869 0.212813085169156 0.276311553314392 0.151754218590734 0.0615069068951071 0.147188588469779 0.216955535691897 0.207394803542159 0.163883541973126 0.114342855655869 0.0847470317456907 0.0483465406049524 -0.0219482663947934 -0.0504403235202178 0.0241555897552433 -0.250671777895104 -0.270263550078592 -0.332456977174603 -0.311626422993443 -0.358198483811861 -0.383174758418228 -0.432451512208075 -0.539241687583234 -0.671031070806719 -0.806040331683946 -0.878609404056199 -0.966451492672450
# FDY_7_4:
 0.0827373030626083 0.0678794727706601 0.0780451494737889 0.0385875804648329 0.0209858583046088 -0.0396341758346019 -0.0228967154080969 -0.000236578244031812 0.0282315250038595 0.176433913502152 0.192912337491691 0.290134190158442 0.221560377448703 0.182866215085373 0.178015895364114 0.230578230792421 0.262020875576249 0.384835278355536 0.343252326965919 0.384835383346307 0.363444331563440 0.282730566037802 0.233763151970797 0.260175320952186 0.172379208171935 0.178172669287930 0.124135708128585 0.226957707730232 0.171183769631333 0.401307837906419 0.393869033658096 0.260670902702705 0.144024339374743 0.247345786465284 0.264914421144599 0.228265033637240 0.179620409282728 0.191962331835328 0.119485776963631 0.0639433978074045 -0.0300715711124683 -0.109734611163231 -0.0534526218803521 -0.333656982895957 -0.374948665628247 -0.410726194036810 -0.424421384432690 -0.459770135086785 -0.481613028090650 -0.548636402317001 -0.652828043510629 -0.788918263353281 -0.894869568204444 -0.976775874510347 -1.06907280171006
