# Number of parameters = 1827 Objective function value = 7843.80588979850  Maximum gradient component = 0.00149790964629915
# lnR0:
 13.3167437838375 14.3480986061459 11.4332395798077 11.1741942622709
# selpar:
 -0.922566502393082 -2.00533417110059 -1.95095043811959
 -0.718139122532228 -2.02545930728752 -1.79947655023152
 0.000583298268441723 -2.20918583427429 -1.79877797277899
 -0.0761665044697910 -1.78682157303581 -2.13023300783577
 -0.571147998067966 -1.98215579023652 -2.27176161560761
 -0.270539974294447 -1.96269307013133 -2.31222165489737
 -0.458963917224140 -1.92760636851724 -2.46866035502670
 -1.64039239929497 -1.35513955062284 -1.63853640605321
 -0.206763104534915 -1.99006634807222 -1.81858517698994
 -3.06569873760387 0.167940207751736 -0.294201305820213
 -1.46183082064639 -3.63639168343650 -0.729541677345940
 -0.794323810401147 -1.99921958818856 -1.67070458788795
 -0.535518980407327 -1.47875689828043 -1.98561212247780
 -2.10515073528391 -2.94513100747271
 4.18533963456567 -1.46164790424614 0.0657876309608216
 -3.03455001282254 -4.54339668736758 -1.04653288494676
 -0.704718015649406 -2.01113671408041 -1.80736741252688
 -1.07449147330886 -2.15395627694471 -1.40384891720017
# movest_p1_a1:
 0.0879080531723542 -1.67422866028243 -0.464597501752976 -3.24810733531868 0.968090169074230
 0.588634105067378 -0.888294120885068 -1.73683884266636 -1.84391687429951 2.97523397117805
 -6.55733995330622 -2.67361226772306 -6.79564687678181 -7.99999998450429 -1.94095810753371
 -4.92082161779427 -2.68800296809075 -1.89193551089019 2.87738655195936 0.742246404432535
# movest_p2_a1:
 0.706777597748447 -0.0344976894306539 -0.130079687061181 -0.0357879612288281 -0.0548204526602305
 1.06919405827406 -0.0511028291698983 -2.87180029358413 -0.129027344794046 2.57937286629744
 1.96702847603662 -3.69259652847323 2.02635775325042 -1.86497451729955 2.25101606709644
 0.0305289172845953 -1.32677153153680 -0.0126722436697957 -1.95593926621618 2.91187947692325
# movest_p1_a2:
 -2.01913066617027 -1.17642233520293 0.149384309067219 -1.48469331945775 -3.43496702357735
 -0.560699976757710 -3.35258149240090 0.627801926823841 1.80334912784778 -1.11755689750570
 5.77399453734628 -1.42228131720973 3.18065753009776 1.07582015438068 3.87323839019856
 0.676073997153598 -4.13628868988586 1.35645534473407 -4.13984951821215 -1.19845094046893
# movest_p2_a2:
 3.66239042391835 -3.59084907015618 -3.13085765426352 -4.22921417835801 -4.13835686455525
 3.74840799479574 -3.66353040507988 1.55414047970219 -4.31994271912423 -3.38435567545698
 1.91877698828492 0.743182562732049 -2.58565908564775 -3.94763972733230 -1.63201326422215
 5.95705285751735 -0.0960273902133784 0.226009585059900 1.33004885655894 -1.74336128660092
# movest_p1_a3:
 3.70644579917208 -1.16682698398560 3.87252257572499 0.633550197932593 4.43904743078544
 -1.99259653432848 -2.14786451960309 1.36344945917891 -3.34152417152672 -0.461860834429263
 -5.40423763416623 1.19111750551248 -0.131288626105335 1.19559159369263 -1.84297254935285
 1.47719615354941 2.77391161665106 2.70042745160558 7.99999997118377 -1.35406546642097
# movest_p2_a3:
 -5.05935875768166 -3.48831049689133 -2.09265225830489 -3.88961762090098 -3.76558435199538
 -5.60540320761439 -3.57468842124524 -7.99999987126383 -3.51081574342247 -4.24986236222386
 0.293376150026848 -0.524913975691398 -0.254670920454485 1.37264836240177 -2.34553732397434
 -1.88558983842170 1.17142424634220 -1.77976425190537 -1.17939792908616 -3.20873523393938
# lnqE:
 -2.85191395125738 -1.27115443925220 -0.487195340933980 -1.68767653341945 0.406738210885120 0.350943031040755 -0.379129979126754 0.999999874296059 -2.39194620783204 -1.25616319653519 -2.35842103730796 -1.47526824944094 -1.36972728394032 -0.210471320863272 -2.47059810178804 -1.83503981158929 -2.36694555786577 -1.06080257571119
# Fmod:
 1.69297213468161 -0.104719926022270 -0.0259423912788728 -2.03516625056538 1.94444275330148 0.0159111085993120 0.800483887579427 1.90629266928502 0.0383877303116480 -0.0259423811337738 -1.32798236655621 -1.31207870010650 -1.07059102433970 1.08466679286160 1.82961699078275 -1.10596055318753 -2.17914013440411 -1.22417217516510 -1.58091783619155 -0.836189538956914 0.746254347963657 1.42529463976187 -0.453784394228043 1.73621934411689 -1.84927552979233 1.13373444435716 0.0646058713624298 0.712980486963448
# visc:
 1.18974116987346 1.30839721696613 1.46881158775629 1.60366925475688
 0.449332946444451 -0.518193083348515 -0.967403605450474 -2.99999769607946
# lnRD1:
 -0.304727087198829 -0.348344671940829 0.165164164774285 -0.0213005008850491 0.222545593240552 -0.0778619783570242 -0.156629672133052 -0.0130526616461009 0.349930201865004 0.0567157889624359 0.480118873852978 -0.352558050534372
# lnRD2:
 -0.208079744238819 -0.200633546766593 0.304924710298709 0.325576818349638 0.281271399869356 0.118528658501981 0.562445023249068 0.615635207991499 0.818754073541814 0.724421920164715 -0.574424946343186 -1.19937518058801 -0.654529078436657 -0.166597715871460 -0.773616465788675 0.0256988660666259
# lnRD3:
 -0.0217359868894464 0.603430634402315 0.321554551873613 -0.384763288886377 -0.518485910500105
# lnRD4:
 -0.512274060686961 -0.323512230515246 -0.136897248958130 -0.413271147688765 0.118016141626592 -0.314097641904970 -0.641246809982379 -0.574974016610562 0.246838328243197 -0.128405941029694 -0.973670724049020 -0.0131466967403954 0.156884027610191 0.446125896545302 0.294904118315021 0.652425169476415 1.27869853783540 0.444819946024077 0.644094599468347 -0.155860324580057 -0.103345983994105 -0.00298644735854472 0.0108825089542917
# FDY_1_1:
 -0.0312529918868061 -0.0312529889894500 -0.0312529938648772 -0.0312529887371052 -0.0312529911298081 -0.0312529905884376 -0.0312529939237137 -0.0866154828320441 -0.119397132812370 -0.162584761565545 -0.178424545399304 -0.263800432090926 -0.281465854700958 -0.227440447000946 -0.119852913265727 0.127700706940068 0.165476508965720 0.178220941178568 0.222589318350729 0.265177354084787 0.285321914866820 0.296113317573236 0.251633180328140 0.149322661551875 0.0955720989272374 0.205122432527358 0.244939480930045 0.142955863185190 0.0337288290754809 0.108570413466078 0.140079591890019 0.237024217535253 0.305175020957985 0.320629246628633 0.375473861315478 0.154417060931435 -0.00395552631570012 0.0161688739965153 0.0244861271001413 0.202904627162655 0.375890073083410 0.298027125417919 0.292966040147893 0.239616398297795 0.202855849362437 0.0612167709793440 -0.0272123146989272 -0.0686929756125577 -0.104187460940895 -0.246671916199327 -0.376452840640739 -0.737150445443332 -0.978381832637554 -0.930225504114770 -0.888092581366426
# FDY_1_2:
 -0.0351315532827434 0.0825019703286719 -0.0351315495069992 -0.0138359175938566 -0.0335992300010423 -0.0435258610336268 -0.0351315521285040 -0.0523771221039823 -0.0874410952856101 -0.128237107454325 -0.123066616304276 -0.202286836639944 -0.213595156025955 -0.129878779058376 -0.0467648192488438 0.111527954232001 0.195707579688345 0.162333745136472 0.204680449693723 0.244360116047622 0.274588639162696 0.282375810643029 0.242565734338429 0.148766569989434 0.0915234127877232 0.183657817107665 0.238609479358967 0.141264884969487 0.0305712130593841 0.100796979604402 0.135050797794044 0.236602554052520 0.276045309066316 0.282753926698999 0.355267583851126 0.138631232371721 -0.0196218010895709 0.00909693483126047 0.0222246811815140 0.202915717655408 0.355958831219006 0.285406233403707 0.269462713057923 0.230678869766121 0.196035438721643 0.0488198837458077 -0.0474974616512206 -0.0946591309237025 -0.137622833033388 -0.285684318329165 -0.413771108732457 -0.763045240262931 -0.998747069444672 -0.940250214807703 -0.899880689622275
# FDY_1_3:
 -0.0337374397737284 -0.0337374440827705 -0.0337374419428822 -0.0337374502522087 -0.0337374497641591 -0.0337374433628219 -0.0337374381224103 -0.0337374487492652 -0.0629354436847396 -0.102649148581363 -0.0468029205604936 -0.125391179183656 -0.149258667965269 -0.0786449488577445 0.00774347353379624 0.143003841609002 0.243408304361452 0.195226146943092 0.240034804955957 0.282014450509923 0.312651160323625 0.361007782653827 0.312387273179363 0.181347573502629 0.125442176837916 0.214187822339496 -0.0337374375896418 -0.0337374594062907 0.0646372780780982 0.135674317903525 0.176911778518126 -0.0337374346893129 0.306991406575869 -0.0337374477570456 -0.0337374383107609 0.190996331353273 0.0146535006616735 0.0501447971474920 0.0600783727824186 0.236166819191408 0.396829426671911 0.317377942775676 0.299449920766716 0.265167265808192 0.230433191745699 -0.0337374552769218 -0.0213762311292469 -0.0337374363041758 -0.113693577083020 -0.262343924065939 -0.390578147897835 -0.738706973917062 -0.974269963011735 -0.915626702753166 -0.875627666654489
# FDY_1_4:
 -0.0263861318613702 -0.0263861277839322 -0.0263861293564752 -0.0263861256062618 -0.0263861330282839 -0.0263861323152214 -0.0263861370974520 -0.0263861248855645 -0.0122705567982598 -0.0287556081026875 -0.0263861229090540 -0.111777837336618 -0.0364424834845377 0.0330113359663012 0.202519859675009 0.318280847676443 0.433088891752268 0.348750024124857 0.370080385858779 0.346189952950377 0.312653217255443 0.335703075349932 0.223565811103207 0.112682156605478 0.131129939159703 0.211418390699522 0.119636038504468 0.120734949063436 0.141505314371081 0.219147595244005 -0.0263861200711969 0.234714116888651 0.207388401131777 0.276014364026285 0.310664537282856 0.0631983093898746 0.0852028854390944 0.139177363065619 0.189491703175174 0.260076436680517 0.142179019536690 0.141873466919977 0.0422522866970089 -0.00302603201870157 -0.0759321332356294 -0.183883711994015 -0.235603240084146 -0.278103136468845 -0.402044933751988 -0.471797501229869 -0.714486075201627 -0.880702841943147 -0.837002267074748 -0.762510015760875 -0.774131016193327
# FDY_2_1:
 -0.117237193977926 -0.215481875052939 -0.179745178093500 -0.147820842217481 -0.114099119149947 -0.0719074304197338 0.0216697804484032 0.114428836959354 0.125368915788624 0.0321708321004668 -0.0711710809503791 -0.0996846527164041 -0.0385741245488631 0.0254163712177056 0.0646369346560516 0.0936888649996262 0.140098398751985 0.0829331127279460 0.0272153585714439 0.0217212419824791 0.0436305445459582 0.0148982072560389 0.0161253972657634 0.0317992064724815 0.0268945399665379 -0.0550850089428605 0.0232432495265320 0.121799658018713 0.0503745600333912 0.0441672228629673 -0.0132542267176745 -0.0603508257429837 -0.117969398311179 -0.129886703789496 -0.0574721367359438 -0.0111721691468796 -0.0103237990401330 0.0249991307799660 0.0423786655600502 0.0663125805161748 0.0675945148827311 0.0755600535720478 0.0904130308066524 0.0978262167861328 0.150577125524040 0.206334939698553 0.191260136604526 0.107695237280879 0.0905247432223313 -0.00488083668753767 -0.0370070671599636 -0.0700130364047282 -0.129554386885240 -0.187255945006706 -0.393810571688055
# FDY_2_2:
 -0.172530709179078 -0.272967040686065 -0.222433301053932 -0.202687847545159 -0.175392762042888 -0.116051949573037 -0.0287779198076700 0.0279756423371447 0.0279197802463845 -0.426158845805012 -0.0927981297603645 -0.0858970074875459 0.0912460042662325 0.166481630708800 0.212252825348416 0.231328297997300 0.317984260402359 0.182593797095908 0.121864257834494 0.104652077881110 0.137295126309401 0.0548711906648326 0.0367600068785848 0.0351146452799308 0.00611958410832866 -0.0293611917113658 0.0261013383568443 0.172949112223716 0.0462609695329988 0.0382501050856588 -0.0954199715331533 -0.120154171675927 -0.145057880990548 -0.0988731821167665 0.0177757817420926 0.0742645489458223 0.0467459675295599 0.0677506469173864 0.0461226906053456 0.0268289392630273 -0.0246546075839646 -0.0353730707567258 -0.0534161174268936 -0.0990364039778512 0.0282301106154702 0.0310867147135728 0.0176894303653146 0.0337388920035558 0.0786455969954981 0.0448712047692269 0.0322682355345217 0.0664850897182071 0.0109658592587757 -0.0127455574413686 -0.151702693380506
# FDY_2_3:
 -0.414745489521655 -0.488350570882208 -0.394162540058260 -0.370027226929858 -0.323541895543574 -0.243840828957932 -0.132020005469588 -0.0778262524213377 -0.171594208290546 -0.363120888768504 -0.243302794458547 -0.211834582021755 -0.137371904958772 -0.0952211259996527 -0.0476082146691439 -0.00146536727982190 0.0807480965019461 0.0701327613982879 0.0764631715700051 0.0919080622499194 0.110762098061003 0.0542890073068920 0.0328829640022319 0.0817972614033454 0.0459541388159564 0.0602353517625407 0.0850970572044328 0.151029005081101 0.0613450937132350 0.109882180006093 0.0141581119650687 0.0163294558419536 -0.00142817002084491 0.0539937058692453 0.140626604794647 0.180277840383264 0.160694882275754 0.167752422365562 0.214630099200483 0.181234304425627 0.191419678550696 0.166602268702956 0.0225071278973250 0.117375311404317 0.237874734849540 0.235881488120443 0.237659260735474 0.219202739076989 0.150218031946958 0.144964643524247 0.138083435245841 0.0433526256917800 -0.0194517526804094 -0.162019477083871 -0.248431725928882
# FDY_2_4:
 -0.153568550665294 -0.162268837524339 -0.112128194596088 -0.0814031865095637 -0.0181831417104035 0.0937819842457652 0.210581663845623 0.218018690364827 0.0539136690201807 -0.122340263099747 -0.0733863651720061 -0.0498752920423304 0.0328371034704333 0.0544318613261834 0.0619933993110569 0.0484430808557774 0.115017252769192 0.0246860272852021 0.0323298513757790 0.0428905082837647 0.0708187260527722 -0.0626600732086087 -0.0298695560444186 0.0333144614650416 0.0117851076989957 0.00188593172847496 0.0940583028728770 0.0496469655962284 -0.0290484536897364 -0.0445309434786005 -0.0791239109229802 -0.0728981057504954 -0.126049142616022 -0.0815073810203786 0.00754913235309075 0.0304891368901088 0.0363351815482829 0.0225089210896381 0.0822305542314861 0.0999592169113819 0.103019987543723 0.103052147526441 0.127135529817573 0.161108893368220 0.187915886130795 0.117357100541399 0.130067491398097 0.0762687431584142 -9.02974682728183e-005 -0.0440692388525421 -0.0567054448460857 -0.140448826195823 -0.204309595471675 -0.353823711807817 -0.437143997383597
# FDY_3_1:
 0.00000000000000 0.00000000000000 0.00000000000000 0.00000000000000 0.00000000000000 0.00000000000000 0.00000000000000 0.00000000000000 0.00000000000000 0.00000000000000 0.00000000000000 0.00000000000000 0.00000000000000 0.00000000000000 0.00000000000000 0.00000000000000 0.00000000000000 0.00000000000000 0.00000000000000 0.00000000000000 0.00000000000000 0.00000000000000 0.00000000000000 0.00000000000000 0.00000000000000 0.00000000000000 0.00000000000000 0.00000000000000 0.00000000000000 0.00000000000000 0.00000000000000 0.00000000000000 0.00000000000000 0.00000000000000 0.00000000000000 0.00000000000000 0.00000000000000 0.00000000000000 0.00000000000000 0.00000000000000 0.00000000000000 0.00000000000000 0.00000000000000 0.00000000000000 0.00000000000000 0.00000000000000 0.00000000000000 0.00000000000000 0.00000000000000 0.00000000000000 0.00000000000000 0.00000000000000 0.00000000000000 0.00000000000000 0.00000000000000
# FDY_3_2:
 0.00000000000000 0.00000000000000 0.00000000000000 0.00000000000000 0.00000000000000 0.00000000000000 0.00000000000000 0.00000000000000 0.00000000000000 0.00000000000000 0.00000000000000 0.00000000000000 0.00000000000000 0.00000000000000 0.00000000000000 0.00000000000000 0.00000000000000 0.00000000000000 0.00000000000000 0.00000000000000 0.00000000000000 0.00000000000000 0.00000000000000 0.00000000000000 0.00000000000000 0.00000000000000 0.00000000000000 0.00000000000000 0.00000000000000 0.00000000000000 0.00000000000000 0.00000000000000 0.00000000000000 0.00000000000000 0.00000000000000 0.00000000000000 0.00000000000000 0.00000000000000 0.00000000000000 0.00000000000000 0.00000000000000 0.00000000000000 0.00000000000000 0.00000000000000 0.00000000000000 0.00000000000000 0.00000000000000 0.00000000000000 0.00000000000000 0.00000000000000 0.00000000000000 0.00000000000000 0.00000000000000 0.00000000000000 0.00000000000000
# FDY_3_3:
 -0.0297622429169547 -0.105160719599596 -0.134436886191341 -0.185859222341011 -0.219753054536521 -0.243443677843999 -0.255293439496093 -0.292157330672823 -0.329434024475811 -0.367598480899843 -0.313717821782124 -0.318165302410732 -0.318959448887358 -0.227324512465087 -0.131829944862248 -0.102143606698812 -0.0701382769361788 -0.0368980804299434 -0.00537816270213821 -0.0140928242906958 0.00697467675132223 0.0271804497522662 0.0322410534470664 0.0326286736697759 -0.0135690343803966 0.0752864382650032 0.170858596774237 0.283927963118075 0.277368942715594 0.344437478152990 0.353482536293394 0.216295653749921 0.218363995460318 0.205339828555933 0.340231788427627 0.366322208981226 0.380387692538771 0.341267366091834 0.263709723085124 0.179979479610066 0.0945941702630827 0.0694367796250629 0.137896104456167 0.114084013909399 0.124717907421784 0.152992317401327 0.0919840513642472 -0.0657354337610742 -0.0924114806757216 -0.114524747837106 -0.129078192263857 -0.146086962236346 -0.221746846816061 -0.191751033022144 -0.225539098449597
# FDY_3_4:
 -0.126771085106035 -0.217213772720804 -0.273610673292604 -0.312673466718115 -0.341386589814811 -0.344143190011108 -0.351711281877470 -0.367590122436920 -0.388992073094698 -0.380910544444184 -0.421535261634397 -0.406595503865342 -0.437482944342916 -0.417518646615302 -0.316410739459670 -0.279394337008094 -0.221236533850883 -0.221622881711089 -0.188351250809401 -0.186372230100541 -0.172760387366626 -0.139857808735241 -0.111700442893291 -0.0503372345896208 -0.0120758703786436 0.0181299934952973 0.151253235661682 0.153919013884961 0.256082945133323 0.184611291796256 0.427336955072312 0.266191240287283 0.351665087458223 0.341943546911408 0.400094103357832 0.372868847613009 0.352013913215722 -0.0320393040457180 -0.0320393026203267 0.327295074473886 0.325026963851637 0.446809593806853 0.439894008886289 0.594869007079119 0.523245225438366 0.595420458757194 0.381765828592117 0.373717573402197 0.272700595615787 0.245845889431834 0.0576155479301464 -0.170344843959073 -0.276955424531368 -0.287726526100700 -0.372955667017738
# FDY_4_1:
 -0.697334603251994 -0.764925285165267 -0.790363145748369 -0.818313128904401 -0.822073716710963 -0.809810637633516 -0.754510590823398 -0.670614719920276 -0.582625442241907 -0.511296489215773 -0.488038182175391 -0.451057722234839 -0.447750437745994 -0.417794879872114 -0.383098970600240 -0.319942359278961 -0.258521815261862 -0.201916191529287 -0.175048173443442 -0.148403622425203 -0.152492715465134 -0.158148033797791 -0.157855756175364 -0.123874843310027 -0.0844970618162486 -0.0302204867179323 0.0353917032782738 0.129604074176312 0.161558494164780 0.202553150921388 0.170264754296762 0.208923521055688 0.176302658621122 0.234123998199370 0.271946288565360 0.282809083723980 0.247479953084248 0.218160489117783 0.235842911054800 0.231090455538461 0.204270360669455 0.217745185290491 0.275362158852636 0.301461550818322 0.420985099579014 0.523136571970705 0.624718834081835 0.743842250055261 0.837727801954298 0.845145086442412 0.825955734299393 0.791682333371735 0.716231840191968 0.609971420944474 0.476241247145370
# FDY_4_2:
 -0.693613345071904 -0.753410253833346 -0.771152100140448 -0.801774238622145 -0.794142213924291 -0.781711938774574 -0.714204890733891 -0.621796276826577 -0.537835788912464 -0.469079754904945 -0.455854747609779 -0.409841780970067 -0.397754726636276 -0.381484899694642 -0.359432431975661 -0.278643205607968 -0.217430620527948 -0.160973497900340 -0.163409338806745 -0.155334672744518 -0.123989093060958 -0.128176199719498 -0.137520731995179 -0.148344076068378 -0.0720734160982559 -0.0206853926261719 0.0371572186883151 0.151187901384813 0.149545507277264 0.190134358616042 0.140052043251496 0.190209575678060 0.164260725425041 0.212784235329869 0.265415424620768 0.272335647095014 0.245269613796826 0.225380394224928 0.239744472362724 0.233341647260582 0.202297604662135 0.227906202953147 0.255681645225843 0.284453638043022 0.382994694068642 0.471016171380811 0.603427913936362 0.693646150916523 0.787818943443308 0.776831866741043 0.759182999596633 0.734085311701600 0.666138075530297 0.555425350287009 0.431944300288851
# FDY_4_3:
 -0.770603511714238 -0.822307621370824 -0.837247685981806 -0.871681727867290 -0.869394704545925 -0.855067060780909 -0.791765964482534 -0.699727997859457 -0.613783046126827 -0.542466661006949 -0.495515858163407 -0.459657576608523 -0.451348529217756 -0.439371633261146 -0.405049864639608 -0.337100253997804 -0.271066874907280 -0.186434111210729 -0.168234601900611 -0.142940030121594 -0.160120209959140 -0.165623450493936 -0.165052676044056 -0.103317182083241 -0.0858398638102899 -0.0220090175468783 0.0461698498373835 0.169120787752878 0.173803380281896 0.225898103481223 0.201419293175740 0.251196539027324 0.242255222988660 0.270702075275600 0.339466825159049 0.317509074883707 0.298348778370913 0.266862294880379 0.277561171990130 0.261378058824386 0.233454474801545 0.263612193576032 0.333026092924468 0.347236197258146 0.450414209316154 0.529540482417854 0.628279435877680 0.718858164916211 0.785898286209857 0.800195439427727 0.770710807171808 0.755935355297653 0.706232079946070 0.596016382298350 0.471626658333936
# FDY_4_4:
 -0.760751767480947 -0.810754090312066 -0.821418064797702 -0.857254282649277 -0.854201509059730 -0.835518205595281 -0.772840183565677 -0.683309331016219 -0.604433993906634 -0.532203657872503 -0.490423880773940 -0.449829438548186 -0.444116099742716 -0.430271384923235 -0.392066605281531 -0.325050547593357 -0.260611845769637 -0.176897495968487 -0.157860830108249 -0.129176255113995 -0.143176274277875 -0.159468040050174 -0.159166391061179 -0.0895503595882948 -0.0786507732158080 -0.0226664082230906 0.0489992601314965 0.167714566568315 0.164854529851099 0.214947507563876 0.193186915988876 0.235417450473184 0.233066364734652 0.270322190903845 0.322083757732134 0.319366605002212 0.286826604227441 0.260792210454549 0.273778672402980 0.260946560953611 0.224527845893589 0.252536681663750 0.322595771265989 0.339676021608319 0.442530182633926 0.516513910183905 0.614683048850081 0.703671169135089 0.788786934817513 0.765580550935123 0.762196310214450 0.755125305570037 0.693822251737923 0.565011023894397 0.442107511103429
# FDY_5_1:
 -0.0358251796707970 -0.0358251886076465 -0.0358251860748610 -0.0358251850641619 -0.0358251884307951 -0.0358251834232895 -0.0358251910854751 -0.0358251872022303 -0.258716760469449 -0.0358251881128219 -0.0358251904650363 -0.0358251863593436 -0.0358251806647823 -0.0358251852389731 -0.0358251828607040 -0.0358251940253297 -0.215072516539514 -0.0358251873194654 -0.0358251825832104 -0.0358251859412123 -0.0358251776895481 -0.178780335180415 -0.221514934714751 -0.161758911920726 -0.0829350281144366 -0.124196390421851 -0.0357502908139443 0.710959566835948 0.221284035987992 0.193254566431631 -0.0632639981833473 -0.0358251854810773 -0.0358251804729287 -0.0358251867221174 0.0488134105849557 0.0367645623770375 0.279949228588048 -0.0670614852180013 -0.0358251906046384 -0.0358251812986948 0.0604475643028367 -0.0358251812576334 0.0713212759490268 0.215270880619145 0.351598102881500 0.358751842586921 -0.0358251835882278 -0.0358251792444216 -0.0358251895500127 -0.0358251923211214 -0.0358251825179364 -0.0358251871147136 -0.0358251857062385 -0.0358251912138817 0.0428667423447203
# FDY_5_2:
 -0.486042505496905 -0.546440635466465 0.0233842967832702 -0.455125729947613 0.0233843215660478 0.0233842895613644 0.0233842936003211 0.0233842950062685 0.132164670685556 0.0233842946388664 -0.111712689404490 -0.132983391135711 0.0233842977066524 -0.0885472133708064 -0.0393406754957287 0.0233843020755168 0.112645146202603 0.131681601650621 0.0233842922661670 0.0233842906729970 0.0233842980845963 0.0233842898691511 0.0233842939440178 0.0233842921464619 0.0233842806673687 0.0233842896213387 0.0233842945583948 0.0233842903492160 0.203184787970919 0.0233843051132460 0.0233842906614267 0.0233842922206505 0.0233842944121660 0.0233842962378149 0.107410998380583 0.0233842902296609 0.190965247905331 0.0233842905461047 0.0233842952760465 0.0233843027474033 0.0233842933896381 0.0233842907059502 0.0233842965148333 0.0233842954666682 0.0233842982987859 0.0233842952755997 0.0233842962731600 0.0233842840071007 0.0233843023191353 0.0233842887446160 0.0233842985038201 0.0233842993425323 0.0233843051303257 0.0233842984977370 0.0233842844896667
# FDY_5_3:
 -0.649841611553731 -0.737568481527108 -0.972764253554198 -0.711238145427618 -0.679127962123867 -0.595109064221865 -0.454741189201623 -0.296524836955303 -0.203840596588300 -0.212100720609157 -0.236208521447121 -0.246198153820371 -0.380602571529253 -0.348015571698488 -0.263628493522584 -0.150589227813321 -0.155796742955914 -0.146823446088389 -0.0620756949136928 -0.0862522946897818 0.0282722735322249 -0.0993398060098894 0.0282722845969269 0.0282722801691967 0.0282722777494550 0.0282722775306771 0.100870483103817 0.427141611986359 0.128396551311160 0.150502177001871 0.151703688596226 0.00339721383136928 -0.0486289406876671 0.108736783944578 0.139192080405940 0.0940378389132689 0.207941985453818 0.0852994475946006 0.117986072576606 0.157010459551906 0.109072003778226 0.198023044162070 0.260256513575251 0.300884020237358 0.400283650523181 0.397185619576640 0.516446551193364 0.586329480870332 0.603750984323949 0.551366099668489 0.605126139478123 0.564321759629305 0.274036642307664 0.289848955152428 0.0665070746128606
# FDY_5_4:
 -0.0210850328428841 -1.34541525987098 -1.29505616371893 -0.0210850317455734 -0.0210850298105959 -0.0210850307749134 -0.0210850346489673 -0.0210850354089541 -0.0210850300184385 -0.0210850324422623 -0.0210850293014627 -0.0210850422517542 -0.0210850360402003 -0.911266140296825 -0.0210850279609421 -0.623964155522587 -0.0210850323933965 -0.625713945175146 -0.0210850420704752 -0.521752492869463 -0.560643840951216 -0.556750603178440 -0.559687549417521 -0.459631024287737 -0.543142739272645 -0.394872909005891 0.124821636875281 0.216824885849808 -0.0537530672200271 -0.0943256376757543 1.01700757700268 0.329545329197422 0.0370344974615541 0.321049804800775 0.527354968398958 0.483772362585871 0.189646685087471 0.184579912632152 0.135967128830619 -0.0263578735640360 0.0502189800077587 -0.0772733213684898 0.122889148318898 0.412430516847160 0.546694482606388 0.343490033326697 0.460715871409117 0.396145234209860 0.323216889515237 0.378390688146291 0.535373961743446 0.569742843091596 0.144065916873705 0.518382457599936 0.575435378687828
# FDY_6_1:
 -0.000760970850663398 -0.000760974336941331 -0.000760982229267235 -0.000760981311512474 -0.000760974524450895 -0.000760978351916351 0.392522439091617 0.381708859339265 -0.000760983532253399 0.100316475298072 -0.000760965926306476 0.104365779623385 -0.000760969937252718 -0.000760975465096678 -0.000760969625200112 0.154705863379035 0.167412689365414 -0.000760973498913018 -0.000760981000562986 0.0587245524246375 -0.000760971568323996 -0.000760971272154685 -0.000760979796289860 -0.000760979143760274 -0.281733428454449 -0.245035371681617 -0.102881485910870 -0.349589223798481 -0.483564741606249 -0.353731299202343 -0.512533348326981 -0.000760971267689812 -0.000760963848024929 -0.000760974137762880 -0.000760975253933147 -0.474336511808943 -0.441342948055347 -0.000760971241184791 -0.000760972854695006 -0.314181874680392 -0.363462364218967 -0.279824989170909 -0.216555279432872 -0.254330272235829 -0.169458465575865 -0.000760970404457659 0.329941903774265 0.547583263768103 0.545441063553252 0.678890019699710 0.696640252127639 0.450903365109683 0.271841835021026 0.0144526021666468 -0.0346259782030244
# FDY_6_2:
 0.299285707522414 0.186408674596695 0.301752329756354 0.273147397361397 0.270799704504130 0.497805130938232 0.572062427759574 0.434472970470252 0.182604545654794 0.168776271355502 0.200566270593518 0.171528998643072 -0.0139586027071998 0.0616870855090928 0.246268765214213 0.213055483097797 0.225430766631244 0.203835678387103 0.0792935164593263 0.0104115735114579 -0.0995309007668602 -0.156165141068777 -0.105640729373912 -0.135148210036771 -0.310675397668775 -0.226780299745781 -0.175100761897754 -0.416451161400352 -0.506751298420959 -0.441780538454798 -0.642301651777274 -0.762518569894970 -0.708436838916998 -0.550515286499408 -0.537299840602363 -0.512776663028278 -0.436243353377395 -0.279964845935299 -0.262947471595376 -0.409407797450298 -0.404461708399293 -0.337281801416794 -0.253519031278097 -0.286823998693078 -0.135448430873136 0.173540341503763 0.482851707843276 0.654084780585997 0.657354722147817 0.850066607994359 0.740018989407814 0.447430199857402 0.280097001680616 0.0719056909678605 0.151386991324924
# FDY_6_3:
 -0.130224613753893 -0.125243354111901 0.167092522672359 0.167321850886233 0.263579254427631 0.422967832407874 0.296867432992270 0.156955284990818 -0.00390787981804949 0.165307909567462 0.163017743039771 0.00770812740385010 -0.153540117704803 0.0515874041081438 0.192278440475354 0.195339658799408 0.198941467819605 0.0904015427505342 0.0379642613449497 -0.0104989018326514 -0.0889410015554662 -0.0797911069553870 -0.0831967106123558 -0.203459698603147 -0.274416846667781 -0.179042800844050 -0.238073594919728 -0.430544696066924 -0.428841807346096 -0.399321734518372 -0.591878750904005 -0.607051018160631 -0.553488184216807 -0.428841397986462 -0.400240595691450 -0.350261554790892 -0.242026142561878 -0.102854212165875 -0.129524503544353 -0.258528645181699 -0.242702771677247 -0.144844408515276 -0.0984788804183446 -0.120011580226802 0.0215995103673920 0.277230222883879 0.520223419099488 0.619084345613514 0.669456007778462 0.795742988345384 0.665842091367025 0.422257382367843 0.248436444358595 0.0883618377593364 0.194212527725144
# FDY_6_4:
 0.0682503341221476 0.123826383604958 0.00128088775729109 0.144332591489924 0.272779630924456 0.463419028921553 0.418578922016514 0.253146062031583 0.0910821230928248 0.129310610342946 0.167633381100205 -0.00231028493835970 -0.0526175044980822 0.0870678787485754 0.184941315821531 0.197219595573923 0.161554097519644 0.121529157024134 0.0538945233562281 0.0358246048318386 -0.124752187767310 -0.0457625891229033 -0.0735203126746190 -0.287222416182218 -0.445903928136997 -0.194862717417565 -0.264313833730332 -0.475948695424793 -0.379402424123418 -0.466875212322807 -0.640881011415727 -0.589442247219835 -0.465853632085124 -0.422396112702182 -0.385881042578917 -0.390500833820931 -0.267092882857802 -0.104720380567226 -0.150253987721804 -0.238810944490239 -0.216837821960036 -0.179248381310328 -0.0946761490982190 -0.142462409941722 0.0105983257433459 0.264234861109712 0.502261056922465 0.577876143633476 0.639626878862044 0.766491445429247 0.603588508481237 0.387932316225970 0.174178168459119 0.0364182510282206 0.163672859934385
# FDY_7_1:
 -0.864135732798003 -0.913696959415514 -0.847426562154566 -0.749136340408160 -0.623067873176722 -0.394729477635241 -0.467525525960256 -0.572377529454039 -0.797884497167031 -0.821421641689651 -0.615789607166793 -0.606888397232823 -0.503309591357020 -0.426263044914818 -0.415054420287514 -0.461246459208840 -0.411954883347642 -0.374706055796033 -0.202911764599106 -0.348723936639732 -0.354821047693552 -0.0891072149957684 -0.123069953522111 -0.379358109753952 -0.419796352764905 -0.249801655639488 -0.348889262810538 -0.528880959012017 -0.358618179483649 -0.391734951931074 -0.196690969551339 -0.0995734367284283 0.0308450685034065 0.0685264722557625 0.340131548340047 0.941682309999253 1.54488568376721 1.50590374147231 1.53006567294770 1.42749940989793 1.60991351452028 1.23316390773237 2.11125883142003 1.57673148285015 1.30766778123077 1.15493804123511 0.629876764696467 0.106909420092290 -0.0984986553523888 0.0961485672038440 -0.0330612336087087 -0.314799301310413 -0.537149016759350 -0.716784037871740 -0.557263578965995
# FDY_7_2:
 -0.671387971687696 -0.710661446801400 -0.630927523968511 -0.532929795548286 -0.390735445544552 -0.255431929985505 -0.372594533710295 -0.534258390584933 -0.686602700635204 -0.609622903915078 -0.494641647605798 -0.475285716097623 -0.404063964071235 -0.332890585713913 -0.337676613168115 -0.334606092546724 -0.322033739553888 -0.295416482660208 -0.241076127550042 -0.363857686072450 -0.301088968754512 -0.144730027256744 -0.347718769348507 -0.474510097187651 -0.448638867962664 -0.425778672705198 -0.549767458349967 -0.665728356603197 -0.574452986335433 -0.610783746178041 -0.438108164320777 -0.322424756311025 -0.267327218385335 -0.167586401206968 0.249042602225416 0.942610939258880 1.14990147822935 1.07068591887638 1.23881121859940 1.46804995647698 1.28059134831423 1.17137148149674 2.26252174700469 1.88128201300869 1.53750827996202 0.995151937378914 0.486117880990054 0.163864137526545 0.131069486157777 0.160502101465575 0.000829988857991637 -0.296581626527212 -0.435851882920893 -0.473347913366529 -0.248785304687504
# FDY_7_3:
 -0.647990072001109 -0.672931704748185 -0.586530585180544 -0.501293969724858 -0.304202534296271 -0.344390375253163 -0.529026454727981 -0.775057821063212 -0.772550142919095 -0.563550678042031 -0.563482810686162 -0.546597755479785 -0.542116729232898 -0.444022421986012 -0.505949340244958 -0.425683574884275 -0.412174357948753 -0.380359189943753 -0.446427141579497 -0.555736103593363 -0.400522460999715 -0.278407522240488 -0.599253334485978 -0.604877390059968 -0.493016152192485 -0.551209867526742 -0.758683472456475 -0.749053699129311 -0.716717511463887 -0.660544648093263 -0.508845902608509 -0.316005426112991 -0.332708152292264 -0.137357615114936 0.533512157944568 1.37646626220120 1.45311826557788 1.46533315485130 1.74690177937553 1.99687721979731 1.65532130385979 1.49973880124758 3.00544671047045 1.87746093531025 1.57083734385103 0.777439569718530 0.180200203021513 -0.0362445332020716 0.168893211749856 0.0728268554847153 -0.185056238307204 -0.417247260594331 -0.597787849664202 -0.436990439952112 -0.0797705344286592
# FDY_7_4:
 -0.790912479977196 -0.757452066136871 -0.639687975147650 -0.546468224433336 -0.324938064838622 -0.432168904500183 -0.591779493794359 -0.837945902262906 -0.836844726738446 -0.602095267105779 -0.592409664868610 -0.510682290636761 -0.487003007458842 -0.444779093159295 -0.529046201703023 -0.425037290989340 -0.409546578194424 -0.260555892481399 -0.381516491124433 -0.419464390038375 -0.197721562150490 -0.126664375086764 -0.445967723773606 -0.410343856392887 -0.306584679330134 -0.406617716192309 -0.612623910292977 -0.477740021048554 -0.522708217382491 -0.334307927397210 -0.256724080359133 -0.0228364594740233 -0.0637273573388165 0.187909401900265 0.765312114628442 1.49388860627250 1.48994743149380 1.72195998559006 1.72349058592297 1.94790066602664 1.47558187214455 1.25340125244766 1.99436876656222 1.45233051063738 1.22387989663913 0.605169087379751 0.0491536815117149 -0.157008244876679 0.0596656593047057 -0.0287550707164740 -0.288264504805627 -0.515752382897967 -0.699860286475331 -0.540110401819105 -0.209306735061352
