# Number of parameters = 356 Objective function value = 9395.89  Maximum gradient component = 0.00709511
# lnmuRT:
14.5634215718
# lnPrat:
-0.184006829665
# lnHR1:
 -0.0676464192400 0.120966275389
# lnHR2:
 -0.584385461965 0.261217067956
# selpar:
 1.22205339783 -0.0305231431275
 0.237315410692 -1.23157852100 -1.39352078620
 2.31500506031 0.157332779232 0.0170604462900
 1.35012849723 -0.265274370748 -2.60974989803
 -1.33690363273 -1.57449752098 0.906389569148
 0.369509461198 -0.909854078778 -2.58664502330
 1.30624997672 -0.665103166359 0.00953923298694
 0.633753226564 -0.769340222241 -1.49653350887
 0.980868526559 -0.890458211390 -2.30046044305
 0.234649998869 -1.22731209016 -0.747979016626
 -0.656078322335 -0.0146309986989
 -0.175412183516 -0.848505658349 -0.495644958588
 1.28439136261 -0.479664836744 -2.54890731481
# lnRD1:
 -3.35578694698 -0.310970456119 0.125478443322 0.385169788294 0.424707607133 0.436379122073 0.366744956696 0.441603697516 0.533617473906 0.395505809779 0.797001886300 -0.00450037831313 -0.106375032683 0.166789261644 -0.0505960575825 -0.623375021179 0.378605846199
# lnRD2:
 0.119731857412 -0.232646455753 -0.286882688850 -0.276366539501 0.211821672212 0.443687041112 0.649937311989 0.205667839557 -0.101385253851 -0.271402654394 -0.418346184690 -0.585785257458 -0.920835359988 -0.859714657611 -0.358242505744 0.560426527684 2.12033530787
# movest:
 0.121176245143 0.107585249991 0.207065868151 0.417330125282 -0.0436543204181 0.00101048138129 0.0387294983955 0.113017202141 0.406552448554 0.0320426691428 0.228865106692 0.741476222101 0.0454488036458 0.464434980371 -0.0510464333620 1.19801779514 0.0417879107839 0.113952023941 0.206196695950 0.209250744632 0.0444267128825 0.332616932440 0.500864715684 0.495916489933 -1.93323512474 -0.385631258948 0.780103068430 -1.01746952243 -0.420207346766 0.269731453301 -0.0230191381609 0.784323123335 0.105811510736 -1.80516374387 -1.53062592681 -1.59301327750 -1.75095079583 -1.57907505718 -1.44196817535 -3.12866839903 0.909895070750 1.03787706713 -1.61685574446 -1.25410197368 0.618870664261 -0.283572239432 1.88036688513 3.77851906722 -0.923031265552 -0.716750328113 -0.782336324920 -0.766580095308 -0.687860973760 -0.626147357868 -1.75758263477 1.89870786190 4.13414054369 1.28105321648 0.983897310815 3.13011502554 2.17267931145 -4.09937813611 -0.261081767196 -3.83609808270 -2.45144893846 -3.05856037636 -2.60562745945 -1.71875849740 0.139368829837 -3.66913496889 -1.02178630406 0.431660478597 -2.74942043594 1.66479117624 0.187290363569 3.85617661129 -0.262042930181 -1.06432372766 -3.62876280786 -1.81545947286 -0.591258693961 -3.23727747903 -0.591170367650 -0.0749990283709 -4.69511957166 -0.649188997378 -1.56756769578 -3.51566843170 -1.21820422030 0.366407272261 3.87300258357 0.903098358560 1.11240937798 -4.46030957214 -0.336307291697 0.185987996074 -3.23597963551 1.04090341186 0.902735887385 -3.00830824666 -0.845548927095 -0.950392937314 -1.33526434366 2.79590432857 3.06790979436 6.29139814564 -4.10943960164 -0.822961197725 -6.66368674117 -3.19140153622 -1.25275030753 -5.36889959912 0.0204135925637 -0.969158592127 -5.23981452780 -1.03598790288 -0.490354793861 -0.177655400091 1.96009339121 1.69293288715 2.77324239393 -0.293924426712 1.36119066585 -1.81829753530 -0.369079915642 4.95021129050 -0.556726932338 -0.185932146455 -0.766959418435 -6.44205987900 -2.02298186144 -0.262441718965 2.21106379679 0.273707080042 0.586599310993 0.145472054728 2.42733887343 2.33356820439 -3.34232321339 0.349406230415 1.21661396034 -0.169154218662 1.97577870170 -0.113069861415 -2.69105604434 -1.01782822081 0.873499619674 3.97977915067 2.80579171258 3.36740653091 4.18955660504 -2.11709955405 2.83662725611 -1.22146292918 -1.54236613203 0.284566153443 1.77811051524 1.83210014715 3.33211687036 -4.01247648865 0.371767398249 -0.0643078232926 0.322449628780 3.18766485044 3.40641133199 3.78177813899 0.630438583726 2.71228621022 -1.61372847785 -0.318016531518 3.56480729627 -0.663017203754 -0.249754368570 -0.437219500046 -5.01011034678 1.32377891456 2.47663980278 2.18584027698 2.26638062175 1.37216786429 0.916156197930 3.99181489090 2.97019280700 -1.33618637801 0.368562241642 0.112952852217 0.0753695828009 5.00526402210 0.0186459257363 -1.73347534864 1.94653666444 2.87626840903 4.06091331596 4.63654286676 4.13055633309 4.44354272992 -1.79276554936 1.72257067464 -0.591617390031 0.00416280458959 2.90989732140 0.822939901155 3.10884378506 3.56719036325
# lnqE:
 -5.15083253237 -4.60722318137 -4.62416402272 -5.52760247742 -7.10663451648 -4.64447754663 -2.61846471758 -1.82061844195 -3.87399943273 -4.21960256643 -1.62269249706 -5.66596187040 -4.17008391848
# lnqI:
 -2.29999999976 -0.632162642652 -0.104872713490 -0.131129855659 -0.608855098995
# lnqCPUE:
 0.0708431734747 -0.190915141512 0.175596223958 -0.160212321693 0.271680918686 -0.372089835326 -1.10432582921 -0.305039091364 -0.273470599126 0.140675469197 0.0282627879613 0.391433468735 0.188228550544 1.20508638111 1.21858805289 -0.174890982612 -1.93742263549
# Fmod:
 0.179663019205 0.0412002876384 0.341126099485 -8.00523203282e-011 0.0271990477247 -0.0604852018217 -0.00334031153921 0.00936372069706 0.0639711774175 -0.0204950498027 0.0607121412435 -0.0105880148450 -0.00370147328839 -0.0253622894950 -0.0229809148017 -0.0500587147028 -0.0197221761679 -0.148266423686 -0.0972111282503 -0.0272263697897 0.00162032888403 0.000515029332276 0.177668589595 -0.0381749248869 -0.00816629294050 -0.0170502163189 -0.160273141697 -0.0493464992748 -0.103237686393 -0.120645424640 -0.0209759642332 0.0116362505095 0.0459737243584 -0.0337713208877 0.00812173662404 0.0344884371826 -0.00303622783430 0.0278481081553 0.0413693396686 -0.0283612703447
